"Date","Source","Site ID","POC","Daily Mean PM2.5 Concentration","UNITS","DAILY_AQI_VALUE","Site Name","DAILY_OBS_COUNT","PERCENT_COMPLETE","AQS_PARAMETER_CODE","AQS_PARAMETER_DESC","CBSA_CODE","CBSA_NAME","STATE_CODE","STATE","COUNTY_CODE","COUNTY","SITE_LATITUDE","SITE_LONGITUDE"
"01/01/2020","AQS","530010003","4","0.6","ug/m3 LC","3","RITZVILLE - ALDER ST","1","100.0000","88502","Acceptable PM2.5 AQI & Speciation Mass","36830","Othello, WA","53","Washington","001","Adams","47.12","-118.3819"
"01/02/2020","AQS","530010003","4","1.5","ug/m3 LC","6","RITZVILLE - ALDER ST","1","100.0000","88502","Acceptable PM2.5 AQI & Speciation Mass","36830","Othello, WA","53","Washington","001","Adams","47.12","-118.3819"
"01/03/2020","AQS","530010003","4","1.6","ug/m3 LC","7","RITZVILLE - ALDER ST","1","100.0000","88502","Acceptable PM2.5 AQI & Speciation Mass","36830","Othello, WA","53","Washington","001","Adams","47.12","-118.3819"
"01/04/2020","AQS","530010003","4","1.5","ug/m3 LC","6","RITZVILLE - ALDER ST","1","100.0000","88502","Acceptable PM2.5 AQI & Speciation Mass","36830","Othello, WA","53","Washington","001","Adams","47.12","-118.3819"
"01/05/2020","AQS","530010003","4","1.3","ug/m3 LC","5","RITZVILLE - ALDER ST","1","100.0000","88502","Acceptable PM2.5 AQI & Speciation Mass","36830","Othello, WA","53","Washington","001","Adams","47.12","-118.3819"
"01/06/2020","AQS","530010003","4","0.8","ug/m3 LC","3","RITZVILLE - ALDER ST","1","100.0000","88502","Acceptable PM2.5 AQI & Speciation Mass","36830","Othello, WA","53","Washington","001","Adams","47.12","-118.3819"
"01/07/2020","AQS","530010003","4","0.9","ug/m3 LC","4","RITZVILLE - ALDER ST","1","100.0000","88502","Acceptable PM2.5 AQI & Speciation Mass","36830","Othello, WA","53","Washington","001","Adams","47.12","-118.3819"
"01/08/2020","AQS","530010003","4","1.7","ug/m3 LC","7","RITZVILLE - ALDER ST","1","100.0000","88502","Acceptable PM2.5 AQI & Speciation Mass","36830","Othello, WA","53","Washington","001","Adams","47.12","-118.3819"
"01/09/2020","AQS","530010003","4","2.2","ug/m3 LC","9","RITZVILLE - ALDER ST","1","100.0000","88502","Acceptable PM2.5 AQI & Speciation Mass","36830","Othello, WA","53","Washington","001","Adams","47.12","-118.3819"
"01/10/2020","AQS","530010003","4","2.5","ug/m3 LC","10","RITZVILLE - ALDER ST","1","100.0000","88502","Acceptable PM2.5 AQI & Speciation Mass","36830","Othello, WA","53","Washington","001","Adams","47.12","-118.3819"
"01/11/2020","AQS","530010003","4","1.4","ug/m3 LC","6","RITZVILLE - ALDER ST","1","100.0000","88502","Acceptable PM2.5 AQI & Speciation Mass","36830","Othello, WA","53","Washington","001","Adams","47.12","-118.3819"
"01/12/2020","AQS","530010003","4","0.6","ug/m3 LC","3","RITZVILLE - ALDER ST","1","100.0000","88502","Acceptable PM2.5 AQI & Speciation Mass","36830","Othello, WA","53","Washington","001","Adams","47.12","-118.3819"
"01/13/2020","AQS","530010003","4","2.5","ug/m3 LC","10","RITZVILLE - ALDER ST","1","100.0000","88502","Acceptable PM2.5 AQI & Speciation Mass","36830","Othello, WA","53","Washington","001","Adams","47.12","-118.3819"
"01/14/2020","AQS","530010003","4","3.6","ug/m3 LC","15","RITZVILLE - ALDER ST","1","100.0000","88502","Acceptable PM2.5 AQI & Speciation Mass","36830","Othello, WA","53","Washington","001","Adams","47.12","-118.3819"
"01/15/2020","AQS","530010003","4","3.3","ug/m3 LC","14","RITZVILLE - ALDER ST","1","100.0000","88502","Acceptable PM2.5 AQI & Speciation Mass","36830","Othello, WA","53","Washington","001","Adams","47.12","-118.3819"
"01/16/2020","AQS","530010003","4","3.8","ug/m3 LC","16","RITZVILLE - ALDER ST","1","100.0000","88502","Acceptable PM2.5 AQI & Speciation Mass","36830","Othello, WA","53","Washington","001","Adams","47.12","-118.3819"
"01/17/2020","AQS","530010003","4","6.5","ug/m3 LC","27","RITZVILLE - ALDER ST","1","100.0000","88502","Acceptable PM2.5 AQI & Speciation Mass","36830","Othello, WA","53","Washington","001","Adams","47.12","-118.3819"
"01/18/2020","AQS","530010003","4","1.9","ug/m3 LC","8","RITZVILLE - ALDER ST","1","100.0000","88502","Acceptable PM2.5 AQI & Speciation Mass","36830","Othello, WA","53","Washington","001","Adams","47.12","-118.3819"
"01/19/2020","AQS","530010003","4","1.8","ug/m3 LC","8","RITZVILLE - ALDER ST","1","100.0000","88502","Acceptable PM2.5 AQI & Speciation Mass","36830","Othello, WA","53","Washington","001","Adams","47.12","-118.3819"
"01/20/2020","AQS","530010003","4","3.3","ug/m3 LC","14","RITZVILLE - ALDER ST","1","100.0000","88502","Acceptable PM2.5 AQI & Speciation Mass","36830","Othello, WA","53","Washington","001","Adams","47.12","-118.3819"
"01/21/2020","AQS","530010003","4","4","ug/m3 LC","17","RITZVILLE - ALDER ST","1","100.0000","88502","Acceptable PM2.5 AQI & Speciation Mass","36830","Othello, WA","53","Washington","001","Adams","47.12","-118.3819"
"01/22/2020","AQS","530010003","4","1.8","ug/m3 LC","8","RITZVILLE - ALDER ST","1","100.0000","88502","Acceptable PM2.5 AQI & Speciation Mass","36830","Othello, WA","53","Washington","001","Adams","47.12","-118.3819"
"01/23/2020","AQS","530010003","4","1.5","ug/m3 LC","6","RITZVILLE - ALDER ST","1","100.0000","88502","Acceptable PM2.5 AQI & Speciation Mass","36830","Othello, WA","53","Washington","001","Adams","47.12","-118.3819"
"01/24/2020","AQS","530010003","4","2.6","ug/m3 LC","11","RITZVILLE - ALDER ST","1","100.0000","88502","Acceptable PM2.5 AQI & Speciation Mass","36830","Othello, WA","53","Washington","001","Adams","47.12","-118.3819"
"01/25/2020","AQS","530010003","4","2.9","ug/m3 LC","12","RITZVILLE - ALDER ST","1","100.0000","88502","Acceptable PM2.5 AQI & Speciation Mass","36830","Othello, WA","53","Washington","001","Adams","47.12","-118.3819"
"01/26/2020","AQS","530010003","4","2.9","ug/m3 LC","12","RITZVILLE - ALDER ST","1","100.0000","88502","Acceptable PM2.5 AQI & Speciation Mass","36830","Othello, WA","53","Washington","001","Adams","47.12","-118.3819"
"01/27/2020","AQS","530010003","4","1.8","ug/m3 LC","8","RITZVILLE - ALDER ST","1","100.0000","88502","Acceptable PM2.5 AQI & Speciation Mass","36830","Othello, WA","53","Washington","001","Adams","47.12","-118.3819"
"01/28/2020","AQS","530010003","4","2.3","ug/m3 LC","10","RITZVILLE - ALDER ST","1","100.0000","88502","Acceptable PM2.5 AQI & Speciation Mass","36830","Othello, WA","53","Washington","001","Adams","47.12","-118.3819"
"01/29/2020","AQS","530010003","4","2.3","ug/m3 LC","10","RITZVILLE - ALDER ST","1","100.0000","88502","Acceptable PM2.5 AQI & Speciation Mass","36830","Othello, WA","53","Washington","001","Adams","47.12","-118.3819"
"01/30/2020","AQS","530010003","4","3.8","ug/m3 LC","16","RITZVILLE - ALDER ST","1","100.0000","88502","Acceptable PM2.5 AQI & Speciation Mass","36830","Othello, WA","53","Washington","001","Adams","47.12","-118.3819"
"01/31/2020","AQS","530010003","4","1.9","ug/m3 LC","8","RITZVILLE - ALDER ST","1","100.0000","88502","Acceptable PM2.5 AQI & Speciation Mass","36830","Othello, WA","53","Washington","001","Adams","47.12","-118.3819"
"02/01/2020","AirNow","530010003","4","0.9","ug/m3 LC","4","RITZVILLE - ALDER ST","1","100.0000","88502","Acceptable PM2.5 AQI & Speciation Mass","36830","Othello, WA","53","Washington","001","Adams","47.12","-118.3819"
"02/02/2020","AirNow","530010003","4","2.8","ug/m3 LC","12","RITZVILLE - ALDER ST","1","100.0000","88502","Acceptable PM2.5 AQI & Speciation Mass","36830","Othello, WA","53","Washington","001","Adams","47.12","-118.3819"
"02/03/2020","AirNow","530010003","4","2.9","ug/m3 LC","12","RITZVILLE - ALDER ST","1","100.0000","88502","Acceptable PM2.5 AQI & Speciation Mass","36830","Othello, WA","53","Washington","001","Adams","47.12","-118.3819"
"02/04/2020","AirNow","530010003","4","3","ug/m3 LC","13","RITZVILLE - ALDER ST","1","100.0000","88502","Acceptable PM2.5 AQI & Speciation Mass","36830","Othello, WA","53","Washington","001","Adams","47.12","-118.3819"
"02/05/2020","AirNow","530010003","4","3.8","ug/m3 LC","16","RITZVILLE - ALDER ST","1","100.0000","88502","Acceptable PM2.5 AQI & Speciation Mass","36830","Othello, WA","53","Washington","001","Adams","47.12","-118.3819"
"02/06/2020","AirNow","530010003","4","5.2","ug/m3 LC","22","RITZVILLE - ALDER ST","1","100.0000","88502","Acceptable PM2.5 AQI & Speciation Mass","36830","Othello, WA","53","Washington","001","Adams","47.12","-118.3819"
"02/07/2020","AirNow","530010003","4","2.4","ug/m3 LC","10","RITZVILLE - ALDER ST","1","100.0000","88502","Acceptable PM2.5 AQI & Speciation Mass","36830","Othello, WA","53","Washington","001","Adams","47.12","-118.3819"
"02/08/2020","AirNow","530010003","4","1.3","ug/m3 LC","5","RITZVILLE - ALDER ST","1","100.0000","88502","Acceptable PM2.5 AQI & Speciation Mass","36830","Othello, WA","53","Washington","001","Adams","47.12","-118.3819"
"02/09/2020","AirNow","530010003","4","2.2","ug/m3 LC","9","RITZVILLE - ALDER ST","1","100.0000","88502","Acceptable PM2.5 AQI & Speciation Mass","36830","Othello, WA","53","Washington","001","Adams","47.12","-118.3819"
"02/10/2020","AirNow","530010003","4","2.7","ug/m3 LC","11","RITZVILLE - ALDER ST","1","100.0000","88502","Acceptable PM2.5 AQI & Speciation Mass","36830","Othello, WA","53","Washington","001","Adams","47.12","-118.3819"
"02/11/2020","AirNow","530010003","4","2.3","ug/m3 LC","10","RITZVILLE - ALDER ST","1","100.0000","88502","Acceptable PM2.5 AQI & Speciation Mass","36830","Othello, WA","53","Washington","001","Adams","47.12","-118.3819"
"02/12/2020","AirNow","530010003","4","2","ug/m3 LC","8","RITZVILLE - ALDER ST","1","100.0000","88502","Acceptable PM2.5 AQI & Speciation Mass","36830","Othello, WA","53","Washington","001","Adams","47.12","-118.3819"
"02/13/2020","AirNow","530010003","4","2.9","ug/m3 LC","12","RITZVILLE - ALDER ST","1","100.0000","88502","Acceptable PM2.5 AQI & Speciation Mass","36830","Othello, WA","53","Washington","001","Adams","47.12","-118.3819"
"02/14/2020","AirNow","530010003","4","1.6","ug/m3 LC","7","RITZVILLE - ALDER ST","1","100.0000","88502","Acceptable PM2.5 AQI & Speciation Mass","36830","Othello, WA","53","Washington","001","Adams","47.12","-118.3819"
"02/15/2020","AirNow","530010003","4","1.6","ug/m3 LC","7","RITZVILLE - ALDER ST","1","100.0000","88502","Acceptable PM2.5 AQI & Speciation Mass","36830","Othello, WA","53","Washington","001","Adams","47.12","-118.3819"
"02/16/2020","AirNow","530010003","4","1.2","ug/m3 LC","5","RITZVILLE - ALDER ST","1","100.0000","88502","Acceptable PM2.5 AQI & Speciation Mass","36830","Othello, WA","53","Washington","001","Adams","47.12","-118.3819"
"02/17/2020","AirNow","530010003","4","1.6","ug/m3 LC","7","RITZVILLE - ALDER ST","1","100.0000","88502","Acceptable PM2.5 AQI & Speciation Mass","36830","Othello, WA","53","Washington","001","Adams","47.12","-118.3819"
"02/18/2020","AirNow","530010003","4","3.5","ug/m3 LC","15","RITZVILLE - ALDER ST","1","100.0000","88502","Acceptable PM2.5 AQI & Speciation Mass","36830","Othello, WA","53","Washington","001","Adams","47.12","-118.3819"
"02/19/2020","AirNow","530010003","4","2.9","ug/m3 LC","12","RITZVILLE - ALDER ST","1","100.0000","88502","Acceptable PM2.5 AQI & Speciation Mass","36830","Othello, WA","53","Washington","001","Adams","47.12","-118.3819"
"02/20/2020","AirNow","530010003","4","3.3","ug/m3 LC","14","RITZVILLE - ALDER ST","1","100.0000","88502","Acceptable PM2.5 AQI & Speciation Mass","36830","Othello, WA","53","Washington","001","Adams","47.12","-118.3819"
"02/21/2020","AirNow","530010003","4","4.6","ug/m3 LC","19","RITZVILLE - ALDER ST","1","100.0000","88502","Acceptable PM2.5 AQI & Speciation Mass","36830","Othello, WA","53","Washington","001","Adams","47.12","-118.3819"
"02/22/2020","AirNow","530010003","4","7.1","ug/m3 LC","30","RITZVILLE - ALDER ST","1","100.0000","88502","Acceptable PM2.5 AQI & Speciation Mass","36830","Othello, WA","53","Washington","001","Adams","47.12","-118.3819"
"02/23/2020","AirNow","530010003","4","3.1","ug/m3 LC","13","RITZVILLE - ALDER ST","1","100.0000","88502","Acceptable PM2.5 AQI & Speciation Mass","36830","Othello, WA","53","Washington","001","Adams","47.12","-118.3819"
"02/24/2020","AirNow","530010003","4","2.2","ug/m3 LC","9","RITZVILLE - ALDER ST","1","100.0000","88502","Acceptable PM2.5 AQI & Speciation Mass","36830","Othello, WA","53","Washington","001","Adams","47.12","-118.3819"
"02/25/2020","AirNow","530010003","4","3.8","ug/m3 LC","16","RITZVILLE - ALDER ST","1","100.0000","88502","Acceptable PM2.5 AQI & Speciation Mass","36830","Othello, WA","53","Washington","001","Adams","47.12","-118.3819"
"02/26/2020","AirNow","530010003","4","4.3","ug/m3 LC","18","RITZVILLE - ALDER ST","1","100.0000","88502","Acceptable PM2.5 AQI & Speciation Mass","36830","Othello, WA","53","Washington","001","Adams","47.12","-118.3819"
"02/27/2020","AirNow","530010003","4","3.8","ug/m3 LC","16","RITZVILLE - ALDER ST","1","100.0000","88502","Acceptable PM2.5 AQI & Speciation Mass","36830","Othello, WA","53","Washington","001","Adams","47.12","-118.3819"
"02/28/2020","AirNow","530010003","4","2.7","ug/m3 LC","11","RITZVILLE - ALDER ST","1","100.0000","88502","Acceptable PM2.5 AQI & Speciation Mass","36830","Othello, WA","53","Washington","001","Adams","47.12","-118.3819"
"02/29/2020","AirNow","530010003","4","1.2","ug/m3 LC","5","RITZVILLE - ALDER ST","1","100.0000","88502","Acceptable PM2.5 AQI & Speciation Mass","36830","Othello, WA","53","Washington","001","Adams","47.12","-118.3819"
"03/01/2020","AirNow","530010003","4","1.9","ug/m3 LC","8","RITZVILLE - ALDER ST","1","100.0000","88502","Acceptable PM2.5 AQI & Speciation Mass","36830","Othello, WA","53","Washington","001","Adams","47.12","-118.3819"
"03/02/2020","AirNow","530010003","4","2.2","ug/m3 LC","9","RITZVILLE - ALDER ST","1","100.0000","88502","Acceptable PM2.5 AQI & Speciation Mass","36830","Othello, WA","53","Washington","001","Adams","47.12","-118.3819"
"03/03/2020","AirNow","530010003","4","1.8","ug/m3 LC","8","RITZVILLE - ALDER ST","1","100.0000","88502","Acceptable PM2.5 AQI & Speciation Mass","36830","Othello, WA","53","Washington","001","Adams","47.12","-118.3819"
"03/04/2020","AirNow","530010003","4","1.7","ug/m3 LC","7","RITZVILLE - ALDER ST","1","100.0000","88502","Acceptable PM2.5 AQI & Speciation Mass","36830","Othello, WA","53","Washington","001","Adams","47.12","-118.3819"
"03/05/2020","AirNow","530010003","4","2.9","ug/m3 LC","12","RITZVILLE - ALDER ST","1","100.0000","88502","Acceptable PM2.5 AQI & Speciation Mass","36830","Othello, WA","53","Washington","001","Adams","47.12","-118.3819"
"03/06/2020","AirNow","530010003","4","4","ug/m3 LC","17","RITZVILLE - ALDER ST","1","100.0000","88502","Acceptable PM2.5 AQI & Speciation Mass","36830","Othello, WA","53","Washington","001","Adams","47.12","-118.3819"
"03/07/2020","AirNow","530010003","4","2.8","ug/m3 LC","12","RITZVILLE - ALDER ST","1","100.0000","88502","Acceptable PM2.5 AQI & Speciation Mass","36830","Othello, WA","53","Washington","001","Adams","47.12","-118.3819"
"03/08/2020","AirNow","530010003","4","2.1","ug/m3 LC","9","RITZVILLE - ALDER ST","1","100.0000","88502","Acceptable PM2.5 AQI & Speciation Mass","36830","Othello, WA","53","Washington","001","Adams","47.12","-118.3819"
"03/09/2020","AirNow","530010003","4","2.7","ug/m3 LC","11","RITZVILLE - ALDER ST","1","100.0000","88502","Acceptable PM2.5 AQI & Speciation Mass","36830","Othello, WA","53","Washington","001","Adams","47.12","-118.3819"
"03/10/2020","AirNow","530010003","4","3.4","ug/m3 LC","14","RITZVILLE - ALDER ST","1","100.0000","88502","Acceptable PM2.5 AQI & Speciation Mass","36830","Othello, WA","53","Washington","001","Adams","47.12","-118.3819"
"03/11/2020","AirNow","530010003","4","2","ug/m3 LC","8","RITZVILLE - ALDER ST","1","100.0000","88502","Acceptable PM2.5 AQI & Speciation Mass","36830","Othello, WA","53","Washington","001","Adams","47.12","-118.3819"
"03/12/2020","AirNow","530010003","4","3","ug/m3 LC","13","RITZVILLE - ALDER ST","1","100.0000","88502","Acceptable PM2.5 AQI & Speciation Mass","36830","Othello, WA","53","Washington","001","Adams","47.12","-118.3819"
"03/13/2020","AirNow","530010003","4","3.2","ug/m3 LC","13","RITZVILLE - ALDER ST","1","100.0000","88502","Acceptable PM2.5 AQI & Speciation Mass","36830","Othello, WA","53","Washington","001","Adams","47.12","-118.3819"
"03/14/2020","AirNow","530010003","4","2.6","ug/m3 LC","11","RITZVILLE - ALDER ST","1","100.0000","88502","Acceptable PM2.5 AQI & Speciation Mass","36830","Othello, WA","53","Washington","001","Adams","47.12","-118.3819"
"03/15/2020","AirNow","530010003","4","3.8","ug/m3 LC","16","RITZVILLE - ALDER ST","1","100.0000","88502","Acceptable PM2.5 AQI & Speciation Mass","36830","Othello, WA","53","Washington","001","Adams","47.12","-118.3819"
"03/16/2020","AirNow","530010003","4","4.2","ug/m3 LC","18","RITZVILLE - ALDER ST","1","100.0000","88502","Acceptable PM2.5 AQI & Speciation Mass","36830","Othello, WA","53","Washington","001","Adams","47.12","-118.3819"
"03/17/2020","AirNow","530010003","4","5.9","ug/m3 LC","25","RITZVILLE - ALDER ST","1","100.0000","88502","Acceptable PM2.5 AQI & Speciation Mass","36830","Othello, WA","53","Washington","001","Adams","47.12","-118.3819"
"03/18/2020","AirNow","530010003","4","6.9","ug/m3 LC","29","RITZVILLE - ALDER ST","1","100.0000","88502","Acceptable PM2.5 AQI & Speciation Mass","36830","Othello, WA","53","Washington","001","Adams","47.12","-118.3819"
"03/19/2020","AirNow","530010003","4","7.1","ug/m3 LC","30","RITZVILLE - ALDER ST","1","100.0000","88502","Acceptable PM2.5 AQI & Speciation Mass","36830","Othello, WA","53","Washington","001","Adams","47.12","-118.3819"
"03/20/2020","AirNow","530010003","4","6.6","ug/m3 LC","28","RITZVILLE - ALDER ST","1","100.0000","88502","Acceptable PM2.5 AQI & Speciation Mass","36830","Othello, WA","53","Washington","001","Adams","47.12","-118.3819"
"03/21/2020","AirNow","530010003","4","6","ug/m3 LC","25","RITZVILLE - ALDER ST","1","100.0000","88502","Acceptable PM2.5 AQI & Speciation Mass","36830","Othello, WA","53","Washington","001","Adams","47.12","-118.3819"
"03/22/2020","AirNow","530010003","4","4.1","ug/m3 LC","17","RITZVILLE - ALDER ST","1","100.0000","88502","Acceptable PM2.5 AQI & Speciation Mass","36830","Othello, WA","53","Washington","001","Adams","47.12","-118.3819"
"03/23/2020","AirNow","530010003","4","3.3","ug/m3 LC","14","RITZVILLE - ALDER ST","1","100.0000","88502","Acceptable PM2.5 AQI & Speciation Mass","36830","Othello, WA","53","Washington","001","Adams","47.12","-118.3819"
"03/24/2020","AirNow","530010003","4","2.2","ug/m3 LC","9","RITZVILLE - ALDER ST","1","100.0000","88502","Acceptable PM2.5 AQI & Speciation Mass","36830","Othello, WA","53","Washington","001","Adams","47.12","-118.3819"
"03/25/2020","AirNow","530010003","4","2.2","ug/m3 LC","9","RITZVILLE - ALDER ST","1","100.0000","88502","Acceptable PM2.5 AQI & Speciation Mass","36830","Othello, WA","53","Washington","001","Adams","47.12","-118.3819"
"03/26/2020","AirNow","530010003","4","3.9","ug/m3 LC","16","RITZVILLE - ALDER ST","1","100.0000","88502","Acceptable PM2.5 AQI & Speciation Mass","36830","Othello, WA","53","Washington","001","Adams","47.12","-118.3819"
"03/27/2020","AirNow","530010003","4","4.3","ug/m3 LC","18","RITZVILLE - ALDER ST","1","100.0000","88502","Acceptable PM2.5 AQI & Speciation Mass","36830","Othello, WA","53","Washington","001","Adams","47.12","-118.3819"
"03/28/2020","AirNow","530010003","4","1.8","ug/m3 LC","8","RITZVILLE - ALDER ST","1","100.0000","88502","Acceptable PM2.5 AQI & Speciation Mass","36830","Othello, WA","53","Washington","001","Adams","47.12","-118.3819"
"03/29/2020","AirNow","530010003","4","1.5","ug/m3 LC","6","RITZVILLE - ALDER ST","1","100.0000","88502","Acceptable PM2.5 AQI & Speciation Mass","36830","Othello, WA","53","Washington","001","Adams","47.12","-118.3819"
"03/30/2020","AirNow","530010003","4","1.5","ug/m3 LC","6","RITZVILLE - ALDER ST","1","100.0000","88502","Acceptable PM2.5 AQI & Speciation Mass","36830","Othello, WA","53","Washington","001","Adams","47.12","-118.3819"
"03/31/2020","AirNow","530010003","4","1.5","ug/m3 LC","6","RITZVILLE - ALDER ST","1","100.0000","88502","Acceptable PM2.5 AQI & Speciation Mass","36830","Othello, WA","53","Washington","001","Adams","47.12","-118.3819"
"04/01/2020","AirNow","530010003","4","2.4","ug/m3 LC","10","RITZVILLE - ALDER ST","1","100.0000","88502","Acceptable PM2.5 AQI & Speciation Mass","36830","Othello, WA","53","Washington","001","Adams","47.12","-118.3819"
"04/02/2020","AirNow","530010003","4","2.9","ug/m3 LC","12","RITZVILLE - ALDER ST","1","100.0000","88502","Acceptable PM2.5 AQI & Speciation Mass","36830","Othello, WA","53","Washington","001","Adams","47.12","-118.3819"
"04/03/2020","AirNow","530010003","4","1.8","ug/m3 LC","8","RITZVILLE - ALDER ST","1","100.0000","88502","Acceptable PM2.5 AQI & Speciation Mass","36830","Othello, WA","53","Washington","001","Adams","47.12","-118.3819"
"04/04/2020","AirNow","530010003","4","2.9","ug/m3 LC","12","RITZVILLE - ALDER ST","1","100.0000","88502","Acceptable PM2.5 AQI & Speciation Mass","36830","Othello, WA","53","Washington","001","Adams","47.12","-118.3819"
"04/05/2020","AirNow","530010003","4","3.1","ug/m3 LC","13","RITZVILLE - ALDER ST","1","100.0000","88502","Acceptable PM2.5 AQI & Speciation Mass","36830","Othello, WA","53","Washington","001","Adams","47.12","-118.3819"
"04/06/2020","AirNow","530010003","4","4.4","ug/m3 LC","18","RITZVILLE - ALDER ST","1","100.0000","88502","Acceptable PM2.5 AQI & Speciation Mass","36830","Othello, WA","53","Washington","001","Adams","47.12","-118.3819"
"04/07/2020","AirNow","530010003","4","4.9","ug/m3 LC","20","RITZVILLE - ALDER ST","1","100.0000","88502","Acceptable PM2.5 AQI & Speciation Mass","36830","Othello, WA","53","Washington","001","Adams","47.12","-118.3819"
"04/08/2020","AirNow","530010003","4","4.6","ug/m3 LC","19","RITZVILLE - ALDER ST","1","100.0000","88502","Acceptable PM2.5 AQI & Speciation Mass","36830","Othello, WA","53","Washington","001","Adams","47.12","-118.3819"
"04/09/2020","AirNow","530010003","4","4.5","ug/m3 LC","19","RITZVILLE - ALDER ST","1","100.0000","88502","Acceptable PM2.5 AQI & Speciation Mass","36830","Othello, WA","53","Washington","001","Adams","47.12","-118.3819"
"04/10/2020","AirNow","530010003","4","3.7","ug/m3 LC","15","RITZVILLE - ALDER ST","1","100.0000","88502","Acceptable PM2.5 AQI & Speciation Mass","36830","Othello, WA","53","Washington","001","Adams","47.12","-118.3819"
"04/11/2020","AirNow","530010003","4","2.7","ug/m3 LC","11","RITZVILLE - ALDER ST","1","100.0000","88502","Acceptable PM2.5 AQI & Speciation Mass","36830","Othello, WA","53","Washington","001","Adams","47.12","-118.3819"
"04/12/2020","AirNow","530010003","4","3","ug/m3 LC","13","RITZVILLE - ALDER ST","1","100.0000","88502","Acceptable PM2.5 AQI & Speciation Mass","36830","Othello, WA","53","Washington","001","Adams","47.12","-118.3819"
"04/13/2020","AirNow","530010003","4","3.4","ug/m3 LC","14","RITZVILLE - ALDER ST","1","100.0000","88502","Acceptable PM2.5 AQI & Speciation Mass","36830","Othello, WA","53","Washington","001","Adams","47.12","-118.3819"
"04/14/2020","AirNow","530010003","4","3.7","ug/m3 LC","15","RITZVILLE - ALDER ST","1","100.0000","88502","Acceptable PM2.5 AQI & Speciation Mass","36830","Othello, WA","53","Washington","001","Adams","47.12","-118.3819"
"04/15/2020","AirNow","530010003","4","1.7","ug/m3 LC","7","RITZVILLE - ALDER ST","1","100.0000","88502","Acceptable PM2.5 AQI & Speciation Mass","36830","Othello, WA","53","Washington","001","Adams","47.12","-118.3819"
"04/16/2020","AirNow","530010003","4","2.7","ug/m3 LC","11","RITZVILLE - ALDER ST","1","100.0000","88502","Acceptable PM2.5 AQI & Speciation Mass","36830","Othello, WA","53","Washington","001","Adams","47.12","-118.3819"
"04/17/2020","AirNow","530010003","4","3.4","ug/m3 LC","14","RITZVILLE - ALDER ST","1","100.0000","88502","Acceptable PM2.5 AQI & Speciation Mass","36830","Othello, WA","53","Washington","001","Adams","47.12","-118.3819"
"04/18/2020","AirNow","530010003","4","3.3","ug/m3 LC","14","RITZVILLE - ALDER ST","1","100.0000","88502","Acceptable PM2.5 AQI & Speciation Mass","36830","Othello, WA","53","Washington","001","Adams","47.12","-118.3819"
"04/19/2020","AirNow","530010003","4","2.9","ug/m3 LC","12","RITZVILLE - ALDER ST","1","100.0000","88502","Acceptable PM2.5 AQI & Speciation Mass","36830","Othello, WA","53","Washington","001","Adams","47.12","-118.3819"
"04/20/2020","AirNow","530010003","4","3.4","ug/m3 LC","14","RITZVILLE - ALDER ST","1","100.0000","88502","Acceptable PM2.5 AQI & Speciation Mass","36830","Othello, WA","53","Washington","001","Adams","47.12","-118.3819"
"04/21/2020","AirNow","530010003","4","3.2","ug/m3 LC","13","RITZVILLE - ALDER ST","1","100.0000","88502","Acceptable PM2.5 AQI & Speciation Mass","36830","Othello, WA","53","Washington","001","Adams","47.12","-118.3819"
"04/22/2020","AirNow","530010003","4","3.2","ug/m3 LC","13","RITZVILLE - ALDER ST","1","100.0000","88502","Acceptable PM2.5 AQI & Speciation Mass","36830","Othello, WA","53","Washington","001","Adams","47.12","-118.3819"
"04/23/2020","AirNow","530010003","4","2.4","ug/m3 LC","10","RITZVILLE - ALDER ST","1","100.0000","88502","Acceptable PM2.5 AQI & Speciation Mass","36830","Othello, WA","53","Washington","001","Adams","47.12","-118.3819"
"04/24/2020","AirNow","530010003","4","2.4","ug/m3 LC","10","RITZVILLE - ALDER ST","1","100.0000","88502","Acceptable PM2.5 AQI & Speciation Mass","36830","Othello, WA","53","Washington","001","Adams","47.12","-118.3819"
"04/25/2020","AirNow","530010003","4","2.7","ug/m3 LC","11","RITZVILLE - ALDER ST","1","100.0000","88502","Acceptable PM2.5 AQI & Speciation Mass","36830","Othello, WA","53","Washington","001","Adams","47.12","-118.3819"
"04/26/2020","AirNow","530010003","4","3.5","ug/m3 LC","15","RITZVILLE - ALDER ST","1","100.0000","88502","Acceptable PM2.5 AQI & Speciation Mass","36830","Othello, WA","53","Washington","001","Adams","47.12","-118.3819"
"04/27/2020","AirNow","530010003","4","2.5","ug/m3 LC","10","RITZVILLE - ALDER ST","1","100.0000","88502","Acceptable PM2.5 AQI & Speciation Mass","36830","Othello, WA","53","Washington","001","Adams","47.12","-118.3819"
"04/30/2020","AirNow","530010003","4","1.8","ug/m3 LC","8","RITZVILLE - ALDER ST","1","100.0000","88502","Acceptable PM2.5 AQI & Speciation Mass","36830","Othello, WA","53","Washington","001","Adams","47.12","-118.3819"
"05/01/2020","AirNow","530010003","4","2.8","ug/m3 LC","12","RITZVILLE - ALDER ST","1","100.0000","88502","Acceptable PM2.5 AQI & Speciation Mass","36830","Othello, WA","53","Washington","001","Adams","47.12","-118.3819"
"05/02/2020","AirNow","530010003","4","3.3","ug/m3 LC","14","RITZVILLE - ALDER ST","1","100.0000","88502","Acceptable PM2.5 AQI & Speciation Mass","36830","Othello, WA","53","Washington","001","Adams","47.12","-118.3819"
"01/01/2020","AQS","530030004","4","1.8","ug/m3 LC","8","CLARKSTON - 13TH ST","1","100.0000","88502","Acceptable PM2.5 AQI & Speciation Mass","30300","Lewiston, ID-WA","53","Washington","003","Asotin","46.425416","-117.060445"
"01/02/2020","AQS","530030004","4","1.7","ug/m3 LC","7","CLARKSTON - 13TH ST","1","100.0000","88502","Acceptable PM2.5 AQI & Speciation Mass","30300","Lewiston, ID-WA","53","Washington","003","Asotin","46.425416","-117.060445"
"01/03/2020","AQS","530030004","4","3","ug/m3 LC","13","CLARKSTON - 13TH ST","1","100.0000","88502","Acceptable PM2.5 AQI & Speciation Mass","30300","Lewiston, ID-WA","53","Washington","003","Asotin","46.425416","-117.060445"
"01/04/2020","AQS","530030004","4","4.2","ug/m3 LC","18","CLARKSTON - 13TH ST","1","100.0000","88502","Acceptable PM2.5 AQI & Speciation Mass","30300","Lewiston, ID-WA","53","Washington","003","Asotin","46.425416","-117.060445"
"01/05/2020","AQS","530030004","4","5.2","ug/m3 LC","22","CLARKSTON - 13TH ST","1","100.0000","88502","Acceptable PM2.5 AQI & Speciation Mass","30300","Lewiston, ID-WA","53","Washington","003","Asotin","46.425416","-117.060445"
"01/06/2020","AQS","530030004","4","2.2","ug/m3 LC","9","CLARKSTON - 13TH ST","1","100.0000","88502","Acceptable PM2.5 AQI & Speciation Mass","30300","Lewiston, ID-WA","53","Washington","003","Asotin","46.425416","-117.060445"
"01/07/2020","AQS","530030004","4","2.5","ug/m3 LC","10","CLARKSTON - 13TH ST","1","100.0000","88502","Acceptable PM2.5 AQI & Speciation Mass","30300","Lewiston, ID-WA","53","Washington","003","Asotin","46.425416","-117.060445"
"01/08/2020","AQS","530030004","4","2.7","ug/m3 LC","11","CLARKSTON - 13TH ST","1","100.0000","88502","Acceptable PM2.5 AQI & Speciation Mass","30300","Lewiston, ID-WA","53","Washington","003","Asotin","46.425416","-117.060445"
"01/09/2020","AQS","530030004","4","4.9","ug/m3 LC","20","CLARKSTON - 13TH ST","1","100.0000","88502","Acceptable PM2.5 AQI & Speciation Mass","30300","Lewiston, ID-WA","53","Washington","003","Asotin","46.425416","-117.060445"
"01/10/2020","AQS","530030004","4","5","ug/m3 LC","21","CLARKSTON - 13TH ST","1","100.0000","88502","Acceptable PM2.5 AQI & Speciation Mass","30300","Lewiston, ID-WA","53","Washington","003","Asotin","46.425416","-117.060445"
"01/11/2020","AQS","530030004","4","3.2","ug/m3 LC","13","CLARKSTON - 13TH ST","1","100.0000","88502","Acceptable PM2.5 AQI & Speciation Mass","30300","Lewiston, ID-WA","53","Washington","003","Asotin","46.425416","-117.060445"
"01/12/2020","AQS","530030004","4","1.4","ug/m3 LC","6","CLARKSTON - 13TH ST","1","100.0000","88502","Acceptable PM2.5 AQI & Speciation Mass","30300","Lewiston, ID-WA","53","Washington","003","Asotin","46.425416","-117.060445"
"01/13/2020","AQS","530030004","4","2.8","ug/m3 LC","12","CLARKSTON - 13TH ST","1","100.0000","88502","Acceptable PM2.5 AQI & Speciation Mass","30300","Lewiston, ID-WA","53","Washington","003","Asotin","46.425416","-117.060445"
"01/14/2020","AQS","530030004","4","5.7","ug/m3 LC","24","CLARKSTON - 13TH ST","1","100.0000","88502","Acceptable PM2.5 AQI & Speciation Mass","30300","Lewiston, ID-WA","53","Washington","003","Asotin","46.425416","-117.060445"
"01/15/2020","AQS","530030004","4","10.9","ug/m3 LC","45","CLARKSTON - 13TH ST","1","100.0000","88502","Acceptable PM2.5 AQI & Speciation Mass","30300","Lewiston, ID-WA","53","Washington","003","Asotin","46.425416","-117.060445"
"01/16/2020","AQS","530030004","4","13.5","ug/m3 LC","54","CLARKSTON - 13TH ST","1","100.0000","88502","Acceptable PM2.5 AQI & Speciation Mass","30300","Lewiston, ID-WA","53","Washington","003","Asotin","46.425416","-117.060445"
"01/17/2020","AQS","530030004","4","12.1","ug/m3 LC","51","CLARKSTON - 13TH ST","1","100.0000","88502","Acceptable PM2.5 AQI & Speciation Mass","30300","Lewiston, ID-WA","53","Washington","003","Asotin","46.425416","-117.060445"
"01/18/2020","AQS","530030004","4","9.4","ug/m3 LC","39","CLARKSTON - 13TH ST","1","100.0000","88502","Acceptable PM2.5 AQI & Speciation Mass","30300","Lewiston, ID-WA","53","Washington","003","Asotin","46.425416","-117.060445"
"01/19/2020","AQS","530030004","4","3.5","ug/m3 LC","15","CLARKSTON - 13TH ST","1","100.0000","88502","Acceptable PM2.5 AQI & Speciation Mass","30300","Lewiston, ID-WA","53","Washington","003","Asotin","46.425416","-117.060445"
"01/20/2020","AQS","530030004","4","4","ug/m3 LC","17","CLARKSTON - 13TH ST","1","100.0000","88502","Acceptable PM2.5 AQI & Speciation Mass","30300","Lewiston, ID-WA","53","Washington","003","Asotin","46.425416","-117.060445"
"01/21/2020","AQS","530030004","4","7.8","ug/m3 LC","33","CLARKSTON - 13TH ST","1","100.0000","88502","Acceptable PM2.5 AQI & Speciation Mass","30300","Lewiston, ID-WA","53","Washington","003","Asotin","46.425416","-117.060445"
"01/22/2020","AQS","530030004","4","9.5","ug/m3 LC","40","CLARKSTON - 13TH ST","1","100.0000","88502","Acceptable PM2.5 AQI & Speciation Mass","30300","Lewiston, ID-WA","53","Washington","003","Asotin","46.425416","-117.060445"
"01/23/2020","AQS","530030004","4","1.9","ug/m3 LC","8","CLARKSTON - 13TH ST","1","100.0000","88502","Acceptable PM2.5 AQI & Speciation Mass","30300","Lewiston, ID-WA","53","Washington","003","Asotin","46.425416","-117.060445"
"01/24/2020","AQS","530030004","4","5.3","ug/m3 LC","22","CLARKSTON - 13TH ST","1","100.0000","88502","Acceptable PM2.5 AQI & Speciation Mass","30300","Lewiston, ID-WA","53","Washington","003","Asotin","46.425416","-117.060445"
"01/25/2020","AQS","530030004","4","6.2","ug/m3 LC","26","CLARKSTON - 13TH ST","1","100.0000","88502","Acceptable PM2.5 AQI & Speciation Mass","30300","Lewiston, ID-WA","53","Washington","003","Asotin","46.425416","-117.060445"
"01/26/2020","AQS","530030004","4","8.1","ug/m3 LC","34","CLARKSTON - 13TH ST","1","100.0000","88502","Acceptable PM2.5 AQI & Speciation Mass","30300","Lewiston, ID-WA","53","Washington","003","Asotin","46.425416","-117.060445"
"01/27/2020","AQS","530030004","4","25.8","ug/m3 LC","80","CLARKSTON - 13TH ST","1","100.0000","88502","Acceptable PM2.5 AQI & Speciation Mass","30300","Lewiston, ID-WA","53","Washington","003","Asotin","46.425416","-117.060445"
"01/28/2020","AQS","530030004","4","3.9","ug/m3 LC","16","CLARKSTON - 13TH ST","1","100.0000","88502","Acceptable PM2.5 AQI & Speciation Mass","30300","Lewiston, ID-WA","53","Washington","003","Asotin","46.425416","-117.060445"
"01/29/2020","AQS","530030004","4","13.6","ug/m3 LC","54","CLARKSTON - 13TH ST","1","100.0000","88502","Acceptable PM2.5 AQI & Speciation Mass","30300","Lewiston, ID-WA","53","Washington","003","Asotin","46.425416","-117.060445"
"01/30/2020","AQS","530030004","4","15","ug/m3 LC","57","CLARKSTON - 13TH ST","1","100.0000","88502","Acceptable PM2.5 AQI & Speciation Mass","30300","Lewiston, ID-WA","53","Washington","003","Asotin","46.425416","-117.060445"
"01/31/2020","AQS","530030004","4","1.8","ug/m3 LC","8","CLARKSTON - 13TH ST","1","100.0000","88502","Acceptable PM2.5 AQI & Speciation Mass","30300","Lewiston, ID-WA","53","Washington","003","Asotin","46.425416","-117.060445"
"02/01/2020","AirNow","530030004","4","1.3","ug/m3 LC","5","CLARKSTON - 13TH ST","1","100.0000","88502","Acceptable PM2.5 AQI & Speciation Mass","30300","Lewiston, ID-WA","53","Washington","003","Asotin","46.425416","-117.060445"
"02/02/2020","AirNow","530030004","4","2.6","ug/m3 LC","11","CLARKSTON - 13TH ST","1","100.0000","88502","Acceptable PM2.5 AQI & Speciation Mass","30300","Lewiston, ID-WA","53","Washington","003","Asotin","46.425416","-117.060445"
"02/03/2020","AirNow","530030004","4","8.3","ug/m3 LC","35","CLARKSTON - 13TH ST","1","100.0000","88502","Acceptable PM2.5 AQI & Speciation Mass","30300","Lewiston, ID-WA","53","Washington","003","Asotin","46.425416","-117.060445"
"02/04/2020","AirNow","530030004","4","10.8","ug/m3 LC","45","CLARKSTON - 13TH ST","1","100.0000","88502","Acceptable PM2.5 AQI & Speciation Mass","30300","Lewiston, ID-WA","53","Washington","003","Asotin","46.425416","-117.060445"
"02/05/2020","AirNow","530030004","4","11.1","ug/m3 LC","46","CLARKSTON - 13TH ST","1","100.0000","88502","Acceptable PM2.5 AQI & Speciation Mass","30300","Lewiston, ID-WA","53","Washington","003","Asotin","46.425416","-117.060445"
"02/06/2020","AirNow","530030004","4","8.4","ug/m3 LC","35","CLARKSTON - 13TH ST","1","100.0000","88502","Acceptable PM2.5 AQI & Speciation Mass","30300","Lewiston, ID-WA","53","Washington","003","Asotin","46.425416","-117.060445"
"02/07/2020","AirNow","530030004","4","11.1","ug/m3 LC","46","CLARKSTON - 13TH ST","1","100.0000","88502","Acceptable PM2.5 AQI & Speciation Mass","30300","Lewiston, ID-WA","53","Washington","003","Asotin","46.425416","-117.060445"
"02/08/2020","AirNow","530030004","4","3.3","ug/m3 LC","14","CLARKSTON - 13TH ST","1","100.0000","88502","Acceptable PM2.5 AQI & Speciation Mass","30300","Lewiston, ID-WA","53","Washington","003","Asotin","46.425416","-117.060445"
"02/09/2020","AirNow","530030004","4","3.6","ug/m3 LC","15","CLARKSTON - 13TH ST","1","100.0000","88502","Acceptable PM2.5 AQI & Speciation Mass","30300","Lewiston, ID-WA","53","Washington","003","Asotin","46.425416","-117.060445"
"02/10/2020","AirNow","530030004","4","11.5","ug/m3 LC","48","CLARKSTON - 13TH ST","1","100.0000","88502","Acceptable PM2.5 AQI & Speciation Mass","30300","Lewiston, ID-WA","53","Washington","003","Asotin","46.425416","-117.060445"
"02/11/2020","AirNow","530030004","4","5.8","ug/m3 LC","24","CLARKSTON - 13TH ST","1","100.0000","88502","Acceptable PM2.5 AQI & Speciation Mass","30300","Lewiston, ID-WA","53","Washington","003","Asotin","46.425416","-117.060445"
"02/12/2020","AirNow","530030004","4","6.1","ug/m3 LC","25","CLARKSTON - 13TH ST","1","100.0000","88502","Acceptable PM2.5 AQI & Speciation Mass","30300","Lewiston, ID-WA","53","Washington","003","Asotin","46.425416","-117.060445"
"02/13/2020","AirNow","530030004","4","7.1","ug/m3 LC","30","CLARKSTON - 13TH ST","1","100.0000","88502","Acceptable PM2.5 AQI & Speciation Mass","30300","Lewiston, ID-WA","53","Washington","003","Asotin","46.425416","-117.060445"
"02/14/2020","AirNow","530030004","4","2.2","ug/m3 LC","9","CLARKSTON - 13TH ST","1","100.0000","88502","Acceptable PM2.5 AQI & Speciation Mass","30300","Lewiston, ID-WA","53","Washington","003","Asotin","46.425416","-117.060445"
"02/15/2020","AirNow","530030004","4","3.2","ug/m3 LC","13","CLARKSTON - 13TH ST","1","100.0000","88502","Acceptable PM2.5 AQI & Speciation Mass","30300","Lewiston, ID-WA","53","Washington","003","Asotin","46.425416","-117.060445"
"02/16/2020","AirNow","530030004","4","2.2","ug/m3 LC","9","CLARKSTON - 13TH ST","1","100.0000","88502","Acceptable PM2.5 AQI & Speciation Mass","30300","Lewiston, ID-WA","53","Washington","003","Asotin","46.425416","-117.060445"
"02/17/2020","AirNow","530030004","4","3.1","ug/m3 LC","13","CLARKSTON - 13TH ST","1","100.0000","88502","Acceptable PM2.5 AQI & Speciation Mass","30300","Lewiston, ID-WA","53","Washington","003","Asotin","46.425416","-117.060445"
"02/18/2020","AirNow","530030004","4","7","ug/m3 LC","29","CLARKSTON - 13TH ST","1","100.0000","88502","Acceptable PM2.5 AQI & Speciation Mass","30300","Lewiston, ID-WA","53","Washington","003","Asotin","46.425416","-117.060445"
"02/19/2020","AirNow","530030004","4","7.7","ug/m3 LC","32","CLARKSTON - 13TH ST","1","100.0000","88502","Acceptable PM2.5 AQI & Speciation Mass","30300","Lewiston, ID-WA","53","Washington","003","Asotin","46.425416","-117.060445"
"02/20/2020","AirNow","530030004","4","4.1","ug/m3 LC","17","CLARKSTON - 13TH ST","1","100.0000","88502","Acceptable PM2.5 AQI & Speciation Mass","30300","Lewiston, ID-WA","53","Washington","003","Asotin","46.425416","-117.060445"
"02/21/2020","AirNow","530030004","4","6.1","ug/m3 LC","25","CLARKSTON - 13TH ST","1","100.0000","88502","Acceptable PM2.5 AQI & Speciation Mass","30300","Lewiston, ID-WA","53","Washington","003","Asotin","46.425416","-117.060445"
"02/22/2020","AirNow","530030004","4","7.4","ug/m3 LC","31","CLARKSTON - 13TH ST","1","100.0000","88502","Acceptable PM2.5 AQI & Speciation Mass","30300","Lewiston, ID-WA","53","Washington","003","Asotin","46.425416","-117.060445"
"02/23/2020","AirNow","530030004","4","8.4","ug/m3 LC","35","CLARKSTON - 13TH ST","1","100.0000","88502","Acceptable PM2.5 AQI & Speciation Mass","30300","Lewiston, ID-WA","53","Washington","003","Asotin","46.425416","-117.060445"
"02/24/2020","AirNow","530030004","4","4.6","ug/m3 LC","19","CLARKSTON - 13TH ST","1","100.0000","88502","Acceptable PM2.5 AQI & Speciation Mass","30300","Lewiston, ID-WA","53","Washington","003","Asotin","46.425416","-117.060445"
"02/25/2020","AirNow","530030004","4","9.5","ug/m3 LC","40","CLARKSTON - 13TH ST","1","100.0000","88502","Acceptable PM2.5 AQI & Speciation Mass","30300","Lewiston, ID-WA","53","Washington","003","Asotin","46.425416","-117.060445"
"02/26/2020","AirNow","530030004","4","7.4","ug/m3 LC","31","CLARKSTON - 13TH ST","1","100.0000","88502","Acceptable PM2.5 AQI & Speciation Mass","30300","Lewiston, ID-WA","53","Washington","003","Asotin","46.425416","-117.060445"
"02/27/2020","AirNow","530030004","4","11.7","ug/m3 LC","49","CLARKSTON - 13TH ST","1","100.0000","88502","Acceptable PM2.5 AQI & Speciation Mass","30300","Lewiston, ID-WA","53","Washington","003","Asotin","46.425416","-117.060445"
"02/28/2020","AirNow","530030004","4","6","ug/m3 LC","25","CLARKSTON - 13TH ST","1","100.0000","88502","Acceptable PM2.5 AQI & Speciation Mass","30300","Lewiston, ID-WA","53","Washington","003","Asotin","46.425416","-117.060445"
"02/29/2020","AirNow","530030004","4","2.6","ug/m3 LC","11","CLARKSTON - 13TH ST","1","100.0000","88502","Acceptable PM2.5 AQI & Speciation Mass","30300","Lewiston, ID-WA","53","Washington","003","Asotin","46.425416","-117.060445"
"03/01/2020","AirNow","530030004","4","5.6","ug/m3 LC","23","CLARKSTON - 13TH ST","1","100.0000","88502","Acceptable PM2.5 AQI & Speciation Mass","30300","Lewiston, ID-WA","53","Washington","003","Asotin","46.425416","-117.060445"
"03/02/2020","AirNow","530030004","4","7.3","ug/m3 LC","30","CLARKSTON - 13TH ST","1","100.0000","88502","Acceptable PM2.5 AQI & Speciation Mass","30300","Lewiston, ID-WA","53","Washington","003","Asotin","46.425416","-117.060445"
"03/03/2020","AirNow","530030004","4","5.2","ug/m3 LC","22","CLARKSTON - 13TH ST","1","100.0000","88502","Acceptable PM2.5 AQI & Speciation Mass","30300","Lewiston, ID-WA","53","Washington","003","Asotin","46.425416","-117.060445"
"03/04/2020","AirNow","530030004","4","3.5","ug/m3 LC","15","CLARKSTON - 13TH ST","1","100.0000","88502","Acceptable PM2.5 AQI & Speciation Mass","30300","Lewiston, ID-WA","53","Washington","003","Asotin","46.425416","-117.060445"
"03/05/2020","AirNow","530030004","4","6.7","ug/m3 LC","28","CLARKSTON - 13TH ST","1","100.0000","88502","Acceptable PM2.5 AQI & Speciation Mass","30300","Lewiston, ID-WA","53","Washington","003","Asotin","46.425416","-117.060445"
"03/06/2020","AirNow","530030004","4","8.3","ug/m3 LC","35","CLARKSTON - 13TH ST","1","100.0000","88502","Acceptable PM2.5 AQI & Speciation Mass","30300","Lewiston, ID-WA","53","Washington","003","Asotin","46.425416","-117.060445"
"03/07/2020","AirNow","530030004","4","4.7","ug/m3 LC","20","CLARKSTON - 13TH ST","1","100.0000","88502","Acceptable PM2.5 AQI & Speciation Mass","30300","Lewiston, ID-WA","53","Washington","003","Asotin","46.425416","-117.060445"
"03/08/2020","AirNow","530030004","4","7.8","ug/m3 LC","33","CLARKSTON - 13TH ST","1","100.0000","88502","Acceptable PM2.5 AQI & Speciation Mass","30300","Lewiston, ID-WA","53","Washington","003","Asotin","46.425416","-117.060445"
"03/09/2020","AirNow","530030004","4","5.7","ug/m3 LC","24","CLARKSTON - 13TH ST","1","100.0000","88502","Acceptable PM2.5 AQI & Speciation Mass","30300","Lewiston, ID-WA","53","Washington","003","Asotin","46.425416","-117.060445"
"03/10/2020","AirNow","530030004","4","6.9","ug/m3 LC","29","CLARKSTON - 13TH ST","1","100.0000","88502","Acceptable PM2.5 AQI & Speciation Mass","30300","Lewiston, ID-WA","53","Washington","003","Asotin","46.425416","-117.060445"
"03/11/2020","AirNow","530030004","4","5.2","ug/m3 LC","22","CLARKSTON - 13TH ST","1","100.0000","88502","Acceptable PM2.5 AQI & Speciation Mass","30300","Lewiston, ID-WA","53","Washington","003","Asotin","46.425416","-117.060445"
"03/12/2020","AirNow","530030004","4","5","ug/m3 LC","21","CLARKSTON - 13TH ST","1","100.0000","88502","Acceptable PM2.5 AQI & Speciation Mass","30300","Lewiston, ID-WA","53","Washington","003","Asotin","46.425416","-117.060445"
"03/13/2020","AirNow","530030004","4","6.2","ug/m3 LC","26","CLARKSTON - 13TH ST","1","100.0000","88502","Acceptable PM2.5 AQI & Speciation Mass","30300","Lewiston, ID-WA","53","Washington","003","Asotin","46.425416","-117.060445"
"03/14/2020","AirNow","530030004","4","3.2","ug/m3 LC","13","CLARKSTON - 13TH ST","1","100.0000","88502","Acceptable PM2.5 AQI & Speciation Mass","30300","Lewiston, ID-WA","53","Washington","003","Asotin","46.425416","-117.060445"
"03/15/2020","AirNow","530030004","4","7.3","ug/m3 LC","30","CLARKSTON - 13TH ST","1","100.0000","88502","Acceptable PM2.5 AQI & Speciation Mass","30300","Lewiston, ID-WA","53","Washington","003","Asotin","46.425416","-117.060445"
"03/16/2020","AirNow","530030004","4","10.3","ug/m3 LC","43","CLARKSTON - 13TH ST","1","100.0000","88502","Acceptable PM2.5 AQI & Speciation Mass","30300","Lewiston, ID-WA","53","Washington","003","Asotin","46.425416","-117.060445"
"03/17/2020","AirNow","530030004","4","11.7","ug/m3 LC","49","CLARKSTON - 13TH ST","1","100.0000","88502","Acceptable PM2.5 AQI & Speciation Mass","30300","Lewiston, ID-WA","53","Washington","003","Asotin","46.425416","-117.060445"
"03/18/2020","AirNow","530030004","4","12.9","ug/m3 LC","53","CLARKSTON - 13TH ST","1","100.0000","88502","Acceptable PM2.5 AQI & Speciation Mass","30300","Lewiston, ID-WA","53","Washington","003","Asotin","46.425416","-117.060445"
"03/19/2020","AirNow","530030004","4","11.7","ug/m3 LC","49","CLARKSTON - 13TH ST","1","100.0000","88502","Acceptable PM2.5 AQI & Speciation Mass","30300","Lewiston, ID-WA","53","Washington","003","Asotin","46.425416","-117.060445"
"03/20/2020","AirNow","530030004","4","9.6","ug/m3 LC","40","CLARKSTON - 13TH ST","1","100.0000","88502","Acceptable PM2.5 AQI & Speciation Mass","30300","Lewiston, ID-WA","53","Washington","003","Asotin","46.425416","-117.060445"
"03/21/2020","AirNow","530030004","4","9.7","ug/m3 LC","40","CLARKSTON - 13TH ST","1","100.0000","88502","Acceptable PM2.5 AQI & Speciation Mass","30300","Lewiston, ID-WA","53","Washington","003","Asotin","46.425416","-117.060445"
"03/22/2020","AirNow","530030004","4","7.6","ug/m3 LC","32","CLARKSTON - 13TH ST","1","100.0000","88502","Acceptable PM2.5 AQI & Speciation Mass","30300","Lewiston, ID-WA","53","Washington","003","Asotin","46.425416","-117.060445"
"03/23/2020","AirNow","530030004","4","5.8","ug/m3 LC","24","CLARKSTON - 13TH ST","1","100.0000","88502","Acceptable PM2.5 AQI & Speciation Mass","30300","Lewiston, ID-WA","53","Washington","003","Asotin","46.425416","-117.060445"
"03/24/2020","AirNow","530030004","4","4.4","ug/m3 LC","18","CLARKSTON - 13TH ST","1","100.0000","88502","Acceptable PM2.5 AQI & Speciation Mass","30300","Lewiston, ID-WA","53","Washington","003","Asotin","46.425416","-117.060445"
"03/25/2020","AirNow","530030004","4","3.6","ug/m3 LC","15","CLARKSTON - 13TH ST","1","100.0000","88502","Acceptable PM2.5 AQI & Speciation Mass","30300","Lewiston, ID-WA","53","Washington","003","Asotin","46.425416","-117.060445"
"03/26/2020","AirNow","530030004","4","10","ug/m3 LC","42","CLARKSTON - 13TH ST","1","100.0000","88502","Acceptable PM2.5 AQI & Speciation Mass","30300","Lewiston, ID-WA","53","Washington","003","Asotin","46.425416","-117.060445"
"03/27/2020","AirNow","530030004","4","5.3","ug/m3 LC","22","CLARKSTON - 13TH ST","1","100.0000","88502","Acceptable PM2.5 AQI & Speciation Mass","30300","Lewiston, ID-WA","53","Washington","003","Asotin","46.425416","-117.060445"
"03/28/2020","AirNow","530030004","4","4","ug/m3 LC","17","CLARKSTON - 13TH ST","1","100.0000","88502","Acceptable PM2.5 AQI & Speciation Mass","30300","Lewiston, ID-WA","53","Washington","003","Asotin","46.425416","-117.060445"
"03/29/2020","AirNow","530030004","4","4","ug/m3 LC","17","CLARKSTON - 13TH ST","1","100.0000","88502","Acceptable PM2.5 AQI & Speciation Mass","30300","Lewiston, ID-WA","53","Washington","003","Asotin","46.425416","-117.060445"
"03/30/2020","AirNow","530030004","4","2.2","ug/m3 LC","9","CLARKSTON - 13TH ST","1","100.0000","88502","Acceptable PM2.5 AQI & Speciation Mass","30300","Lewiston, ID-WA","53","Washington","003","Asotin","46.425416","-117.060445"
"03/31/2020","AirNow","530030004","4","2.4","ug/m3 LC","10","CLARKSTON - 13TH ST","1","100.0000","88502","Acceptable PM2.5 AQI & Speciation Mass","30300","Lewiston, ID-WA","53","Washington","003","Asotin","46.425416","-117.060445"
"04/01/2020","AirNow","530030004","4","4.2","ug/m3 LC","18","CLARKSTON - 13TH ST","1","100.0000","88502","Acceptable PM2.5 AQI & Speciation Mass","30300","Lewiston, ID-WA","53","Washington","003","Asotin","46.425416","-117.060445"
"04/02/2020","AirNow","530030004","4","6.8","ug/m3 LC","28","CLARKSTON - 13TH ST","1","100.0000","88502","Acceptable PM2.5 AQI & Speciation Mass","30300","Lewiston, ID-WA","53","Washington","003","Asotin","46.425416","-117.060445"
"04/03/2020","AirNow","530030004","4","3.9","ug/m3 LC","16","CLARKSTON - 13TH ST","1","100.0000","88502","Acceptable PM2.5 AQI & Speciation Mass","30300","Lewiston, ID-WA","53","Washington","003","Asotin","46.425416","-117.060445"
"04/04/2020","AirNow","530030004","4","2.9","ug/m3 LC","12","CLARKSTON - 13TH ST","1","100.0000","88502","Acceptable PM2.5 AQI & Speciation Mass","30300","Lewiston, ID-WA","53","Washington","003","Asotin","46.425416","-117.060445"
"04/05/2020","AirNow","530030004","4","4.1","ug/m3 LC","17","CLARKSTON - 13TH ST","1","100.0000","88502","Acceptable PM2.5 AQI & Speciation Mass","30300","Lewiston, ID-WA","53","Washington","003","Asotin","46.425416","-117.060445"
"04/06/2020","AirNow","530030004","4","4.8","ug/m3 LC","20","CLARKSTON - 13TH ST","1","100.0000","88502","Acceptable PM2.5 AQI & Speciation Mass","30300","Lewiston, ID-WA","53","Washington","003","Asotin","46.425416","-117.060445"
"04/07/2020","AirNow","530030004","4","6.1","ug/m3 LC","25","CLARKSTON - 13TH ST","1","100.0000","88502","Acceptable PM2.5 AQI & Speciation Mass","30300","Lewiston, ID-WA","53","Washington","003","Asotin","46.425416","-117.060445"
"04/08/2020","AirNow","530030004","4","7.3","ug/m3 LC","30","CLARKSTON - 13TH ST","1","100.0000","88502","Acceptable PM2.5 AQI & Speciation Mass","30300","Lewiston, ID-WA","53","Washington","003","Asotin","46.425416","-117.060445"
"04/09/2020","AirNow","530030004","4","7.6","ug/m3 LC","32","CLARKSTON - 13TH ST","1","100.0000","88502","Acceptable PM2.5 AQI & Speciation Mass","30300","Lewiston, ID-WA","53","Washington","003","Asotin","46.425416","-117.060445"
"04/10/2020","AirNow","530030004","4","6.5","ug/m3 LC","27","CLARKSTON - 13TH ST","1","100.0000","88502","Acceptable PM2.5 AQI & Speciation Mass","30300","Lewiston, ID-WA","53","Washington","003","Asotin","46.425416","-117.060445"
"04/11/2020","AirNow","530030004","4","2.7","ug/m3 LC","11","CLARKSTON - 13TH ST","1","100.0000","88502","Acceptable PM2.5 AQI & Speciation Mass","30300","Lewiston, ID-WA","53","Washington","003","Asotin","46.425416","-117.060445"
"04/12/2020","AirNow","530030004","4","3.7","ug/m3 LC","15","CLARKSTON - 13TH ST","1","100.0000","88502","Acceptable PM2.5 AQI & Speciation Mass","30300","Lewiston, ID-WA","53","Washington","003","Asotin","46.425416","-117.060445"
"04/13/2020","AirNow","530030004","4","4.9","ug/m3 LC","20","CLARKSTON - 13TH ST","1","100.0000","88502","Acceptable PM2.5 AQI & Speciation Mass","30300","Lewiston, ID-WA","53","Washington","003","Asotin","46.425416","-117.060445"
"04/14/2020","AirNow","530030004","4","4.8","ug/m3 LC","20","CLARKSTON - 13TH ST","1","100.0000","88502","Acceptable PM2.5 AQI & Speciation Mass","30300","Lewiston, ID-WA","53","Washington","003","Asotin","46.425416","-117.060445"
"04/15/2020","AirNow","530030004","4","3.8","ug/m3 LC","16","CLARKSTON - 13TH ST","1","100.0000","88502","Acceptable PM2.5 AQI & Speciation Mass","30300","Lewiston, ID-WA","53","Washington","003","Asotin","46.425416","-117.060445"
"04/16/2020","AirNow","530030004","4","5.2","ug/m3 LC","22","CLARKSTON - 13TH ST","1","100.0000","88502","Acceptable PM2.5 AQI & Speciation Mass","30300","Lewiston, ID-WA","53","Washington","003","Asotin","46.425416","-117.060445"
"04/17/2020","AirNow","530030004","4","5.2","ug/m3 LC","22","CLARKSTON - 13TH ST","1","100.0000","88502","Acceptable PM2.5 AQI & Speciation Mass","30300","Lewiston, ID-WA","53","Washington","003","Asotin","46.425416","-117.060445"
"04/18/2020","AirNow","530030004","4","6.1","ug/m3 LC","25","CLARKSTON - 13TH ST","1","100.0000","88502","Acceptable PM2.5 AQI & Speciation Mass","30300","Lewiston, ID-WA","53","Washington","003","Asotin","46.425416","-117.060445"
"04/19/2020","AirNow","530030004","4","3.5","ug/m3 LC","15","CLARKSTON - 13TH ST","1","100.0000","88502","Acceptable PM2.5 AQI & Speciation Mass","30300","Lewiston, ID-WA","53","Washington","003","Asotin","46.425416","-117.060445"
"04/20/2020","AirNow","530030004","4","4.9","ug/m3 LC","20","CLARKSTON - 13TH ST","1","100.0000","88502","Acceptable PM2.5 AQI & Speciation Mass","30300","Lewiston, ID-WA","53","Washington","003","Asotin","46.425416","-117.060445"
"04/21/2020","AirNow","530030004","4","5.2","ug/m3 LC","22","CLARKSTON - 13TH ST","1","100.0000","88502","Acceptable PM2.5 AQI & Speciation Mass","30300","Lewiston, ID-WA","53","Washington","003","Asotin","46.425416","-117.060445"
"04/22/2020","AirNow","530030004","4","5.2","ug/m3 LC","22","CLARKSTON - 13TH ST","1","100.0000","88502","Acceptable PM2.5 AQI & Speciation Mass","30300","Lewiston, ID-WA","53","Washington","003","Asotin","46.425416","-117.060445"
"04/23/2020","AirNow","530030004","4","2.1","ug/m3 LC","9","CLARKSTON - 13TH ST","1","100.0000","88502","Acceptable PM2.5 AQI & Speciation Mass","30300","Lewiston, ID-WA","53","Washington","003","Asotin","46.425416","-117.060445"
"04/24/2020","AirNow","530030004","4","3.6","ug/m3 LC","15","CLARKSTON - 13TH ST","1","100.0000","88502","Acceptable PM2.5 AQI & Speciation Mass","30300","Lewiston, ID-WA","53","Washington","003","Asotin","46.425416","-117.060445"
"04/25/2020","AirNow","530030004","4","4.2","ug/m3 LC","18","CLARKSTON - 13TH ST","1","100.0000","88502","Acceptable PM2.5 AQI & Speciation Mass","30300","Lewiston, ID-WA","53","Washington","003","Asotin","46.425416","-117.060445"
"04/26/2020","AirNow","530030004","4","3.8","ug/m3 LC","16","CLARKSTON - 13TH ST","1","100.0000","88502","Acceptable PM2.5 AQI & Speciation Mass","30300","Lewiston, ID-WA","53","Washington","003","Asotin","46.425416","-117.060445"
"04/27/2020","AirNow","530030004","4","4.5","ug/m3 LC","19","CLARKSTON - 13TH ST","1","100.0000","88502","Acceptable PM2.5 AQI & Speciation Mass","30300","Lewiston, ID-WA","53","Washington","003","Asotin","46.425416","-117.060445"
"04/28/2020","AirNow","530030004","4","4.5","ug/m3 LC","19","CLARKSTON - 13TH ST","1","100.0000","88502","Acceptable PM2.5 AQI & Speciation Mass","30300","Lewiston, ID-WA","53","Washington","003","Asotin","46.425416","-117.060445"
"04/29/2020","AirNow","530030004","4","5.2","ug/m3 LC","22","CLARKSTON - 13TH ST","1","100.0000","88502","Acceptable PM2.5 AQI & Speciation Mass","30300","Lewiston, ID-WA","53","Washington","003","Asotin","46.425416","-117.060445"
"04/30/2020","AirNow","530030004","4","4.5","ug/m3 LC","19","CLARKSTON - 13TH ST","1","100.0000","88502","Acceptable PM2.5 AQI & Speciation Mass","30300","Lewiston, ID-WA","53","Washington","003","Asotin","46.425416","-117.060445"
"05/01/2020","AirNow","530030004","4","4.8","ug/m3 LC","20","CLARKSTON - 13TH ST","1","100.0000","88502","Acceptable PM2.5 AQI & Speciation Mass","30300","Lewiston, ID-WA","53","Washington","003","Asotin","46.425416","-117.060445"
"05/02/2020","AirNow","530030004","4","4.9","ug/m3 LC","20","CLARKSTON - 13TH ST","1","100.0000","88502","Acceptable PM2.5 AQI & Speciation Mass","30300","Lewiston, ID-WA","53","Washington","003","Asotin","46.425416","-117.060445"
"01/01/2020","AQS","530030004","8","2.7","ug/m3 LC","11","CLARKSTON - 13TH ST","1","100.0000","88502","Acceptable PM2.5 AQI & Speciation Mass","30300","Lewiston, ID-WA","53","Washington","003","Asotin","46.425416","-117.060445"
"01/02/2020","AQS","530030004","8","2.6","ug/m3 LC","11","CLARKSTON - 13TH ST","1","100.0000","88502","Acceptable PM2.5 AQI & Speciation Mass","30300","Lewiston, ID-WA","53","Washington","003","Asotin","46.425416","-117.060445"
"01/03/2020","AQS","530030004","8","4.4","ug/m3 LC","18","CLARKSTON - 13TH ST","1","100.0000","88502","Acceptable PM2.5 AQI & Speciation Mass","30300","Lewiston, ID-WA","53","Washington","003","Asotin","46.425416","-117.060445"
"01/04/2020","AQS","530030004","8","6.3","ug/m3 LC","26","CLARKSTON - 13TH ST","1","100.0000","88502","Acceptable PM2.5 AQI & Speciation Mass","30300","Lewiston, ID-WA","53","Washington","003","Asotin","46.425416","-117.060445"
"01/05/2020","AQS","530030004","8","8.1","ug/m3 LC","34","CLARKSTON - 13TH ST","1","100.0000","88502","Acceptable PM2.5 AQI & Speciation Mass","30300","Lewiston, ID-WA","53","Washington","003","Asotin","46.425416","-117.060445"
"01/06/2020","AQS","530030004","8","3.5","ug/m3 LC","15","CLARKSTON - 13TH ST","1","100.0000","88502","Acceptable PM2.5 AQI & Speciation Mass","30300","Lewiston, ID-WA","53","Washington","003","Asotin","46.425416","-117.060445"
"01/07/2020","AQS","530030004","8","2.9","ug/m3 LC","12","CLARKSTON - 13TH ST","1","100.0000","88502","Acceptable PM2.5 AQI & Speciation Mass","30300","Lewiston, ID-WA","53","Washington","003","Asotin","46.425416","-117.060445"
"01/08/2020","AQS","530030004","8","2.7","ug/m3 LC","11","CLARKSTON - 13TH ST","1","100.0000","88502","Acceptable PM2.5 AQI & Speciation Mass","30300","Lewiston, ID-WA","53","Washington","003","Asotin","46.425416","-117.060445"
"01/09/2020","AQS","530030004","8","6","ug/m3 LC","25","CLARKSTON - 13TH ST","1","100.0000","88502","Acceptable PM2.5 AQI & Speciation Mass","30300","Lewiston, ID-WA","53","Washington","003","Asotin","46.425416","-117.060445"
"01/10/2020","AQS","530030004","8","5.6","ug/m3 LC","23","CLARKSTON - 13TH ST","1","100.0000","88502","Acceptable PM2.5 AQI & Speciation Mass","30300","Lewiston, ID-WA","53","Washington","003","Asotin","46.425416","-117.060445"
"01/11/2020","AQS","530030004","8","5.8","ug/m3 LC","24","CLARKSTON - 13TH ST","1","100.0000","88502","Acceptable PM2.5 AQI & Speciation Mass","30300","Lewiston, ID-WA","53","Washington","003","Asotin","46.425416","-117.060445"
"01/12/2020","AQS","530030004","8","1.6","ug/m3 LC","7","CLARKSTON - 13TH ST","1","100.0000","88502","Acceptable PM2.5 AQI & Speciation Mass","30300","Lewiston, ID-WA","53","Washington","003","Asotin","46.425416","-117.060445"
"01/13/2020","AQS","530030004","8","3.4","ug/m3 LC","14","CLARKSTON - 13TH ST","1","100.0000","88502","Acceptable PM2.5 AQI & Speciation Mass","30300","Lewiston, ID-WA","53","Washington","003","Asotin","46.425416","-117.060445"
"01/14/2020","AQS","530030004","8","4.8","ug/m3 LC","20","CLARKSTON - 13TH ST","1","100.0000","88502","Acceptable PM2.5 AQI & Speciation Mass","30300","Lewiston, ID-WA","53","Washington","003","Asotin","46.425416","-117.060445"
"01/15/2020","AQS","530030004","8","13.6","ug/m3 LC","54","CLARKSTON - 13TH ST","1","100.0000","88502","Acceptable PM2.5 AQI & Speciation Mass","30300","Lewiston, ID-WA","53","Washington","003","Asotin","46.425416","-117.060445"
"01/18/2020","AQS","530030004","8","11.5","ug/m3 LC","48","CLARKSTON - 13TH ST","1","100.0000","88502","Acceptable PM2.5 AQI & Speciation Mass","30300","Lewiston, ID-WA","53","Washington","003","Asotin","46.425416","-117.060445"
"01/19/2020","AQS","530030004","8","3.9","ug/m3 LC","16","CLARKSTON - 13TH ST","1","100.0000","88502","Acceptable PM2.5 AQI & Speciation Mass","30300","Lewiston, ID-WA","53","Washington","003","Asotin","46.425416","-117.060445"
"01/20/2020","AQS","530030004","8","5.8","ug/m3 LC","24","CLARKSTON - 13TH ST","1","100.0000","88502","Acceptable PM2.5 AQI & Speciation Mass","30300","Lewiston, ID-WA","53","Washington","003","Asotin","46.425416","-117.060445"
"01/21/2020","AQS","530030004","8","11.3","ug/m3 LC","47","CLARKSTON - 13TH ST","1","100.0000","88502","Acceptable PM2.5 AQI & Speciation Mass","30300","Lewiston, ID-WA","53","Washington","003","Asotin","46.425416","-117.060445"
"01/22/2020","AQS","530030004","8","14.9","ug/m3 LC","57","CLARKSTON - 13TH ST","1","100.0000","88502","Acceptable PM2.5 AQI & Speciation Mass","30300","Lewiston, ID-WA","53","Washington","003","Asotin","46.425416","-117.060445"
"01/23/2020","AQS","530030004","8","2.9","ug/m3 LC","12","CLARKSTON - 13TH ST","1","100.0000","88502","Acceptable PM2.5 AQI & Speciation Mass","30300","Lewiston, ID-WA","53","Washington","003","Asotin","46.425416","-117.060445"
"01/24/2020","AQS","530030004","8","12","ug/m3 LC","50","CLARKSTON - 13TH ST","1","100.0000","88502","Acceptable PM2.5 AQI & Speciation Mass","30300","Lewiston, ID-WA","53","Washington","003","Asotin","46.425416","-117.060445"
"01/25/2020","AQS","530030004","8","10.1","ug/m3 LC","42","CLARKSTON - 13TH ST","1","100.0000","88502","Acceptable PM2.5 AQI & Speciation Mass","30300","Lewiston, ID-WA","53","Washington","003","Asotin","46.425416","-117.060445"
"01/26/2020","AQS","530030004","8","16.5","ug/m3 LC","60","CLARKSTON - 13TH ST","1","100.0000","88502","Acceptable PM2.5 AQI & Speciation Mass","30300","Lewiston, ID-WA","53","Washington","003","Asotin","46.425416","-117.060445"
"01/27/2020","AQS","530030004","8","33.9","ug/m3 LC","97","CLARKSTON - 13TH ST","1","100.0000","88502","Acceptable PM2.5 AQI & Speciation Mass","30300","Lewiston, ID-WA","53","Washington","003","Asotin","46.425416","-117.060445"
"01/28/2020","AQS","530030004","8","9.1","ug/m3 LC","38","CLARKSTON - 13TH ST","1","100.0000","88502","Acceptable PM2.5 AQI & Speciation Mass","30300","Lewiston, ID-WA","53","Washington","003","Asotin","46.425416","-117.060445"
"01/29/2020","AQS","530030004","8","14","ug/m3 LC","55","CLARKSTON - 13TH ST","1","100.0000","88502","Acceptable PM2.5 AQI & Speciation Mass","30300","Lewiston, ID-WA","53","Washington","003","Asotin","46.425416","-117.060445"
"01/30/2020","AQS","530030004","8","20","ug/m3 LC","68","CLARKSTON - 13TH ST","1","100.0000","88502","Acceptable PM2.5 AQI & Speciation Mass","30300","Lewiston, ID-WA","53","Washington","003","Asotin","46.425416","-117.060445"
"01/31/2020","AQS","530030004","8","1.9","ug/m3 LC","8","CLARKSTON - 13TH ST","1","100.0000","88502","Acceptable PM2.5 AQI & Speciation Mass","30300","Lewiston, ID-WA","53","Washington","003","Asotin","46.425416","-117.060445"
"01/01/2020","AQS","530050002","4","1.2","ug/m3 LC","5","KENNEWICK - METALINE","1","100.0000","88502","Acceptable PM2.5 AQI & Speciation Mass","28420","Kennewick-Richland, WA","53","Washington","005","Benton","46.21835","-119.204153"
"01/02/2020","AQS","530050002","4","2.5","ug/m3 LC","10","KENNEWICK - METALINE","1","100.0000","88502","Acceptable PM2.5 AQI & Speciation Mass","28420","Kennewick-Richland, WA","53","Washington","005","Benton","46.21835","-119.204153"
"01/03/2020","AQS","530050002","4","4","ug/m3 LC","17","KENNEWICK - METALINE","1","100.0000","88502","Acceptable PM2.5 AQI & Speciation Mass","28420","Kennewick-Richland, WA","53","Washington","005","Benton","46.21835","-119.204153"
"01/04/2020","AQS","530050002","4","2.1","ug/m3 LC","9","KENNEWICK - METALINE","1","100.0000","88502","Acceptable PM2.5 AQI & Speciation Mass","28420","Kennewick-Richland, WA","53","Washington","005","Benton","46.21835","-119.204153"
"01/05/2020","AQS","530050002","4","2","ug/m3 LC","8","KENNEWICK - METALINE","1","100.0000","88502","Acceptable PM2.5 AQI & Speciation Mass","28420","Kennewick-Richland, WA","53","Washington","005","Benton","46.21835","-119.204153"
"01/06/2020","AQS","530050002","4","1.3","ug/m3 LC","5","KENNEWICK - METALINE","1","100.0000","88502","Acceptable PM2.5 AQI & Speciation Mass","28420","Kennewick-Richland, WA","53","Washington","005","Benton","46.21835","-119.204153"
"01/07/2020","AQS","530050002","4","1.4","ug/m3 LC","6","KENNEWICK - METALINE","1","100.0000","88502","Acceptable PM2.5 AQI & Speciation Mass","28420","Kennewick-Richland, WA","53","Washington","005","Benton","46.21835","-119.204153"
"01/08/2020","AQS","530050002","4","1.3","ug/m3 LC","5","KENNEWICK - METALINE","1","100.0000","88502","Acceptable PM2.5 AQI & Speciation Mass","28420","Kennewick-Richland, WA","53","Washington","005","Benton","46.21835","-119.204153"
"01/09/2020","AQS","530050002","4","3.9","ug/m3 LC","16","KENNEWICK - METALINE","1","100.0000","88502","Acceptable PM2.5 AQI & Speciation Mass","28420","Kennewick-Richland, WA","53","Washington","005","Benton","46.21835","-119.204153"
"01/10/2020","AQS","530050002","4","2.9","ug/m3 LC","12","KENNEWICK - METALINE","1","100.0000","88502","Acceptable PM2.5 AQI & Speciation Mass","28420","Kennewick-Richland, WA","53","Washington","005","Benton","46.21835","-119.204153"
"01/11/2020","AQS","530050002","4","1.4","ug/m3 LC","6","KENNEWICK - METALINE","1","100.0000","88502","Acceptable PM2.5 AQI & Speciation Mass","28420","Kennewick-Richland, WA","53","Washington","005","Benton","46.21835","-119.204153"
"01/12/2020","AQS","530050002","4","1","ug/m3 LC","4","KENNEWICK - METALINE","1","100.0000","88502","Acceptable PM2.5 AQI & Speciation Mass","28420","Kennewick-Richland, WA","53","Washington","005","Benton","46.21835","-119.204153"
"01/13/2020","AQS","530050002","4","2.6","ug/m3 LC","11","KENNEWICK - METALINE","1","100.0000","88502","Acceptable PM2.5 AQI & Speciation Mass","28420","Kennewick-Richland, WA","53","Washington","005","Benton","46.21835","-119.204153"
"01/14/2020","AQS","530050002","4","5.8","ug/m3 LC","24","KENNEWICK - METALINE","1","100.0000","88502","Acceptable PM2.5 AQI & Speciation Mass","28420","Kennewick-Richland, WA","53","Washington","005","Benton","46.21835","-119.204153"
"01/15/2020","AQS","530050002","4","7.1","ug/m3 LC","30","KENNEWICK - METALINE","1","100.0000","88502","Acceptable PM2.5 AQI & Speciation Mass","28420","Kennewick-Richland, WA","53","Washington","005","Benton","46.21835","-119.204153"
"01/16/2020","AQS","530050002","4","10.2","ug/m3 LC","43","KENNEWICK - METALINE","1","100.0000","88502","Acceptable PM2.5 AQI & Speciation Mass","28420","Kennewick-Richland, WA","53","Washington","005","Benton","46.21835","-119.204153"
"01/17/2020","AQS","530050002","4","11.4","ug/m3 LC","48","KENNEWICK - METALINE","1","100.0000","88502","Acceptable PM2.5 AQI & Speciation Mass","28420","Kennewick-Richland, WA","53","Washington","005","Benton","46.21835","-119.204153"
"01/18/2020","AQS","530050002","4","9.7","ug/m3 LC","40","KENNEWICK - METALINE","1","100.0000","88502","Acceptable PM2.5 AQI & Speciation Mass","28420","Kennewick-Richland, WA","53","Washington","005","Benton","46.21835","-119.204153"
"01/19/2020","AQS","530050002","4","8.1","ug/m3 LC","34","KENNEWICK - METALINE","1","100.0000","88502","Acceptable PM2.5 AQI & Speciation Mass","28420","Kennewick-Richland, WA","53","Washington","005","Benton","46.21835","-119.204153"
"01/20/2020","AQS","530050002","4","12.9","ug/m3 LC","53","KENNEWICK - METALINE","1","100.0000","88502","Acceptable PM2.5 AQI & Speciation Mass","28420","Kennewick-Richland, WA","53","Washington","005","Benton","46.21835","-119.204153"
"01/21/2020","AQS","530050002","4","9.6","ug/m3 LC","40","KENNEWICK - METALINE","1","100.0000","88502","Acceptable PM2.5 AQI & Speciation Mass","28420","Kennewick-Richland, WA","53","Washington","005","Benton","46.21835","-119.204153"
"01/22/2020","AQS","530050002","4","2.9","ug/m3 LC","12","KENNEWICK - METALINE","1","100.0000","88502","Acceptable PM2.5 AQI & Speciation Mass","28420","Kennewick-Richland, WA","53","Washington","005","Benton","46.21835","-119.204153"
"01/23/2020","AQS","530050002","4","11.7","ug/m3 LC","49","KENNEWICK - METALINE","1","100.0000","88502","Acceptable PM2.5 AQI & Speciation Mass","28420","Kennewick-Richland, WA","53","Washington","005","Benton","46.21835","-119.204153"
"01/24/2020","AQS","530050002","4","4.3","ug/m3 LC","18","KENNEWICK - METALINE","1","100.0000","88502","Acceptable PM2.5 AQI & Speciation Mass","28420","Kennewick-Richland, WA","53","Washington","005","Benton","46.21835","-119.204153"
"01/25/2020","AQS","530050002","4","4.7","ug/m3 LC","20","KENNEWICK - METALINE","1","100.0000","88502","Acceptable PM2.5 AQI & Speciation Mass","28420","Kennewick-Richland, WA","53","Washington","005","Benton","46.21835","-119.204153"
"01/26/2020","AQS","530050002","4","3.8","ug/m3 LC","16","KENNEWICK - METALINE","1","100.0000","88502","Acceptable PM2.5 AQI & Speciation Mass","28420","Kennewick-Richland, WA","53","Washington","005","Benton","46.21835","-119.204153"
"01/27/2020","AQS","530050002","4","2.9","ug/m3 LC","12","KENNEWICK - METALINE","1","100.0000","88502","Acceptable PM2.5 AQI & Speciation Mass","28420","Kennewick-Richland, WA","53","Washington","005","Benton","46.21835","-119.204153"
"01/28/2020","AQS","530050002","4","5.4","ug/m3 LC","23","KENNEWICK - METALINE","1","100.0000","88502","Acceptable PM2.5 AQI & Speciation Mass","28420","Kennewick-Richland, WA","53","Washington","005","Benton","46.21835","-119.204153"
"01/29/2020","AQS","530050002","4","3.4","ug/m3 LC","14","KENNEWICK - METALINE","1","100.0000","88502","Acceptable PM2.5 AQI & Speciation Mass","28420","Kennewick-Richland, WA","53","Washington","005","Benton","46.21835","-119.204153"
"01/30/2020","AQS","530050002","4","7.6","ug/m3 LC","32","KENNEWICK - METALINE","1","100.0000","88502","Acceptable PM2.5 AQI & Speciation Mass","28420","Kennewick-Richland, WA","53","Washington","005","Benton","46.21835","-119.204153"
"01/31/2020","AQS","530050002","4","2.7","ug/m3 LC","11","KENNEWICK - METALINE","1","100.0000","88502","Acceptable PM2.5 AQI & Speciation Mass","28420","Kennewick-Richland, WA","53","Washington","005","Benton","46.21835","-119.204153"
"02/01/2020","AirNow","530050002","4","1.7","ug/m3 LC","7","KENNEWICK - METALINE","1","100.0000","88502","Acceptable PM2.5 AQI & Speciation Mass","28420","Kennewick-Richland, WA","53","Washington","005","Benton","46.21835","-119.204153"
"02/02/2020","AirNow","530050002","4","2.6","ug/m3 LC","11","KENNEWICK - METALINE","1","100.0000","88502","Acceptable PM2.5 AQI & Speciation Mass","28420","Kennewick-Richland, WA","53","Washington","005","Benton","46.21835","-119.204153"
"02/03/2020","AirNow","530050002","4","3.7","ug/m3 LC","15","KENNEWICK - METALINE","1","100.0000","88502","Acceptable PM2.5 AQI & Speciation Mass","28420","Kennewick-Richland, WA","53","Washington","005","Benton","46.21835","-119.204153"
"02/04/2020","AirNow","530050002","4","3.3","ug/m3 LC","14","KENNEWICK - METALINE","1","100.0000","88502","Acceptable PM2.5 AQI & Speciation Mass","28420","Kennewick-Richland, WA","53","Washington","005","Benton","46.21835","-119.204153"
"02/05/2020","AirNow","530050002","4","3.1","ug/m3 LC","13","KENNEWICK - METALINE","1","100.0000","88502","Acceptable PM2.5 AQI & Speciation Mass","28420","Kennewick-Richland, WA","53","Washington","005","Benton","46.21835","-119.204153"
"02/06/2020","AirNow","530050002","4","3","ug/m3 LC","13","KENNEWICK - METALINE","1","100.0000","88502","Acceptable PM2.5 AQI & Speciation Mass","28420","Kennewick-Richland, WA","53","Washington","005","Benton","46.21835","-119.204153"
"02/07/2020","AirNow","530050002","4","4.3","ug/m3 LC","18","KENNEWICK - METALINE","1","100.0000","88502","Acceptable PM2.5 AQI & Speciation Mass","28420","Kennewick-Richland, WA","53","Washington","005","Benton","46.21835","-119.204153"
"02/08/2020","AirNow","530050002","4","1.7","ug/m3 LC","7","KENNEWICK - METALINE","1","100.0000","88502","Acceptable PM2.5 AQI & Speciation Mass","28420","Kennewick-Richland, WA","53","Washington","005","Benton","46.21835","-119.204153"
"02/09/2020","AirNow","530050002","4","2.4","ug/m3 LC","10","KENNEWICK - METALINE","1","100.0000","88502","Acceptable PM2.5 AQI & Speciation Mass","28420","Kennewick-Richland, WA","53","Washington","005","Benton","46.21835","-119.204153"
"02/10/2020","AirNow","530050002","4","4.6","ug/m3 LC","19","KENNEWICK - METALINE","1","100.0000","88502","Acceptable PM2.5 AQI & Speciation Mass","28420","Kennewick-Richland, WA","53","Washington","005","Benton","46.21835","-119.204153"
"02/11/2020","AirNow","530050002","4","3.3","ug/m3 LC","14","KENNEWICK - METALINE","1","100.0000","88502","Acceptable PM2.5 AQI & Speciation Mass","28420","Kennewick-Richland, WA","53","Washington","005","Benton","46.21835","-119.204153"
"02/12/2020","AirNow","530050002","4","3.6","ug/m3 LC","15","KENNEWICK - METALINE","1","100.0000","88502","Acceptable PM2.5 AQI & Speciation Mass","28420","Kennewick-Richland, WA","53","Washington","005","Benton","46.21835","-119.204153"
"02/13/2020","AirNow","530050002","4","4.5","ug/m3 LC","19","KENNEWICK - METALINE","1","100.0000","88502","Acceptable PM2.5 AQI & Speciation Mass","28420","Kennewick-Richland, WA","53","Washington","005","Benton","46.21835","-119.204153"
"02/14/2020","AirNow","530050002","4","1.5","ug/m3 LC","6","KENNEWICK - METALINE","1","100.0000","88502","Acceptable PM2.5 AQI & Speciation Mass","28420","Kennewick-Richland, WA","53","Washington","005","Benton","46.21835","-119.204153"
"02/15/2020","AirNow","530050002","4","1.6","ug/m3 LC","7","KENNEWICK - METALINE","1","100.0000","88502","Acceptable PM2.5 AQI & Speciation Mass","28420","Kennewick-Richland, WA","53","Washington","005","Benton","46.21835","-119.204153"
"02/16/2020","AirNow","530050002","4","1.6","ug/m3 LC","7","KENNEWICK - METALINE","1","100.0000","88502","Acceptable PM2.5 AQI & Speciation Mass","28420","Kennewick-Richland, WA","53","Washington","005","Benton","46.21835","-119.204153"
"02/17/2020","AirNow","530050002","4","2.4","ug/m3 LC","10","KENNEWICK - METALINE","1","100.0000","88502","Acceptable PM2.5 AQI & Speciation Mass","28420","Kennewick-Richland, WA","53","Washington","005","Benton","46.21835","-119.204153"
"02/18/2020","AirNow","530050002","4","4.7","ug/m3 LC","20","KENNEWICK - METALINE","1","100.0000","88502","Acceptable PM2.5 AQI & Speciation Mass","28420","Kennewick-Richland, WA","53","Washington","005","Benton","46.21835","-119.204153"
"02/19/2020","AirNow","530050002","4","4.6","ug/m3 LC","19","KENNEWICK - METALINE","1","100.0000","88502","Acceptable PM2.5 AQI & Speciation Mass","28420","Kennewick-Richland, WA","53","Washington","005","Benton","46.21835","-119.204153"
"02/20/2020","AirNow","530050002","4","5.1","ug/m3 LC","21","KENNEWICK - METALINE","1","100.0000","88502","Acceptable PM2.5 AQI & Speciation Mass","28420","Kennewick-Richland, WA","53","Washington","005","Benton","46.21835","-119.204153"
"02/21/2020","AirNow","530050002","4","9.4","ug/m3 LC","39","KENNEWICK - METALINE","1","100.0000","88502","Acceptable PM2.5 AQI & Speciation Mass","28420","Kennewick-Richland, WA","53","Washington","005","Benton","46.21835","-119.204153"
"02/22/2020","AirNow","530050002","4","8.5","ug/m3 LC","35","KENNEWICK - METALINE","1","100.0000","88502","Acceptable PM2.5 AQI & Speciation Mass","28420","Kennewick-Richland, WA","53","Washington","005","Benton","46.21835","-119.204153"
"02/23/2020","AirNow","530050002","4","4.2","ug/m3 LC","18","KENNEWICK - METALINE","1","100.0000","88502","Acceptable PM2.5 AQI & Speciation Mass","28420","Kennewick-Richland, WA","53","Washington","005","Benton","46.21835","-119.204153"
"02/24/2020","AirNow","530050002","4","3.7","ug/m3 LC","15","KENNEWICK - METALINE","1","100.0000","88502","Acceptable PM2.5 AQI & Speciation Mass","28420","Kennewick-Richland, WA","53","Washington","005","Benton","46.21835","-119.204153"
"02/25/2020","AirNow","530050002","4","5.8","ug/m3 LC","24","KENNEWICK - METALINE","1","100.0000","88502","Acceptable PM2.5 AQI & Speciation Mass","28420","Kennewick-Richland, WA","53","Washington","005","Benton","46.21835","-119.204153"
"02/26/2020","AirNow","530050002","4","5","ug/m3 LC","21","KENNEWICK - METALINE","1","100.0000","88502","Acceptable PM2.5 AQI & Speciation Mass","28420","Kennewick-Richland, WA","53","Washington","005","Benton","46.21835","-119.204153"
"02/27/2020","AirNow","530050002","4","5.7","ug/m3 LC","24","KENNEWICK - METALINE","1","100.0000","88502","Acceptable PM2.5 AQI & Speciation Mass","28420","Kennewick-Richland, WA","53","Washington","005","Benton","46.21835","-119.204153"
"02/28/2020","AirNow","530050002","4","5.5","ug/m3 LC","23","KENNEWICK - METALINE","1","100.0000","88502","Acceptable PM2.5 AQI & Speciation Mass","28420","Kennewick-Richland, WA","53","Washington","005","Benton","46.21835","-119.204153"
"02/29/2020","AirNow","530050002","4","2","ug/m3 LC","8","KENNEWICK - METALINE","1","100.0000","88502","Acceptable PM2.5 AQI & Speciation Mass","28420","Kennewick-Richland, WA","53","Washington","005","Benton","46.21835","-119.204153"
"03/01/2020","AirNow","530050002","4","2.6","ug/m3 LC","11","KENNEWICK - METALINE","1","100.0000","88502","Acceptable PM2.5 AQI & Speciation Mass","28420","Kennewick-Richland, WA","53","Washington","005","Benton","46.21835","-119.204153"
"03/02/2020","AirNow","530050002","4","3","ug/m3 LC","13","KENNEWICK - METALINE","1","100.0000","88502","Acceptable PM2.5 AQI & Speciation Mass","28420","Kennewick-Richland, WA","53","Washington","005","Benton","46.21835","-119.204153"
"03/03/2020","AirNow","530050002","4","2.4","ug/m3 LC","10","KENNEWICK - METALINE","1","100.0000","88502","Acceptable PM2.5 AQI & Speciation Mass","28420","Kennewick-Richland, WA","53","Washington","005","Benton","46.21835","-119.204153"
"03/04/2020","AirNow","530050002","4","3.1","ug/m3 LC","13","KENNEWICK - METALINE","1","100.0000","88502","Acceptable PM2.5 AQI & Speciation Mass","28420","Kennewick-Richland, WA","53","Washington","005","Benton","46.21835","-119.204153"
"03/05/2020","AirNow","530050002","4","6.1","ug/m3 LC","25","KENNEWICK - METALINE","1","100.0000","88502","Acceptable PM2.5 AQI & Speciation Mass","28420","Kennewick-Richland, WA","53","Washington","005","Benton","46.21835","-119.204153"
"03/06/2020","AirNow","530050002","4","3.9","ug/m3 LC","16","KENNEWICK - METALINE","1","100.0000","88502","Acceptable PM2.5 AQI & Speciation Mass","28420","Kennewick-Richland, WA","53","Washington","005","Benton","46.21835","-119.204153"
"03/07/2020","AirNow","530050002","4","1.9","ug/m3 LC","8","KENNEWICK - METALINE","1","100.0000","88502","Acceptable PM2.5 AQI & Speciation Mass","28420","Kennewick-Richland, WA","53","Washington","005","Benton","46.21835","-119.204153"
"03/08/2020","AirNow","530050002","4","2.2","ug/m3 LC","9","KENNEWICK - METALINE","1","100.0000","88502","Acceptable PM2.5 AQI & Speciation Mass","28420","Kennewick-Richland, WA","53","Washington","005","Benton","46.21835","-119.204153"
"03/09/2020","AirNow","530050002","4","5.6","ug/m3 LC","23","KENNEWICK - METALINE","1","100.0000","88502","Acceptable PM2.5 AQI & Speciation Mass","28420","Kennewick-Richland, WA","53","Washington","005","Benton","46.21835","-119.204153"
"03/10/2020","AirNow","530050002","4","4.7","ug/m3 LC","20","KENNEWICK - METALINE","1","100.0000","88502","Acceptable PM2.5 AQI & Speciation Mass","28420","Kennewick-Richland, WA","53","Washington","005","Benton","46.21835","-119.204153"
"03/11/2020","AirNow","530050002","4","2.9","ug/m3 LC","12","KENNEWICK - METALINE","1","100.0000","88502","Acceptable PM2.5 AQI & Speciation Mass","28420","Kennewick-Richland, WA","53","Washington","005","Benton","46.21835","-119.204153"
"03/12/2020","AirNow","530050002","4","4","ug/m3 LC","17","KENNEWICK - METALINE","1","100.0000","88502","Acceptable PM2.5 AQI & Speciation Mass","28420","Kennewick-Richland, WA","53","Washington","005","Benton","46.21835","-119.204153"
"03/13/2020","AirNow","530050002","4","4.9","ug/m3 LC","20","KENNEWICK - METALINE","1","100.0000","88502","Acceptable PM2.5 AQI & Speciation Mass","28420","Kennewick-Richland, WA","53","Washington","005","Benton","46.21835","-119.204153"
"03/14/2020","AirNow","530050002","4","4","ug/m3 LC","17","KENNEWICK - METALINE","1","100.0000","88502","Acceptable PM2.5 AQI & Speciation Mass","28420","Kennewick-Richland, WA","53","Washington","005","Benton","46.21835","-119.204153"
"03/15/2020","AirNow","530050002","4","4.2","ug/m3 LC","18","KENNEWICK - METALINE","1","100.0000","88502","Acceptable PM2.5 AQI & Speciation Mass","28420","Kennewick-Richland, WA","53","Washington","005","Benton","46.21835","-119.204153"
"03/16/2020","AirNow","530050002","4","7","ug/m3 LC","29","KENNEWICK - METALINE","1","100.0000","88502","Acceptable PM2.5 AQI & Speciation Mass","28420","Kennewick-Richland, WA","53","Washington","005","Benton","46.21835","-119.204153"
"03/17/2020","AirNow","530050002","4","10.2","ug/m3 LC","43","KENNEWICK - METALINE","1","100.0000","88502","Acceptable PM2.5 AQI & Speciation Mass","28420","Kennewick-Richland, WA","53","Washington","005","Benton","46.21835","-119.204153"
"03/18/2020","AirNow","530050002","4","10.2","ug/m3 LC","43","KENNEWICK - METALINE","1","100.0000","88502","Acceptable PM2.5 AQI & Speciation Mass","28420","Kennewick-Richland, WA","53","Washington","005","Benton","46.21835","-119.204153"
"03/19/2020","AirNow","530050002","4","10.7","ug/m3 LC","45","KENNEWICK - METALINE","1","100.0000","88502","Acceptable PM2.5 AQI & Speciation Mass","28420","Kennewick-Richland, WA","53","Washington","005","Benton","46.21835","-119.204153"
"03/20/2020","AirNow","530050002","4","10.5","ug/m3 LC","44","KENNEWICK - METALINE","1","100.0000","88502","Acceptable PM2.5 AQI & Speciation Mass","28420","Kennewick-Richland, WA","53","Washington","005","Benton","46.21835","-119.204153"
"03/21/2020","AirNow","530050002","4","7","ug/m3 LC","29","KENNEWICK - METALINE","1","100.0000","88502","Acceptable PM2.5 AQI & Speciation Mass","28420","Kennewick-Richland, WA","53","Washington","005","Benton","46.21835","-119.204153"
"03/22/2020","AirNow","530050002","4","8","ug/m3 LC","33","KENNEWICK - METALINE","1","100.0000","88502","Acceptable PM2.5 AQI & Speciation Mass","28420","Kennewick-Richland, WA","53","Washington","005","Benton","46.21835","-119.204153"
"03/23/2020","AirNow","530050002","4","3.1","ug/m3 LC","13","KENNEWICK - METALINE","1","100.0000","88502","Acceptable PM2.5 AQI & Speciation Mass","28420","Kennewick-Richland, WA","53","Washington","005","Benton","46.21835","-119.204153"
"03/24/2020","AirNow","530050002","4","1.7","ug/m3 LC","7","KENNEWICK - METALINE","1","100.0000","88502","Acceptable PM2.5 AQI & Speciation Mass","28420","Kennewick-Richland, WA","53","Washington","005","Benton","46.21835","-119.204153"
"03/25/2020","AirNow","530050002","4","1.8","ug/m3 LC","8","KENNEWICK - METALINE","1","100.0000","88502","Acceptable PM2.5 AQI & Speciation Mass","28420","Kennewick-Richland, WA","53","Washington","005","Benton","46.21835","-119.204153"
"03/26/2020","AirNow","530050002","4","3.1","ug/m3 LC","13","KENNEWICK - METALINE","1","100.0000","88502","Acceptable PM2.5 AQI & Speciation Mass","28420","Kennewick-Richland, WA","53","Washington","005","Benton","46.21835","-119.204153"
"03/27/2020","AirNow","530050002","4","3.8","ug/m3 LC","16","KENNEWICK - METALINE","1","100.0000","88502","Acceptable PM2.5 AQI & Speciation Mass","28420","Kennewick-Richland, WA","53","Washington","005","Benton","46.21835","-119.204153"
"03/28/2020","AirNow","530050002","4","1.9","ug/m3 LC","8","KENNEWICK - METALINE","1","100.0000","88502","Acceptable PM2.5 AQI & Speciation Mass","28420","Kennewick-Richland, WA","53","Washington","005","Benton","46.21835","-119.204153"
"03/29/2020","AirNow","530050002","4","1.8","ug/m3 LC","8","KENNEWICK - METALINE","1","100.0000","88502","Acceptable PM2.5 AQI & Speciation Mass","28420","Kennewick-Richland, WA","53","Washington","005","Benton","46.21835","-119.204153"
"03/30/2020","AirNow","530050002","4","1.8","ug/m3 LC","8","KENNEWICK - METALINE","1","100.0000","88502","Acceptable PM2.5 AQI & Speciation Mass","28420","Kennewick-Richland, WA","53","Washington","005","Benton","46.21835","-119.204153"
"03/31/2020","AirNow","530050002","4","1.5","ug/m3 LC","6","KENNEWICK - METALINE","1","100.0000","88502","Acceptable PM2.5 AQI & Speciation Mass","28420","Kennewick-Richland, WA","53","Washington","005","Benton","46.21835","-119.204153"
"04/01/2020","AirNow","530050002","4","2.1","ug/m3 LC","9","KENNEWICK - METALINE","1","100.0000","88502","Acceptable PM2.5 AQI & Speciation Mass","28420","Kennewick-Richland, WA","53","Washington","005","Benton","46.21835","-119.204153"
"04/02/2020","AirNow","530050002","4","2.9","ug/m3 LC","12","KENNEWICK - METALINE","1","100.0000","88502","Acceptable PM2.5 AQI & Speciation Mass","28420","Kennewick-Richland, WA","53","Washington","005","Benton","46.21835","-119.204153"
"04/03/2020","AirNow","530050002","4","2.3","ug/m3 LC","10","KENNEWICK - METALINE","1","100.0000","88502","Acceptable PM2.5 AQI & Speciation Mass","28420","Kennewick-Richland, WA","53","Washington","005","Benton","46.21835","-119.204153"
"04/04/2020","AirNow","530050002","4","2.7","ug/m3 LC","11","KENNEWICK - METALINE","1","100.0000","88502","Acceptable PM2.5 AQI & Speciation Mass","28420","Kennewick-Richland, WA","53","Washington","005","Benton","46.21835","-119.204153"
"04/05/2020","AirNow","530050002","4","3.2","ug/m3 LC","13","KENNEWICK - METALINE","1","100.0000","88502","Acceptable PM2.5 AQI & Speciation Mass","28420","Kennewick-Richland, WA","53","Washington","005","Benton","46.21835","-119.204153"
"04/06/2020","AirNow","530050002","4","4.5","ug/m3 LC","19","KENNEWICK - METALINE","1","100.0000","88502","Acceptable PM2.5 AQI & Speciation Mass","28420","Kennewick-Richland, WA","53","Washington","005","Benton","46.21835","-119.204153"
"04/07/2020","AirNow","530050002","4","4.8","ug/m3 LC","20","KENNEWICK - METALINE","1","100.0000","88502","Acceptable PM2.5 AQI & Speciation Mass","28420","Kennewick-Richland, WA","53","Washington","005","Benton","46.21835","-119.204153"
"04/08/2020","AirNow","530050002","4","6.9","ug/m3 LC","29","KENNEWICK - METALINE","1","100.0000","88502","Acceptable PM2.5 AQI & Speciation Mass","28420","Kennewick-Richland, WA","53","Washington","005","Benton","46.21835","-119.204153"
"04/09/2020","AirNow","530050002","4","6.8","ug/m3 LC","28","KENNEWICK - METALINE","1","100.0000","88502","Acceptable PM2.5 AQI & Speciation Mass","28420","Kennewick-Richland, WA","53","Washington","005","Benton","46.21835","-119.204153"
"04/10/2020","AirNow","530050002","4","6.4","ug/m3 LC","27","KENNEWICK - METALINE","1","100.0000","88502","Acceptable PM2.5 AQI & Speciation Mass","28420","Kennewick-Richland, WA","53","Washington","005","Benton","46.21835","-119.204153"
"04/11/2020","AirNow","530050002","4","4.1","ug/m3 LC","17","KENNEWICK - METALINE","1","100.0000","88502","Acceptable PM2.5 AQI & Speciation Mass","28420","Kennewick-Richland, WA","53","Washington","005","Benton","46.21835","-119.204153"
"04/12/2020","AirNow","530050002","4","3.7","ug/m3 LC","15","KENNEWICK - METALINE","1","100.0000","88502","Acceptable PM2.5 AQI & Speciation Mass","28420","Kennewick-Richland, WA","53","Washington","005","Benton","46.21835","-119.204153"
"04/13/2020","AirNow","530050002","4","4.4","ug/m3 LC","18","KENNEWICK - METALINE","1","100.0000","88502","Acceptable PM2.5 AQI & Speciation Mass","28420","Kennewick-Richland, WA","53","Washington","005","Benton","46.21835","-119.204153"
"04/14/2020","AirNow","530050002","4","4","ug/m3 LC","17","KENNEWICK - METALINE","1","100.0000","88502","Acceptable PM2.5 AQI & Speciation Mass","28420","Kennewick-Richland, WA","53","Washington","005","Benton","46.21835","-119.204153"
"04/16/2020","AirNow","530050002","4","3.2","ug/m3 LC","13","KENNEWICK - METALINE","1","100.0000","88502","Acceptable PM2.5 AQI & Speciation Mass","28420","Kennewick-Richland, WA","53","Washington","005","Benton","46.21835","-119.204153"
"04/17/2020","AirNow","530050002","4","4.4","ug/m3 LC","18","KENNEWICK - METALINE","1","100.0000","88502","Acceptable PM2.5 AQI & Speciation Mass","28420","Kennewick-Richland, WA","53","Washington","005","Benton","46.21835","-119.204153"
"04/18/2020","AirNow","530050002","4","4.6","ug/m3 LC","19","KENNEWICK - METALINE","1","100.0000","88502","Acceptable PM2.5 AQI & Speciation Mass","28420","Kennewick-Richland, WA","53","Washington","005","Benton","46.21835","-119.204153"
"04/19/2020","AirNow","530050002","4","3.1","ug/m3 LC","13","KENNEWICK - METALINE","1","100.0000","88502","Acceptable PM2.5 AQI & Speciation Mass","28420","Kennewick-Richland, WA","53","Washington","005","Benton","46.21835","-119.204153"
"04/20/2020","AirNow","530050002","4","3.9","ug/m3 LC","16","KENNEWICK - METALINE","1","100.0000","88502","Acceptable PM2.5 AQI & Speciation Mass","28420","Kennewick-Richland, WA","53","Washington","005","Benton","46.21835","-119.204153"
"04/21/2020","AirNow","530050002","4","3.7","ug/m3 LC","15","KENNEWICK - METALINE","1","100.0000","88502","Acceptable PM2.5 AQI & Speciation Mass","28420","Kennewick-Richland, WA","53","Washington","005","Benton","46.21835","-119.204153"
"04/22/2020","AirNow","530050002","4","3.1","ug/m3 LC","13","KENNEWICK - METALINE","1","100.0000","88502","Acceptable PM2.5 AQI & Speciation Mass","28420","Kennewick-Richland, WA","53","Washington","005","Benton","46.21835","-119.204153"
"04/23/2020","AirNow","530050002","4","1.9","ug/m3 LC","8","KENNEWICK - METALINE","1","100.0000","88502","Acceptable PM2.5 AQI & Speciation Mass","28420","Kennewick-Richland, WA","53","Washington","005","Benton","46.21835","-119.204153"
"04/24/2020","AirNow","530050002","4","2.9","ug/m3 LC","12","KENNEWICK - METALINE","1","100.0000","88502","Acceptable PM2.5 AQI & Speciation Mass","28420","Kennewick-Richland, WA","53","Washington","005","Benton","46.21835","-119.204153"
"04/25/2020","AirNow","530050002","4","3.2","ug/m3 LC","13","KENNEWICK - METALINE","1","100.0000","88502","Acceptable PM2.5 AQI & Speciation Mass","28420","Kennewick-Richland, WA","53","Washington","005","Benton","46.21835","-119.204153"
"04/26/2020","AirNow","530050002","4","3.2","ug/m3 LC","13","KENNEWICK - METALINE","1","100.0000","88502","Acceptable PM2.5 AQI & Speciation Mass","28420","Kennewick-Richland, WA","53","Washington","005","Benton","46.21835","-119.204153"
"04/27/2020","AirNow","530050002","4","3.2","ug/m3 LC","13","KENNEWICK - METALINE","1","100.0000","88502","Acceptable PM2.5 AQI & Speciation Mass","28420","Kennewick-Richland, WA","53","Washington","005","Benton","46.21835","-119.204153"
"04/28/2020","AirNow","530050002","4","4.1","ug/m3 LC","17","KENNEWICK - METALINE","1","100.0000","88502","Acceptable PM2.5 AQI & Speciation Mass","28420","Kennewick-Richland, WA","53","Washington","005","Benton","46.21835","-119.204153"
"04/29/2020","AirNow","530050002","4","4.4","ug/m3 LC","18","KENNEWICK - METALINE","1","100.0000","88502","Acceptable PM2.5 AQI & Speciation Mass","28420","Kennewick-Richland, WA","53","Washington","005","Benton","46.21835","-119.204153"
"04/30/2020","AirNow","530050002","4","2.5","ug/m3 LC","10","KENNEWICK - METALINE","1","100.0000","88502","Acceptable PM2.5 AQI & Speciation Mass","28420","Kennewick-Richland, WA","53","Washington","005","Benton","46.21835","-119.204153"
"05/01/2020","AirNow","530050002","4","4","ug/m3 LC","17","KENNEWICK - METALINE","1","100.0000","88502","Acceptable PM2.5 AQI & Speciation Mass","28420","Kennewick-Richland, WA","53","Washington","005","Benton","46.21835","-119.204153"
"05/02/2020","AirNow","530050002","4","4.4","ug/m3 LC","18","KENNEWICK - METALINE","1","100.0000","88502","Acceptable PM2.5 AQI & Speciation Mass","28420","Kennewick-Richland, WA","53","Washington","005","Benton","46.21835","-119.204153"
"01/01/2020","AQS","530070007","4","2.2","ug/m3 LC","9","CHELAN - WOODIN AVE","1","100.0000","88502","Acceptable PM2.5 AQI & Speciation Mass","48300","Wenatchee, WA","53","Washington","007","Chelan","47.83861","-120.023076"
"01/02/2020","AQS","530070007","4","1.7","ug/m3 LC","7","CHELAN - WOODIN AVE","1","100.0000","88502","Acceptable PM2.5 AQI & Speciation Mass","48300","Wenatchee, WA","53","Washington","007","Chelan","47.83861","-120.023076"
"01/03/2020","AQS","530070007","4","4.6","ug/m3 LC","19","CHELAN - WOODIN AVE","1","100.0000","88502","Acceptable PM2.5 AQI & Speciation Mass","48300","Wenatchee, WA","53","Washington","007","Chelan","47.83861","-120.023076"
"01/04/2020","AQS","530070007","4","1.2","ug/m3 LC","5","CHELAN - WOODIN AVE","1","100.0000","88502","Acceptable PM2.5 AQI & Speciation Mass","48300","Wenatchee, WA","53","Washington","007","Chelan","47.83861","-120.023076"
"01/05/2020","AQS","530070007","4","2.7","ug/m3 LC","11","CHELAN - WOODIN AVE","1","100.0000","88502","Acceptable PM2.5 AQI & Speciation Mass","48300","Wenatchee, WA","53","Washington","007","Chelan","47.83861","-120.023076"
"01/06/2020","AQS","530070007","4","2.5","ug/m3 LC","10","CHELAN - WOODIN AVE","1","100.0000","88502","Acceptable PM2.5 AQI & Speciation Mass","48300","Wenatchee, WA","53","Washington","007","Chelan","47.83861","-120.023076"
"01/07/2020","AQS","530070007","4","6.5","ug/m3 LC","27","CHELAN - WOODIN AVE","1","100.0000","88502","Acceptable PM2.5 AQI & Speciation Mass","48300","Wenatchee, WA","53","Washington","007","Chelan","47.83861","-120.023076"
"01/08/2020","AQS","530070007","4","2.5","ug/m3 LC","10","CHELAN - WOODIN AVE","1","100.0000","88502","Acceptable PM2.5 AQI & Speciation Mass","48300","Wenatchee, WA","53","Washington","007","Chelan","47.83861","-120.023076"
"01/09/2020","AQS","530070007","4","4.8","ug/m3 LC","20","CHELAN - WOODIN AVE","1","100.0000","88502","Acceptable PM2.5 AQI & Speciation Mass","48300","Wenatchee, WA","53","Washington","007","Chelan","47.83861","-120.023076"
"01/10/2020","AQS","530070007","4","4.7","ug/m3 LC","20","CHELAN - WOODIN AVE","1","100.0000","88502","Acceptable PM2.5 AQI & Speciation Mass","48300","Wenatchee, WA","53","Washington","007","Chelan","47.83861","-120.023076"
"01/11/2020","AQS","530070007","4","4.9","ug/m3 LC","20","CHELAN - WOODIN AVE","1","100.0000","88502","Acceptable PM2.5 AQI & Speciation Mass","48300","Wenatchee, WA","53","Washington","007","Chelan","47.83861","-120.023076"
"01/12/2020","AQS","530070007","4","4.7","ug/m3 LC","20","CHELAN - WOODIN AVE","1","100.0000","88502","Acceptable PM2.5 AQI & Speciation Mass","48300","Wenatchee, WA","53","Washington","007","Chelan","47.83861","-120.023076"
"01/13/2020","AQS","530070007","4","2.9","ug/m3 LC","12","CHELAN - WOODIN AVE","1","100.0000","88502","Acceptable PM2.5 AQI & Speciation Mass","48300","Wenatchee, WA","53","Washington","007","Chelan","47.83861","-120.023076"
"01/14/2020","AQS","530070007","4","2.9","ug/m3 LC","12","CHELAN - WOODIN AVE","1","100.0000","88502","Acceptable PM2.5 AQI & Speciation Mass","48300","Wenatchee, WA","53","Washington","007","Chelan","47.83861","-120.023076"
"01/15/2020","AQS","530070007","4","3.9","ug/m3 LC","16","CHELAN - WOODIN AVE","1","100.0000","88502","Acceptable PM2.5 AQI & Speciation Mass","48300","Wenatchee, WA","53","Washington","007","Chelan","47.83861","-120.023076"
"01/16/2020","AQS","530070007","4","6.2","ug/m3 LC","26","CHELAN - WOODIN AVE","1","100.0000","88502","Acceptable PM2.5 AQI & Speciation Mass","48300","Wenatchee, WA","53","Washington","007","Chelan","47.83861","-120.023076"
"01/17/2020","AQS","530070007","4","5.3","ug/m3 LC","22","CHELAN - WOODIN AVE","1","100.0000","88502","Acceptable PM2.5 AQI & Speciation Mass","48300","Wenatchee, WA","53","Washington","007","Chelan","47.83861","-120.023076"
"01/18/2020","AQS","530070007","4","5.4","ug/m3 LC","23","CHELAN - WOODIN AVE","1","100.0000","88502","Acceptable PM2.5 AQI & Speciation Mass","48300","Wenatchee, WA","53","Washington","007","Chelan","47.83861","-120.023076"
"01/19/2020","AQS","530070007","4","6","ug/m3 LC","25","CHELAN - WOODIN AVE","1","100.0000","88502","Acceptable PM2.5 AQI & Speciation Mass","48300","Wenatchee, WA","53","Washington","007","Chelan","47.83861","-120.023076"
"01/20/2020","AQS","530070007","4","5.5","ug/m3 LC","23","CHELAN - WOODIN AVE","1","100.0000","88502","Acceptable PM2.5 AQI & Speciation Mass","48300","Wenatchee, WA","53","Washington","007","Chelan","47.83861","-120.023076"
"01/21/2020","AQS","530070007","4","6.4","ug/m3 LC","27","CHELAN - WOODIN AVE","1","100.0000","88502","Acceptable PM2.5 AQI & Speciation Mass","48300","Wenatchee, WA","53","Washington","007","Chelan","47.83861","-120.023076"
"01/22/2020","AQS","530070007","4","7.7","ug/m3 LC","32","CHELAN - WOODIN AVE","1","100.0000","88502","Acceptable PM2.5 AQI & Speciation Mass","48300","Wenatchee, WA","53","Washington","007","Chelan","47.83861","-120.023076"
"01/23/2020","AQS","530070007","4","7.3","ug/m3 LC","30","CHELAN - WOODIN AVE","1","100.0000","88502","Acceptable PM2.5 AQI & Speciation Mass","48300","Wenatchee, WA","53","Washington","007","Chelan","47.83861","-120.023076"
"01/24/2020","AQS","530070007","4","6.3","ug/m3 LC","26","CHELAN - WOODIN AVE","1","100.0000","88502","Acceptable PM2.5 AQI & Speciation Mass","48300","Wenatchee, WA","53","Washington","007","Chelan","47.83861","-120.023076"
"01/25/2020","AQS","530070007","4","3.7","ug/m3 LC","15","CHELAN - WOODIN AVE","1","100.0000","88502","Acceptable PM2.5 AQI & Speciation Mass","48300","Wenatchee, WA","53","Washington","007","Chelan","47.83861","-120.023076"
"01/26/2020","AQS","530070007","4","4.3","ug/m3 LC","18","CHELAN - WOODIN AVE","1","100.0000","88502","Acceptable PM2.5 AQI & Speciation Mass","48300","Wenatchee, WA","53","Washington","007","Chelan","47.83861","-120.023076"
"01/27/2020","AQS","530070007","4","4.4","ug/m3 LC","18","CHELAN - WOODIN AVE","1","100.0000","88502","Acceptable PM2.5 AQI & Speciation Mass","48300","Wenatchee, WA","53","Washington","007","Chelan","47.83861","-120.023076"
"01/28/2020","AQS","530070007","4","3.6","ug/m3 LC","15","CHELAN - WOODIN AVE","1","100.0000","88502","Acceptable PM2.5 AQI & Speciation Mass","48300","Wenatchee, WA","53","Washington","007","Chelan","47.83861","-120.023076"
"01/29/2020","AQS","530070007","4","2.7","ug/m3 LC","11","CHELAN - WOODIN AVE","1","100.0000","88502","Acceptable PM2.5 AQI & Speciation Mass","48300","Wenatchee, WA","53","Washington","007","Chelan","47.83861","-120.023076"
"01/30/2020","AQS","530070007","4","3","ug/m3 LC","13","CHELAN - WOODIN AVE","1","100.0000","88502","Acceptable PM2.5 AQI & Speciation Mass","48300","Wenatchee, WA","53","Washington","007","Chelan","47.83861","-120.023076"
"01/31/2020","AQS","530070007","4","4","ug/m3 LC","17","CHELAN - WOODIN AVE","1","100.0000","88502","Acceptable PM2.5 AQI & Speciation Mass","48300","Wenatchee, WA","53","Washington","007","Chelan","47.83861","-120.023076"
"02/01/2020","AirNow","530070007","4","1.6","ug/m3 LC","7","CHELAN - WOODIN AVE","1","100.0000","88502","Acceptable PM2.5 AQI & Speciation Mass","48300","Wenatchee, WA","53","Washington","007","Chelan","47.83861","-120.023076"
"02/02/2020","AirNow","530070007","4","3.1","ug/m3 LC","13","CHELAN - WOODIN AVE","1","100.0000","88502","Acceptable PM2.5 AQI & Speciation Mass","48300","Wenatchee, WA","53","Washington","007","Chelan","47.83861","-120.023076"
"02/03/2020","AirNow","530070007","4","3.2","ug/m3 LC","13","CHELAN - WOODIN AVE","1","100.0000","88502","Acceptable PM2.5 AQI & Speciation Mass","48300","Wenatchee, WA","53","Washington","007","Chelan","47.83861","-120.023076"
"02/04/2020","AirNow","530070007","4","3.1","ug/m3 LC","13","CHELAN - WOODIN AVE","1","100.0000","88502","Acceptable PM2.5 AQI & Speciation Mass","48300","Wenatchee, WA","53","Washington","007","Chelan","47.83861","-120.023076"
"02/05/2020","AirNow","530070007","4","5.7","ug/m3 LC","24","CHELAN - WOODIN AVE","1","100.0000","88502","Acceptable PM2.5 AQI & Speciation Mass","48300","Wenatchee, WA","53","Washington","007","Chelan","47.83861","-120.023076"
"02/06/2020","AirNow","530070007","4","7","ug/m3 LC","29","CHELAN - WOODIN AVE","1","100.0000","88502","Acceptable PM2.5 AQI & Speciation Mass","48300","Wenatchee, WA","53","Washington","007","Chelan","47.83861","-120.023076"
"02/07/2020","AirNow","530070007","4","5.7","ug/m3 LC","24","CHELAN - WOODIN AVE","1","100.0000","88502","Acceptable PM2.5 AQI & Speciation Mass","48300","Wenatchee, WA","53","Washington","007","Chelan","47.83861","-120.023076"
"02/08/2020","AirNow","530070007","4","1.8","ug/m3 LC","8","CHELAN - WOODIN AVE","1","100.0000","88502","Acceptable PM2.5 AQI & Speciation Mass","48300","Wenatchee, WA","53","Washington","007","Chelan","47.83861","-120.023076"
"02/09/2020","AirNow","530070007","4","2.9","ug/m3 LC","12","CHELAN - WOODIN AVE","1","100.0000","88502","Acceptable PM2.5 AQI & Speciation Mass","48300","Wenatchee, WA","53","Washington","007","Chelan","47.83861","-120.023076"
"02/10/2020","AirNow","530070007","4","3.9","ug/m3 LC","16","CHELAN - WOODIN AVE","1","100.0000","88502","Acceptable PM2.5 AQI & Speciation Mass","48300","Wenatchee, WA","53","Washington","007","Chelan","47.83861","-120.023076"
"02/11/2020","AirNow","530070007","4","2.6","ug/m3 LC","11","CHELAN - WOODIN AVE","1","100.0000","88502","Acceptable PM2.5 AQI & Speciation Mass","48300","Wenatchee, WA","53","Washington","007","Chelan","47.83861","-120.023076"
"02/12/2020","AirNow","530070007","4","3.2","ug/m3 LC","13","CHELAN - WOODIN AVE","1","100.0000","88502","Acceptable PM2.5 AQI & Speciation Mass","48300","Wenatchee, WA","53","Washington","007","Chelan","47.83861","-120.023076"
"02/13/2020","AirNow","530070007","4","3.3","ug/m3 LC","14","CHELAN - WOODIN AVE","1","100.0000","88502","Acceptable PM2.5 AQI & Speciation Mass","48300","Wenatchee, WA","53","Washington","007","Chelan","47.83861","-120.023076"
"02/14/2020","AirNow","530070007","4","2","ug/m3 LC","8","CHELAN - WOODIN AVE","1","100.0000","88502","Acceptable PM2.5 AQI & Speciation Mass","48300","Wenatchee, WA","53","Washington","007","Chelan","47.83861","-120.023076"
"02/15/2020","AirNow","530070007","4","4.2","ug/m3 LC","18","CHELAN - WOODIN AVE","1","100.0000","88502","Acceptable PM2.5 AQI & Speciation Mass","48300","Wenatchee, WA","53","Washington","007","Chelan","47.83861","-120.023076"
"02/16/2020","AirNow","530070007","4","2.4","ug/m3 LC","10","CHELAN - WOODIN AVE","1","100.0000","88502","Acceptable PM2.5 AQI & Speciation Mass","48300","Wenatchee, WA","53","Washington","007","Chelan","47.83861","-120.023076"
"02/17/2020","AirNow","530070007","4","2.1","ug/m3 LC","9","CHELAN - WOODIN AVE","1","100.0000","88502","Acceptable PM2.5 AQI & Speciation Mass","48300","Wenatchee, WA","53","Washington","007","Chelan","47.83861","-120.023076"
"02/18/2020","AirNow","530070007","4","3","ug/m3 LC","13","CHELAN - WOODIN AVE","1","100.0000","88502","Acceptable PM2.5 AQI & Speciation Mass","48300","Wenatchee, WA","53","Washington","007","Chelan","47.83861","-120.023076"
"02/19/2020","AirNow","530070007","4","3.3","ug/m3 LC","14","CHELAN - WOODIN AVE","1","100.0000","88502","Acceptable PM2.5 AQI & Speciation Mass","48300","Wenatchee, WA","53","Washington","007","Chelan","47.83861","-120.023076"
"02/20/2020","AirNow","530070007","4","4.6","ug/m3 LC","19","CHELAN - WOODIN AVE","1","100.0000","88502","Acceptable PM2.5 AQI & Speciation Mass","48300","Wenatchee, WA","53","Washington","007","Chelan","47.83861","-120.023076"
"02/21/2020","AirNow","530070007","4","5.5","ug/m3 LC","23","CHELAN - WOODIN AVE","1","100.0000","88502","Acceptable PM2.5 AQI & Speciation Mass","48300","Wenatchee, WA","53","Washington","007","Chelan","47.83861","-120.023076"
"02/22/2020","AirNow","530070007","4","5.4","ug/m3 LC","23","CHELAN - WOODIN AVE","1","100.0000","88502","Acceptable PM2.5 AQI & Speciation Mass","48300","Wenatchee, WA","53","Washington","007","Chelan","47.83861","-120.023076"
"02/23/2020","AirNow","530070007","4","2.1","ug/m3 LC","9","CHELAN - WOODIN AVE","1","100.0000","88502","Acceptable PM2.5 AQI & Speciation Mass","48300","Wenatchee, WA","53","Washington","007","Chelan","47.83861","-120.023076"
"02/24/2020","AirNow","530070007","4","1.6","ug/m3 LC","7","CHELAN - WOODIN AVE","1","100.0000","88502","Acceptable PM2.5 AQI & Speciation Mass","48300","Wenatchee, WA","53","Washington","007","Chelan","47.83861","-120.023076"
"02/25/2020","AirNow","530070007","4","2.7","ug/m3 LC","11","CHELAN - WOODIN AVE","1","100.0000","88502","Acceptable PM2.5 AQI & Speciation Mass","48300","Wenatchee, WA","53","Washington","007","Chelan","47.83861","-120.023076"
"02/26/2020","AirNow","530070007","4","2.8","ug/m3 LC","12","CHELAN - WOODIN AVE","1","100.0000","88502","Acceptable PM2.5 AQI & Speciation Mass","48300","Wenatchee, WA","53","Washington","007","Chelan","47.83861","-120.023076"
"02/27/2020","AirNow","530070007","4","3.4","ug/m3 LC","14","CHELAN - WOODIN AVE","1","100.0000","88502","Acceptable PM2.5 AQI & Speciation Mass","48300","Wenatchee, WA","53","Washington","007","Chelan","47.83861","-120.023076"
"02/28/2020","AirNow","530070007","4","3.5","ug/m3 LC","15","CHELAN - WOODIN AVE","1","100.0000","88502","Acceptable PM2.5 AQI & Speciation Mass","48300","Wenatchee, WA","53","Washington","007","Chelan","47.83861","-120.023076"
"02/29/2020","AirNow","530070007","4","1.6","ug/m3 LC","7","CHELAN - WOODIN AVE","1","100.0000","88502","Acceptable PM2.5 AQI & Speciation Mass","48300","Wenatchee, WA","53","Washington","007","Chelan","47.83861","-120.023076"
"03/01/2020","AirNow","530070007","4","1.9","ug/m3 LC","8","CHELAN - WOODIN AVE","1","100.0000","88502","Acceptable PM2.5 AQI & Speciation Mass","48300","Wenatchee, WA","53","Washington","007","Chelan","47.83861","-120.023076"
"03/02/2020","AirNow","530070007","4","1.7","ug/m3 LC","7","CHELAN - WOODIN AVE","1","100.0000","88502","Acceptable PM2.5 AQI & Speciation Mass","48300","Wenatchee, WA","53","Washington","007","Chelan","47.83861","-120.023076"
"03/03/2020","AirNow","530070007","4","1.6","ug/m3 LC","7","CHELAN - WOODIN AVE","1","100.0000","88502","Acceptable PM2.5 AQI & Speciation Mass","48300","Wenatchee, WA","53","Washington","007","Chelan","47.83861","-120.023076"
"03/04/2020","AirNow","530070007","4","1.7","ug/m3 LC","7","CHELAN - WOODIN AVE","1","100.0000","88502","Acceptable PM2.5 AQI & Speciation Mass","48300","Wenatchee, WA","53","Washington","007","Chelan","47.83861","-120.023076"
"03/05/2020","AirNow","530070007","4","2.9","ug/m3 LC","12","CHELAN - WOODIN AVE","1","100.0000","88502","Acceptable PM2.5 AQI & Speciation Mass","48300","Wenatchee, WA","53","Washington","007","Chelan","47.83861","-120.023076"
"03/06/2020","AirNow","530070007","4","3.6","ug/m3 LC","15","CHELAN - WOODIN AVE","1","100.0000","88502","Acceptable PM2.5 AQI & Speciation Mass","48300","Wenatchee, WA","53","Washington","007","Chelan","47.83861","-120.023076"
"03/07/2020","AirNow","530070007","4","1.9","ug/m3 LC","8","CHELAN - WOODIN AVE","1","100.0000","88502","Acceptable PM2.5 AQI & Speciation Mass","48300","Wenatchee, WA","53","Washington","007","Chelan","47.83861","-120.023076"
"03/08/2020","AirNow","530070007","4","1.8","ug/m3 LC","8","CHELAN - WOODIN AVE","1","100.0000","88502","Acceptable PM2.5 AQI & Speciation Mass","48300","Wenatchee, WA","53","Washington","007","Chelan","47.83861","-120.023076"
"03/09/2020","AirNow","530070007","4","2.1","ug/m3 LC","9","CHELAN - WOODIN AVE","1","100.0000","88502","Acceptable PM2.5 AQI & Speciation Mass","48300","Wenatchee, WA","53","Washington","007","Chelan","47.83861","-120.023076"
"03/10/2020","AirNow","530070007","4","2.2","ug/m3 LC","9","CHELAN - WOODIN AVE","1","100.0000","88502","Acceptable PM2.5 AQI & Speciation Mass","48300","Wenatchee, WA","53","Washington","007","Chelan","47.83861","-120.023076"
"03/11/2020","AirNow","530070007","4","1.6","ug/m3 LC","7","CHELAN - WOODIN AVE","1","100.0000","88502","Acceptable PM2.5 AQI & Speciation Mass","48300","Wenatchee, WA","53","Washington","007","Chelan","47.83861","-120.023076"
"03/12/2020","AirNow","530070007","4","2.3","ug/m3 LC","10","CHELAN - WOODIN AVE","1","100.0000","88502","Acceptable PM2.5 AQI & Speciation Mass","48300","Wenatchee, WA","53","Washington","007","Chelan","47.83861","-120.023076"
"03/13/2020","AirNow","530070007","4","2.3","ug/m3 LC","10","CHELAN - WOODIN AVE","1","100.0000","88502","Acceptable PM2.5 AQI & Speciation Mass","48300","Wenatchee, WA","53","Washington","007","Chelan","47.83861","-120.023076"
"03/14/2020","AirNow","530070007","4","3.1","ug/m3 LC","13","CHELAN - WOODIN AVE","1","100.0000","88502","Acceptable PM2.5 AQI & Speciation Mass","48300","Wenatchee, WA","53","Washington","007","Chelan","47.83861","-120.023076"
"03/15/2020","AirNow","530070007","4","3.7","ug/m3 LC","15","CHELAN - WOODIN AVE","1","100.0000","88502","Acceptable PM2.5 AQI & Speciation Mass","48300","Wenatchee, WA","53","Washington","007","Chelan","47.83861","-120.023076"
"03/16/2020","AirNow","530070007","4","4.1","ug/m3 LC","17","CHELAN - WOODIN AVE","1","100.0000","88502","Acceptable PM2.5 AQI & Speciation Mass","48300","Wenatchee, WA","53","Washington","007","Chelan","47.83861","-120.023076"
"03/17/2020","AirNow","530070007","4","4.7","ug/m3 LC","20","CHELAN - WOODIN AVE","1","100.0000","88502","Acceptable PM2.5 AQI & Speciation Mass","48300","Wenatchee, WA","53","Washington","007","Chelan","47.83861","-120.023076"
"03/18/2020","AirNow","530070007","4","4.4","ug/m3 LC","18","CHELAN - WOODIN AVE","1","100.0000","88502","Acceptable PM2.5 AQI & Speciation Mass","48300","Wenatchee, WA","53","Washington","007","Chelan","47.83861","-120.023076"
"03/19/2020","AirNow","530070007","4","3.9","ug/m3 LC","16","CHELAN - WOODIN AVE","1","100.0000","88502","Acceptable PM2.5 AQI & Speciation Mass","48300","Wenatchee, WA","53","Washington","007","Chelan","47.83861","-120.023076"
"03/20/2020","AirNow","530070007","4","4.5","ug/m3 LC","19","CHELAN - WOODIN AVE","1","100.0000","88502","Acceptable PM2.5 AQI & Speciation Mass","48300","Wenatchee, WA","53","Washington","007","Chelan","47.83861","-120.023076"
"03/21/2020","AirNow","530070007","4","4.2","ug/m3 LC","18","CHELAN - WOODIN AVE","1","100.0000","88502","Acceptable PM2.5 AQI & Speciation Mass","48300","Wenatchee, WA","53","Washington","007","Chelan","47.83861","-120.023076"
"03/22/2020","AirNow","530070007","4","4.3","ug/m3 LC","18","CHELAN - WOODIN AVE","1","100.0000","88502","Acceptable PM2.5 AQI & Speciation Mass","48300","Wenatchee, WA","53","Washington","007","Chelan","47.83861","-120.023076"
"03/23/2020","AirNow","530070007","4","2.1","ug/m3 LC","9","CHELAN - WOODIN AVE","1","100.0000","88502","Acceptable PM2.5 AQI & Speciation Mass","48300","Wenatchee, WA","53","Washington","007","Chelan","47.83861","-120.023076"
"03/24/2020","AirNow","530070007","4","2","ug/m3 LC","8","CHELAN - WOODIN AVE","1","100.0000","88502","Acceptable PM2.5 AQI & Speciation Mass","48300","Wenatchee, WA","53","Washington","007","Chelan","47.83861","-120.023076"
"03/25/2020","AirNow","530070007","4","2.2","ug/m3 LC","9","CHELAN - WOODIN AVE","1","100.0000","88502","Acceptable PM2.5 AQI & Speciation Mass","48300","Wenatchee, WA","53","Washington","007","Chelan","47.83861","-120.023076"
"03/26/2020","AirNow","530070007","4","2.8","ug/m3 LC","12","CHELAN - WOODIN AVE","1","100.0000","88502","Acceptable PM2.5 AQI & Speciation Mass","48300","Wenatchee, WA","53","Washington","007","Chelan","47.83861","-120.023076"
"03/27/2020","AirNow","530070007","4","2.2","ug/m3 LC","9","CHELAN - WOODIN AVE","1","100.0000","88502","Acceptable PM2.5 AQI & Speciation Mass","48300","Wenatchee, WA","53","Washington","007","Chelan","47.83861","-120.023076"
"03/28/2020","AirNow","530070007","4","1.7","ug/m3 LC","7","CHELAN - WOODIN AVE","1","100.0000","88502","Acceptable PM2.5 AQI & Speciation Mass","48300","Wenatchee, WA","53","Washington","007","Chelan","47.83861","-120.023076"
"03/29/2020","AirNow","530070007","4","1.5","ug/m3 LC","6","CHELAN - WOODIN AVE","1","100.0000","88502","Acceptable PM2.5 AQI & Speciation Mass","48300","Wenatchee, WA","53","Washington","007","Chelan","47.83861","-120.023076"
"03/30/2020","AirNow","530070007","4","1.4","ug/m3 LC","6","CHELAN - WOODIN AVE","1","100.0000","88502","Acceptable PM2.5 AQI & Speciation Mass","48300","Wenatchee, WA","53","Washington","007","Chelan","47.83861","-120.023076"
"03/31/2020","AirNow","530070007","4","1.5","ug/m3 LC","6","CHELAN - WOODIN AVE","1","100.0000","88502","Acceptable PM2.5 AQI & Speciation Mass","48300","Wenatchee, WA","53","Washington","007","Chelan","47.83861","-120.023076"
"04/01/2020","AirNow","530070007","4","2.2","ug/m3 LC","9","CHELAN - WOODIN AVE","1","100.0000","88502","Acceptable PM2.5 AQI & Speciation Mass","48300","Wenatchee, WA","53","Washington","007","Chelan","47.83861","-120.023076"
"04/02/2020","AirNow","530070007","4","2.5","ug/m3 LC","10","CHELAN - WOODIN AVE","1","100.0000","88502","Acceptable PM2.5 AQI & Speciation Mass","48300","Wenatchee, WA","53","Washington","007","Chelan","47.83861","-120.023076"
"04/03/2020","AirNow","530070007","4","2","ug/m3 LC","8","CHELAN - WOODIN AVE","1","100.0000","88502","Acceptable PM2.5 AQI & Speciation Mass","48300","Wenatchee, WA","53","Washington","007","Chelan","47.83861","-120.023076"
"04/04/2020","AirNow","530070007","4","2.2","ug/m3 LC","9","CHELAN - WOODIN AVE","1","100.0000","88502","Acceptable PM2.5 AQI & Speciation Mass","48300","Wenatchee, WA","53","Washington","007","Chelan","47.83861","-120.023076"
"04/05/2020","AirNow","530070007","4","2.7","ug/m3 LC","11","CHELAN - WOODIN AVE","1","100.0000","88502","Acceptable PM2.5 AQI & Speciation Mass","48300","Wenatchee, WA","53","Washington","007","Chelan","47.83861","-120.023076"
"04/06/2020","AirNow","530070007","4","3.1","ug/m3 LC","13","CHELAN - WOODIN AVE","1","100.0000","88502","Acceptable PM2.5 AQI & Speciation Mass","48300","Wenatchee, WA","53","Washington","007","Chelan","47.83861","-120.023076"
"04/07/2020","AirNow","530070007","4","4.4","ug/m3 LC","18","CHELAN - WOODIN AVE","1","100.0000","88502","Acceptable PM2.5 AQI & Speciation Mass","48300","Wenatchee, WA","53","Washington","007","Chelan","47.83861","-120.023076"
"04/08/2020","AirNow","530070007","4","5.2","ug/m3 LC","22","CHELAN - WOODIN AVE","1","100.0000","88502","Acceptable PM2.5 AQI & Speciation Mass","48300","Wenatchee, WA","53","Washington","007","Chelan","47.83861","-120.023076"
"04/09/2020","AirNow","530070007","4","4.6","ug/m3 LC","19","CHELAN - WOODIN AVE","1","100.0000","88502","Acceptable PM2.5 AQI & Speciation Mass","48300","Wenatchee, WA","53","Washington","007","Chelan","47.83861","-120.023076"
"04/10/2020","AirNow","530070007","4","3.1","ug/m3 LC","13","CHELAN - WOODIN AVE","1","100.0000","88502","Acceptable PM2.5 AQI & Speciation Mass","48300","Wenatchee, WA","53","Washington","007","Chelan","47.83861","-120.023076"
"04/11/2020","AirNow","530070007","4","2.5","ug/m3 LC","10","CHELAN - WOODIN AVE","1","100.0000","88502","Acceptable PM2.5 AQI & Speciation Mass","48300","Wenatchee, WA","53","Washington","007","Chelan","47.83861","-120.023076"
"04/12/2020","AirNow","530070007","4","3","ug/m3 LC","13","CHELAN - WOODIN AVE","1","100.0000","88502","Acceptable PM2.5 AQI & Speciation Mass","48300","Wenatchee, WA","53","Washington","007","Chelan","47.83861","-120.023076"
"04/13/2020","AirNow","530070007","4","3.5","ug/m3 LC","15","CHELAN - WOODIN AVE","1","100.0000","88502","Acceptable PM2.5 AQI & Speciation Mass","48300","Wenatchee, WA","53","Washington","007","Chelan","47.83861","-120.023076"
"04/14/2020","AirNow","530070007","4","3.1","ug/m3 LC","13","CHELAN - WOODIN AVE","1","100.0000","88502","Acceptable PM2.5 AQI & Speciation Mass","48300","Wenatchee, WA","53","Washington","007","Chelan","47.83861","-120.023076"
"04/15/2020","AirNow","530070007","4","2.5","ug/m3 LC","10","CHELAN - WOODIN AVE","1","100.0000","88502","Acceptable PM2.5 AQI & Speciation Mass","48300","Wenatchee, WA","53","Washington","007","Chelan","47.83861","-120.023076"
"04/16/2020","AirNow","530070007","4","3.5","ug/m3 LC","15","CHELAN - WOODIN AVE","1","100.0000","88502","Acceptable PM2.5 AQI & Speciation Mass","48300","Wenatchee, WA","53","Washington","007","Chelan","47.83861","-120.023076"
"04/17/2020","AirNow","530070007","4","3.6","ug/m3 LC","15","CHELAN - WOODIN AVE","1","100.0000","88502","Acceptable PM2.5 AQI & Speciation Mass","48300","Wenatchee, WA","53","Washington","007","Chelan","47.83861","-120.023076"
"04/18/2020","AirNow","530070007","4","2.7","ug/m3 LC","11","CHELAN - WOODIN AVE","1","100.0000","88502","Acceptable PM2.5 AQI & Speciation Mass","48300","Wenatchee, WA","53","Washington","007","Chelan","47.83861","-120.023076"
"04/19/2020","AirNow","530070007","4","2.9","ug/m3 LC","12","CHELAN - WOODIN AVE","1","100.0000","88502","Acceptable PM2.5 AQI & Speciation Mass","48300","Wenatchee, WA","53","Washington","007","Chelan","47.83861","-120.023076"
"04/20/2020","AirNow","530070007","4","2.9","ug/m3 LC","12","CHELAN - WOODIN AVE","1","100.0000","88502","Acceptable PM2.5 AQI & Speciation Mass","48300","Wenatchee, WA","53","Washington","007","Chelan","47.83861","-120.023076"
"04/21/2020","AirNow","530070007","4","2.5","ug/m3 LC","10","CHELAN - WOODIN AVE","1","100.0000","88502","Acceptable PM2.5 AQI & Speciation Mass","48300","Wenatchee, WA","53","Washington","007","Chelan","47.83861","-120.023076"
"04/22/2020","AirNow","530070007","4","2","ug/m3 LC","8","CHELAN - WOODIN AVE","1","100.0000","88502","Acceptable PM2.5 AQI & Speciation Mass","48300","Wenatchee, WA","53","Washington","007","Chelan","47.83861","-120.023076"
"04/23/2020","AirNow","530070007","4","1.5","ug/m3 LC","6","CHELAN - WOODIN AVE","1","100.0000","88502","Acceptable PM2.5 AQI & Speciation Mass","48300","Wenatchee, WA","53","Washington","007","Chelan","47.83861","-120.023076"
"04/24/2020","AirNow","530070007","4","2.7","ug/m3 LC","11","CHELAN - WOODIN AVE","1","100.0000","88502","Acceptable PM2.5 AQI & Speciation Mass","48300","Wenatchee, WA","53","Washington","007","Chelan","47.83861","-120.023076"
"04/25/2020","AirNow","530070007","4","2.8","ug/m3 LC","12","CHELAN - WOODIN AVE","1","100.0000","88502","Acceptable PM2.5 AQI & Speciation Mass","48300","Wenatchee, WA","53","Washington","007","Chelan","47.83861","-120.023076"
"04/26/2020","AirNow","530070007","4","3.5","ug/m3 LC","15","CHELAN - WOODIN AVE","1","100.0000","88502","Acceptable PM2.5 AQI & Speciation Mass","48300","Wenatchee, WA","53","Washington","007","Chelan","47.83861","-120.023076"
"04/27/2020","AirNow","530070007","4","2.1","ug/m3 LC","9","CHELAN - WOODIN AVE","1","100.0000","88502","Acceptable PM2.5 AQI & Speciation Mass","48300","Wenatchee, WA","53","Washington","007","Chelan","47.83861","-120.023076"
"04/28/2020","AirNow","530070007","4","2.2","ug/m3 LC","9","CHELAN - WOODIN AVE","1","100.0000","88502","Acceptable PM2.5 AQI & Speciation Mass","48300","Wenatchee, WA","53","Washington","007","Chelan","47.83861","-120.023076"
"04/29/2020","AirNow","530070007","4","3.1","ug/m3 LC","13","CHELAN - WOODIN AVE","1","100.0000","88502","Acceptable PM2.5 AQI & Speciation Mass","48300","Wenatchee, WA","53","Washington","007","Chelan","47.83861","-120.023076"
"04/30/2020","AirNow","530070007","4","1.5","ug/m3 LC","6","CHELAN - WOODIN AVE","1","100.0000","88502","Acceptable PM2.5 AQI & Speciation Mass","48300","Wenatchee, WA","53","Washington","007","Chelan","47.83861","-120.023076"
"05/01/2020","AirNow","530070007","4","2","ug/m3 LC","8","CHELAN - WOODIN AVE","1","100.0000","88502","Acceptable PM2.5 AQI & Speciation Mass","48300","Wenatchee, WA","53","Washington","007","Chelan","47.83861","-120.023076"
"05/02/2020","AirNow","530070007","4","2.7","ug/m3 LC","11","CHELAN - WOODIN AVE","1","100.0000","88502","Acceptable PM2.5 AQI & Speciation Mass","48300","Wenatchee, WA","53","Washington","007","Chelan","47.83861","-120.023076"
"01/01/2020","AQS","530070010","4","6.7","ug/m3 LC","28","LEAVENWORTH - EVANS ST","1","100.0000","88502","Acceptable PM2.5 AQI & Speciation Mass","48300","Wenatchee, WA","53","Washington","007","Chelan","47.598863","-120.664702"
"01/02/2020","AQS","530070010","4","3.3","ug/m3 LC","14","LEAVENWORTH - EVANS ST","1","100.0000","88502","Acceptable PM2.5 AQI & Speciation Mass","48300","Wenatchee, WA","53","Washington","007","Chelan","47.598863","-120.664702"
"01/03/2020","AQS","530070010","4","10.3","ug/m3 LC","43","LEAVENWORTH - EVANS ST","1","100.0000","88502","Acceptable PM2.5 AQI & Speciation Mass","48300","Wenatchee, WA","53","Washington","007","Chelan","47.598863","-120.664702"
"01/04/2020","AQS","530070010","4","5.6","ug/m3 LC","23","LEAVENWORTH - EVANS ST","1","100.0000","88502","Acceptable PM2.5 AQI & Speciation Mass","48300","Wenatchee, WA","53","Washington","007","Chelan","47.598863","-120.664702"
"01/05/2020","AQS","530070010","4","9.6","ug/m3 LC","40","LEAVENWORTH - EVANS ST","1","100.0000","88502","Acceptable PM2.5 AQI & Speciation Mass","48300","Wenatchee, WA","53","Washington","007","Chelan","47.598863","-120.664702"
"01/06/2020","AQS","530070010","4","7.5","ug/m3 LC","31","LEAVENWORTH - EVANS ST","1","100.0000","88502","Acceptable PM2.5 AQI & Speciation Mass","48300","Wenatchee, WA","53","Washington","007","Chelan","47.598863","-120.664702"
"01/07/2020","AQS","530070010","4","9.2","ug/m3 LC","38","LEAVENWORTH - EVANS ST","1","100.0000","88502","Acceptable PM2.5 AQI & Speciation Mass","48300","Wenatchee, WA","53","Washington","007","Chelan","47.598863","-120.664702"
"01/08/2020","AQS","530070010","4","4.8","ug/m3 LC","20","LEAVENWORTH - EVANS ST","1","100.0000","88502","Acceptable PM2.5 AQI & Speciation Mass","48300","Wenatchee, WA","53","Washington","007","Chelan","47.598863","-120.664702"
"01/09/2020","AQS","530070010","4","5.3","ug/m3 LC","22","LEAVENWORTH - EVANS ST","1","100.0000","88502","Acceptable PM2.5 AQI & Speciation Mass","48300","Wenatchee, WA","53","Washington","007","Chelan","47.598863","-120.664702"
"01/10/2020","AQS","530070010","4","6.9","ug/m3 LC","29","LEAVENWORTH - EVANS ST","1","100.0000","88502","Acceptable PM2.5 AQI & Speciation Mass","48300","Wenatchee, WA","53","Washington","007","Chelan","47.598863","-120.664702"
"01/11/2020","AQS","530070010","4","9","ug/m3 LC","38","LEAVENWORTH - EVANS ST","1","100.0000","88502","Acceptable PM2.5 AQI & Speciation Mass","48300","Wenatchee, WA","53","Washington","007","Chelan","47.598863","-120.664702"
"01/12/2020","AQS","530070010","4","6.2","ug/m3 LC","26","LEAVENWORTH - EVANS ST","1","100.0000","88502","Acceptable PM2.5 AQI & Speciation Mass","48300","Wenatchee, WA","53","Washington","007","Chelan","47.598863","-120.664702"
"01/13/2020","AQS","530070010","4","5.6","ug/m3 LC","23","LEAVENWORTH - EVANS ST","1","100.0000","88502","Acceptable PM2.5 AQI & Speciation Mass","48300","Wenatchee, WA","53","Washington","007","Chelan","47.598863","-120.664702"
"01/14/2020","AQS","530070010","4","5.6","ug/m3 LC","23","LEAVENWORTH - EVANS ST","1","100.0000","88502","Acceptable PM2.5 AQI & Speciation Mass","48300","Wenatchee, WA","53","Washington","007","Chelan","47.598863","-120.664702"
"01/15/2020","AQS","530070010","4","6.8","ug/m3 LC","28","LEAVENWORTH - EVANS ST","1","100.0000","88502","Acceptable PM2.5 AQI & Speciation Mass","48300","Wenatchee, WA","53","Washington","007","Chelan","47.598863","-120.664702"
"01/16/2020","AQS","530070010","4","8.8","ug/m3 LC","37","LEAVENWORTH - EVANS ST","1","100.0000","88502","Acceptable PM2.5 AQI & Speciation Mass","48300","Wenatchee, WA","53","Washington","007","Chelan","47.598863","-120.664702"
"01/17/2020","AQS","530070010","4","8.5","ug/m3 LC","35","LEAVENWORTH - EVANS ST","1","100.0000","88502","Acceptable PM2.5 AQI & Speciation Mass","48300","Wenatchee, WA","53","Washington","007","Chelan","47.598863","-120.664702"
"01/18/2020","AQS","530070010","4","10.4","ug/m3 LC","43","LEAVENWORTH - EVANS ST","1","100.0000","88502","Acceptable PM2.5 AQI & Speciation Mass","48300","Wenatchee, WA","53","Washington","007","Chelan","47.598863","-120.664702"
"01/19/2020","AQS","530070010","4","12.3","ug/m3 LC","51","LEAVENWORTH - EVANS ST","1","100.0000","88502","Acceptable PM2.5 AQI & Speciation Mass","48300","Wenatchee, WA","53","Washington","007","Chelan","47.598863","-120.664702"
"01/20/2020","AQS","530070010","4","12.5","ug/m3 LC","52","LEAVENWORTH - EVANS ST","1","100.0000","88502","Acceptable PM2.5 AQI & Speciation Mass","48300","Wenatchee, WA","53","Washington","007","Chelan","47.598863","-120.664702"
"01/21/2020","AQS","530070010","4","9.6","ug/m3 LC","40","LEAVENWORTH - EVANS ST","1","100.0000","88502","Acceptable PM2.5 AQI & Speciation Mass","48300","Wenatchee, WA","53","Washington","007","Chelan","47.598863","-120.664702"
"01/22/2020","AQS","530070010","4","9.8","ug/m3 LC","41","LEAVENWORTH - EVANS ST","1","100.0000","88502","Acceptable PM2.5 AQI & Speciation Mass","48300","Wenatchee, WA","53","Washington","007","Chelan","47.598863","-120.664702"
"01/23/2020","AQS","530070010","4","13.9","ug/m3 LC","55","LEAVENWORTH - EVANS ST","1","100.0000","88502","Acceptable PM2.5 AQI & Speciation Mass","48300","Wenatchee, WA","53","Washington","007","Chelan","47.598863","-120.664702"
"01/24/2020","AQS","530070010","4","10.2","ug/m3 LC","43","LEAVENWORTH - EVANS ST","1","100.0000","88502","Acceptable PM2.5 AQI & Speciation Mass","48300","Wenatchee, WA","53","Washington","007","Chelan","47.598863","-120.664702"
"01/25/2020","AQS","530070010","4","8.4","ug/m3 LC","35","LEAVENWORTH - EVANS ST","1","100.0000","88502","Acceptable PM2.5 AQI & Speciation Mass","48300","Wenatchee, WA","53","Washington","007","Chelan","47.598863","-120.664702"
"01/26/2020","AQS","530070010","4","7.6","ug/m3 LC","32","LEAVENWORTH - EVANS ST","1","100.0000","88502","Acceptable PM2.5 AQI & Speciation Mass","48300","Wenatchee, WA","53","Washington","007","Chelan","47.598863","-120.664702"
"01/27/2020","AQS","530070010","4","4.5","ug/m3 LC","19","LEAVENWORTH - EVANS ST","1","100.0000","88502","Acceptable PM2.5 AQI & Speciation Mass","48300","Wenatchee, WA","53","Washington","007","Chelan","47.598863","-120.664702"
"01/28/2020","AQS","530070010","4","6.4","ug/m3 LC","27","LEAVENWORTH - EVANS ST","1","100.0000","88502","Acceptable PM2.5 AQI & Speciation Mass","48300","Wenatchee, WA","53","Washington","007","Chelan","47.598863","-120.664702"
"01/29/2020","AQS","530070010","4","5.7","ug/m3 LC","24","LEAVENWORTH - EVANS ST","1","100.0000","88502","Acceptable PM2.5 AQI & Speciation Mass","48300","Wenatchee, WA","53","Washington","007","Chelan","47.598863","-120.664702"
"01/30/2020","AQS","530070010","4","4.2","ug/m3 LC","18","LEAVENWORTH - EVANS ST","1","100.0000","88502","Acceptable PM2.5 AQI & Speciation Mass","48300","Wenatchee, WA","53","Washington","007","Chelan","47.598863","-120.664702"
"01/31/2020","AQS","530070010","4","6.6","ug/m3 LC","28","LEAVENWORTH - EVANS ST","1","100.0000","88502","Acceptable PM2.5 AQI & Speciation Mass","48300","Wenatchee, WA","53","Washington","007","Chelan","47.598863","-120.664702"
"02/01/2020","AirNow","530070010","4","2.7","ug/m3 LC","11","LEAVENWORTH - EVANS ST","1","100.0000","88502","Acceptable PM2.5 AQI & Speciation Mass","48300","Wenatchee, WA","53","Washington","007","Chelan","47.598863","-120.664702"
"02/02/2020","AirNow","530070010","4","6.4","ug/m3 LC","27","LEAVENWORTH - EVANS ST","1","100.0000","88502","Acceptable PM2.5 AQI & Speciation Mass","48300","Wenatchee, WA","53","Washington","007","Chelan","47.598863","-120.664702"
"02/03/2020","AirNow","530070010","4","5.5","ug/m3 LC","23","LEAVENWORTH - EVANS ST","1","100.0000","88502","Acceptable PM2.5 AQI & Speciation Mass","48300","Wenatchee, WA","53","Washington","007","Chelan","47.598863","-120.664702"
"02/04/2020","AirNow","530070010","4","7.6","ug/m3 LC","32","LEAVENWORTH - EVANS ST","1","100.0000","88502","Acceptable PM2.5 AQI & Speciation Mass","48300","Wenatchee, WA","53","Washington","007","Chelan","47.598863","-120.664702"
"02/05/2020","AirNow","530070010","4","5.1","ug/m3 LC","21","LEAVENWORTH - EVANS ST","1","100.0000","88502","Acceptable PM2.5 AQI & Speciation Mass","48300","Wenatchee, WA","53","Washington","007","Chelan","47.598863","-120.664702"
"02/06/2020","AirNow","530070010","4","4.5","ug/m3 LC","19","LEAVENWORTH - EVANS ST","1","100.0000","88502","Acceptable PM2.5 AQI & Speciation Mass","48300","Wenatchee, WA","53","Washington","007","Chelan","47.598863","-120.664702"
"02/07/2020","AirNow","530070010","4","6.7","ug/m3 LC","28","LEAVENWORTH - EVANS ST","1","100.0000","88502","Acceptable PM2.5 AQI & Speciation Mass","48300","Wenatchee, WA","53","Washington","007","Chelan","47.598863","-120.664702"
"02/08/2020","AirNow","530070010","4","5.1","ug/m3 LC","21","LEAVENWORTH - EVANS ST","1","100.0000","88502","Acceptable PM2.5 AQI & Speciation Mass","48300","Wenatchee, WA","53","Washington","007","Chelan","47.598863","-120.664702"
"02/09/2020","AirNow","530070010","4","6.3","ug/m3 LC","26","LEAVENWORTH - EVANS ST","1","100.0000","88502","Acceptable PM2.5 AQI & Speciation Mass","48300","Wenatchee, WA","53","Washington","007","Chelan","47.598863","-120.664702"
"02/10/2020","AirNow","530070010","4","5.7","ug/m3 LC","24","LEAVENWORTH - EVANS ST","1","100.0000","88502","Acceptable PM2.5 AQI & Speciation Mass","48300","Wenatchee, WA","53","Washington","007","Chelan","47.598863","-120.664702"
"02/11/2020","AirNow","530070010","4","4.3","ug/m3 LC","18","LEAVENWORTH - EVANS ST","1","100.0000","88502","Acceptable PM2.5 AQI & Speciation Mass","48300","Wenatchee, WA","53","Washington","007","Chelan","47.598863","-120.664702"
"02/12/2020","AirNow","530070010","4","4.5","ug/m3 LC","19","LEAVENWORTH - EVANS ST","1","100.0000","88502","Acceptable PM2.5 AQI & Speciation Mass","48300","Wenatchee, WA","53","Washington","007","Chelan","47.598863","-120.664702"
"02/13/2020","AirNow","530070010","4","5","ug/m3 LC","21","LEAVENWORTH - EVANS ST","1","100.0000","88502","Acceptable PM2.5 AQI & Speciation Mass","48300","Wenatchee, WA","53","Washington","007","Chelan","47.598863","-120.664702"
"02/14/2020","AirNow","530070010","4","4.8","ug/m3 LC","20","LEAVENWORTH - EVANS ST","1","100.0000","88502","Acceptable PM2.5 AQI & Speciation Mass","48300","Wenatchee, WA","53","Washington","007","Chelan","47.598863","-120.664702"
"02/15/2020","AirNow","530070010","4","6.8","ug/m3 LC","28","LEAVENWORTH - EVANS ST","1","100.0000","88502","Acceptable PM2.5 AQI & Speciation Mass","48300","Wenatchee, WA","53","Washington","007","Chelan","47.598863","-120.664702"
"02/16/2020","AirNow","530070010","4","3.3","ug/m3 LC","14","LEAVENWORTH - EVANS ST","1","100.0000","88502","Acceptable PM2.5 AQI & Speciation Mass","48300","Wenatchee, WA","53","Washington","007","Chelan","47.598863","-120.664702"
"02/17/2020","AirNow","530070010","4","3.2","ug/m3 LC","13","LEAVENWORTH - EVANS ST","1","100.0000","88502","Acceptable PM2.5 AQI & Speciation Mass","48300","Wenatchee, WA","53","Washington","007","Chelan","47.598863","-120.664702"
"02/18/2020","AirNow","530070010","4","4.5","ug/m3 LC","19","LEAVENWORTH - EVANS ST","1","100.0000","88502","Acceptable PM2.5 AQI & Speciation Mass","48300","Wenatchee, WA","53","Washington","007","Chelan","47.598863","-120.664702"
"02/19/2020","AirNow","530070010","4","5.7","ug/m3 LC","24","LEAVENWORTH - EVANS ST","1","100.0000","88502","Acceptable PM2.5 AQI & Speciation Mass","48300","Wenatchee, WA","53","Washington","007","Chelan","47.598863","-120.664702"
"02/20/2020","AirNow","530070010","4","6.5","ug/m3 LC","27","LEAVENWORTH - EVANS ST","1","100.0000","88502","Acceptable PM2.5 AQI & Speciation Mass","48300","Wenatchee, WA","53","Washington","007","Chelan","47.598863","-120.664702"
"02/27/2020","AirNow","530070010","4","3","ug/m3 LC","13","LEAVENWORTH - EVANS ST","1","100.0000","88502","Acceptable PM2.5 AQI & Speciation Mass","48300","Wenatchee, WA","53","Washington","007","Chelan","47.598863","-120.664702"
"02/28/2020","AirNow","530070010","4","2.9","ug/m3 LC","12","LEAVENWORTH - EVANS ST","1","100.0000","88502","Acceptable PM2.5 AQI & Speciation Mass","48300","Wenatchee, WA","53","Washington","007","Chelan","47.598863","-120.664702"
"02/29/2020","AirNow","530070010","4","2.6","ug/m3 LC","11","LEAVENWORTH - EVANS ST","1","100.0000","88502","Acceptable PM2.5 AQI & Speciation Mass","48300","Wenatchee, WA","53","Washington","007","Chelan","47.598863","-120.664702"
"03/01/2020","AirNow","530070010","4","2.7","ug/m3 LC","11","LEAVENWORTH - EVANS ST","1","100.0000","88502","Acceptable PM2.5 AQI & Speciation Mass","48300","Wenatchee, WA","53","Washington","007","Chelan","47.598863","-120.664702"
"03/02/2020","AirNow","530070010","4","2.4","ug/m3 LC","10","LEAVENWORTH - EVANS ST","1","100.0000","88502","Acceptable PM2.5 AQI & Speciation Mass","48300","Wenatchee, WA","53","Washington","007","Chelan","47.598863","-120.664702"
"03/03/2020","AirNow","530070010","4","1.2","ug/m3 LC","5","LEAVENWORTH - EVANS ST","1","100.0000","88502","Acceptable PM2.5 AQI & Speciation Mass","48300","Wenatchee, WA","53","Washington","007","Chelan","47.598863","-120.664702"
"03/04/2020","AirNow","530070010","4","2.2","ug/m3 LC","9","LEAVENWORTH - EVANS ST","1","100.0000","88502","Acceptable PM2.5 AQI & Speciation Mass","48300","Wenatchee, WA","53","Washington","007","Chelan","47.598863","-120.664702"
"03/05/2020","AirNow","530070010","4","4.2","ug/m3 LC","18","LEAVENWORTH - EVANS ST","1","100.0000","88502","Acceptable PM2.5 AQI & Speciation Mass","48300","Wenatchee, WA","53","Washington","007","Chelan","47.598863","-120.664702"
"03/06/2020","AirNow","530070010","4","3.4","ug/m3 LC","14","LEAVENWORTH - EVANS ST","1","100.0000","88502","Acceptable PM2.5 AQI & Speciation Mass","48300","Wenatchee, WA","53","Washington","007","Chelan","47.598863","-120.664702"
"03/07/2020","AirNow","530070010","4","2.6","ug/m3 LC","11","LEAVENWORTH - EVANS ST","1","100.0000","88502","Acceptable PM2.5 AQI & Speciation Mass","48300","Wenatchee, WA","53","Washington","007","Chelan","47.598863","-120.664702"
"03/08/2020","AirNow","530070010","4","2","ug/m3 LC","8","LEAVENWORTH - EVANS ST","1","100.0000","88502","Acceptable PM2.5 AQI & Speciation Mass","48300","Wenatchee, WA","53","Washington","007","Chelan","47.598863","-120.664702"
"03/09/2020","AirNow","530070010","4","2.3","ug/m3 LC","10","LEAVENWORTH - EVANS ST","1","100.0000","88502","Acceptable PM2.5 AQI & Speciation Mass","48300","Wenatchee, WA","53","Washington","007","Chelan","47.598863","-120.664702"
"03/10/2020","AirNow","530070010","4","4.4","ug/m3 LC","18","LEAVENWORTH - EVANS ST","1","100.0000","88502","Acceptable PM2.5 AQI & Speciation Mass","48300","Wenatchee, WA","53","Washington","007","Chelan","47.598863","-120.664702"
"03/11/2020","AirNow","530070010","4","3.1","ug/m3 LC","13","LEAVENWORTH - EVANS ST","1","100.0000","88502","Acceptable PM2.5 AQI & Speciation Mass","48300","Wenatchee, WA","53","Washington","007","Chelan","47.598863","-120.664702"
"03/12/2020","AirNow","530070010","4","4.6","ug/m3 LC","19","LEAVENWORTH - EVANS ST","1","100.0000","88502","Acceptable PM2.5 AQI & Speciation Mass","48300","Wenatchee, WA","53","Washington","007","Chelan","47.598863","-120.664702"
"03/13/2020","AirNow","530070010","4","6","ug/m3 LC","25","LEAVENWORTH - EVANS ST","1","100.0000","88502","Acceptable PM2.5 AQI & Speciation Mass","48300","Wenatchee, WA","53","Washington","007","Chelan","47.598863","-120.664702"
"03/14/2020","AirNow","530070010","4","3.9","ug/m3 LC","16","LEAVENWORTH - EVANS ST","1","100.0000","88502","Acceptable PM2.5 AQI & Speciation Mass","48300","Wenatchee, WA","53","Washington","007","Chelan","47.598863","-120.664702"
"03/15/2020","AirNow","530070010","4","7.3","ug/m3 LC","30","LEAVENWORTH - EVANS ST","1","100.0000","88502","Acceptable PM2.5 AQI & Speciation Mass","48300","Wenatchee, WA","53","Washington","007","Chelan","47.598863","-120.664702"
"03/16/2020","AirNow","530070010","4","6.2","ug/m3 LC","26","LEAVENWORTH - EVANS ST","1","100.0000","88502","Acceptable PM2.5 AQI & Speciation Mass","48300","Wenatchee, WA","53","Washington","007","Chelan","47.598863","-120.664702"
"03/17/2020","AirNow","530070010","4","5.7","ug/m3 LC","24","LEAVENWORTH - EVANS ST","1","100.0000","88502","Acceptable PM2.5 AQI & Speciation Mass","48300","Wenatchee, WA","53","Washington","007","Chelan","47.598863","-120.664702"
"03/18/2020","AirNow","530070010","4","4.7","ug/m3 LC","20","LEAVENWORTH - EVANS ST","1","100.0000","88502","Acceptable PM2.5 AQI & Speciation Mass","48300","Wenatchee, WA","53","Washington","007","Chelan","47.598863","-120.664702"
"03/19/2020","AirNow","530070010","4","6.5","ug/m3 LC","27","LEAVENWORTH - EVANS ST","1","100.0000","88502","Acceptable PM2.5 AQI & Speciation Mass","48300","Wenatchee, WA","53","Washington","007","Chelan","47.598863","-120.664702"
"03/20/2020","AirNow","530070010","4","5.1","ug/m3 LC","21","LEAVENWORTH - EVANS ST","1","100.0000","88502","Acceptable PM2.5 AQI & Speciation Mass","48300","Wenatchee, WA","53","Washington","007","Chelan","47.598863","-120.664702"
"03/21/2020","AirNow","530070010","4","5.3","ug/m3 LC","22","LEAVENWORTH - EVANS ST","1","100.0000","88502","Acceptable PM2.5 AQI & Speciation Mass","48300","Wenatchee, WA","53","Washington","007","Chelan","47.598863","-120.664702"
"03/22/2020","AirNow","530070010","4","6.7","ug/m3 LC","28","LEAVENWORTH - EVANS ST","1","100.0000","88502","Acceptable PM2.5 AQI & Speciation Mass","48300","Wenatchee, WA","53","Washington","007","Chelan","47.598863","-120.664702"
"03/23/2020","AirNow","530070010","4","3.9","ug/m3 LC","16","LEAVENWORTH - EVANS ST","1","100.0000","88502","Acceptable PM2.5 AQI & Speciation Mass","48300","Wenatchee, WA","53","Washington","007","Chelan","47.598863","-120.664702"
"03/24/2020","AirNow","530070010","4","3.1","ug/m3 LC","13","LEAVENWORTH - EVANS ST","1","100.0000","88502","Acceptable PM2.5 AQI & Speciation Mass","48300","Wenatchee, WA","53","Washington","007","Chelan","47.598863","-120.664702"
"03/25/2020","AirNow","530070010","4","3.2","ug/m3 LC","13","LEAVENWORTH - EVANS ST","1","100.0000","88502","Acceptable PM2.5 AQI & Speciation Mass","48300","Wenatchee, WA","53","Washington","007","Chelan","47.598863","-120.664702"
"03/26/2020","AirNow","530070010","4","3.3","ug/m3 LC","14","LEAVENWORTH - EVANS ST","1","100.0000","88502","Acceptable PM2.5 AQI & Speciation Mass","48300","Wenatchee, WA","53","Washington","007","Chelan","47.598863","-120.664702"
"03/27/2020","AirNow","530070010","4","3.6","ug/m3 LC","15","LEAVENWORTH - EVANS ST","1","100.0000","88502","Acceptable PM2.5 AQI & Speciation Mass","48300","Wenatchee, WA","53","Washington","007","Chelan","47.598863","-120.664702"
"03/28/2020","AirNow","530070010","4","3","ug/m3 LC","13","LEAVENWORTH - EVANS ST","1","100.0000","88502","Acceptable PM2.5 AQI & Speciation Mass","48300","Wenatchee, WA","53","Washington","007","Chelan","47.598863","-120.664702"
"03/29/2020","AirNow","530070010","4","3.6","ug/m3 LC","15","LEAVENWORTH - EVANS ST","1","100.0000","88502","Acceptable PM2.5 AQI & Speciation Mass","48300","Wenatchee, WA","53","Washington","007","Chelan","47.598863","-120.664702"
"03/30/2020","AirNow","530070010","4","1.7","ug/m3 LC","7","LEAVENWORTH - EVANS ST","1","100.0000","88502","Acceptable PM2.5 AQI & Speciation Mass","48300","Wenatchee, WA","53","Washington","007","Chelan","47.598863","-120.664702"
"03/31/2020","AirNow","530070010","4","1.4","ug/m3 LC","6","LEAVENWORTH - EVANS ST","1","100.0000","88502","Acceptable PM2.5 AQI & Speciation Mass","48300","Wenatchee, WA","53","Washington","007","Chelan","47.598863","-120.664702"
"04/01/2020","AirNow","530070010","4","1.7","ug/m3 LC","7","LEAVENWORTH - EVANS ST","1","100.0000","88502","Acceptable PM2.5 AQI & Speciation Mass","48300","Wenatchee, WA","53","Washington","007","Chelan","47.598863","-120.664702"
"04/02/2020","AirNow","530070010","4","2.9","ug/m3 LC","12","LEAVENWORTH - EVANS ST","1","100.0000","88502","Acceptable PM2.5 AQI & Speciation Mass","48300","Wenatchee, WA","53","Washington","007","Chelan","47.598863","-120.664702"
"04/03/2020","AirNow","530070010","4","1.9","ug/m3 LC","8","LEAVENWORTH - EVANS ST","1","100.0000","88502","Acceptable PM2.5 AQI & Speciation Mass","48300","Wenatchee, WA","53","Washington","007","Chelan","47.598863","-120.664702"
"04/04/2020","AirNow","530070010","4","2.9","ug/m3 LC","12","LEAVENWORTH - EVANS ST","1","100.0000","88502","Acceptable PM2.5 AQI & Speciation Mass","48300","Wenatchee, WA","53","Washington","007","Chelan","47.598863","-120.664702"
"04/05/2020","AirNow","530070010","4","3.9","ug/m3 LC","16","LEAVENWORTH - EVANS ST","1","100.0000","88502","Acceptable PM2.5 AQI & Speciation Mass","48300","Wenatchee, WA","53","Washington","007","Chelan","47.598863","-120.664702"
"04/06/2020","AirNow","530070010","4","4.3","ug/m3 LC","18","LEAVENWORTH - EVANS ST","1","100.0000","88502","Acceptable PM2.5 AQI & Speciation Mass","48300","Wenatchee, WA","53","Washington","007","Chelan","47.598863","-120.664702"
"04/07/2020","AirNow","530070010","4","4.2","ug/m3 LC","18","LEAVENWORTH - EVANS ST","1","100.0000","88502","Acceptable PM2.5 AQI & Speciation Mass","48300","Wenatchee, WA","53","Washington","007","Chelan","47.598863","-120.664702"
"04/08/2020","AirNow","530070010","4","6.2","ug/m3 LC","26","LEAVENWORTH - EVANS ST","1","100.0000","88502","Acceptable PM2.5 AQI & Speciation Mass","48300","Wenatchee, WA","53","Washington","007","Chelan","47.598863","-120.664702"
"04/09/2020","AirNow","530070010","4","4.2","ug/m3 LC","18","LEAVENWORTH - EVANS ST","1","100.0000","88502","Acceptable PM2.5 AQI & Speciation Mass","48300","Wenatchee, WA","53","Washington","007","Chelan","47.598863","-120.664702"
"04/10/2020","AirNow","530070010","4","3.2","ug/m3 LC","13","LEAVENWORTH - EVANS ST","1","100.0000","88502","Acceptable PM2.5 AQI & Speciation Mass","48300","Wenatchee, WA","53","Washington","007","Chelan","47.598863","-120.664702"
"04/11/2020","AirNow","530070010","4","3.2","ug/m3 LC","13","LEAVENWORTH - EVANS ST","1","100.0000","88502","Acceptable PM2.5 AQI & Speciation Mass","48300","Wenatchee, WA","53","Washington","007","Chelan","47.598863","-120.664702"
"04/12/2020","AirNow","530070010","4","3.8","ug/m3 LC","16","LEAVENWORTH - EVANS ST","1","100.0000","88502","Acceptable PM2.5 AQI & Speciation Mass","48300","Wenatchee, WA","53","Washington","007","Chelan","47.598863","-120.664702"
"04/13/2020","AirNow","530070010","4","7.6","ug/m3 LC","32","LEAVENWORTH - EVANS ST","1","100.0000","88502","Acceptable PM2.5 AQI & Speciation Mass","48300","Wenatchee, WA","53","Washington","007","Chelan","47.598863","-120.664702"
"04/14/2020","AirNow","530070010","4","2.3","ug/m3 LC","10","LEAVENWORTH - EVANS ST","1","100.0000","88502","Acceptable PM2.5 AQI & Speciation Mass","48300","Wenatchee, WA","53","Washington","007","Chelan","47.598863","-120.664702"
"04/15/2020","AirNow","530070010","4","2.3","ug/m3 LC","10","LEAVENWORTH - EVANS ST","1","100.0000","88502","Acceptable PM2.5 AQI & Speciation Mass","48300","Wenatchee, WA","53","Washington","007","Chelan","47.598863","-120.664702"
"04/16/2020","AirNow","530070010","4","2.4","ug/m3 LC","10","LEAVENWORTH - EVANS ST","1","100.0000","88502","Acceptable PM2.5 AQI & Speciation Mass","48300","Wenatchee, WA","53","Washington","007","Chelan","47.598863","-120.664702"
"04/17/2020","AirNow","530070010","4","2.6","ug/m3 LC","11","LEAVENWORTH - EVANS ST","1","100.0000","88502","Acceptable PM2.5 AQI & Speciation Mass","48300","Wenatchee, WA","53","Washington","007","Chelan","47.598863","-120.664702"
"04/18/2020","AirNow","530070010","4","3","ug/m3 LC","13","LEAVENWORTH - EVANS ST","1","100.0000","88502","Acceptable PM2.5 AQI & Speciation Mass","48300","Wenatchee, WA","53","Washington","007","Chelan","47.598863","-120.664702"
"04/19/2020","AirNow","530070010","4","2.6","ug/m3 LC","11","LEAVENWORTH - EVANS ST","1","100.0000","88502","Acceptable PM2.5 AQI & Speciation Mass","48300","Wenatchee, WA","53","Washington","007","Chelan","47.598863","-120.664702"
"04/20/2020","AirNow","530070010","4","2.1","ug/m3 LC","9","LEAVENWORTH - EVANS ST","1","100.0000","88502","Acceptable PM2.5 AQI & Speciation Mass","48300","Wenatchee, WA","53","Washington","007","Chelan","47.598863","-120.664702"
"04/21/2020","AirNow","530070010","4","1.8","ug/m3 LC","8","LEAVENWORTH - EVANS ST","1","100.0000","88502","Acceptable PM2.5 AQI & Speciation Mass","48300","Wenatchee, WA","53","Washington","007","Chelan","47.598863","-120.664702"
"04/22/2020","AirNow","530070010","4","2.5","ug/m3 LC","10","LEAVENWORTH - EVANS ST","1","100.0000","88502","Acceptable PM2.5 AQI & Speciation Mass","48300","Wenatchee, WA","53","Washington","007","Chelan","47.598863","-120.664702"
"04/23/2020","AirNow","530070010","4","1.2","ug/m3 LC","5","LEAVENWORTH - EVANS ST","1","100.0000","88502","Acceptable PM2.5 AQI & Speciation Mass","48300","Wenatchee, WA","53","Washington","007","Chelan","47.598863","-120.664702"
"04/24/2020","AirNow","530070010","4","2.2","ug/m3 LC","9","LEAVENWORTH - EVANS ST","1","100.0000","88502","Acceptable PM2.5 AQI & Speciation Mass","48300","Wenatchee, WA","53","Washington","007","Chelan","47.598863","-120.664702"
"04/25/2020","AirNow","530070010","4","2.4","ug/m3 LC","10","LEAVENWORTH - EVANS ST","1","100.0000","88502","Acceptable PM2.5 AQI & Speciation Mass","48300","Wenatchee, WA","53","Washington","007","Chelan","47.598863","-120.664702"
"04/26/2020","AirNow","530070010","4","3.4","ug/m3 LC","14","LEAVENWORTH - EVANS ST","1","100.0000","88502","Acceptable PM2.5 AQI & Speciation Mass","48300","Wenatchee, WA","53","Washington","007","Chelan","47.598863","-120.664702"
"04/27/2020","AirNow","530070010","4","1.6","ug/m3 LC","7","LEAVENWORTH - EVANS ST","1","100.0000","88502","Acceptable PM2.5 AQI & Speciation Mass","48300","Wenatchee, WA","53","Washington","007","Chelan","47.598863","-120.664702"
"04/28/2020","AirNow","530070010","4","2.7","ug/m3 LC","11","LEAVENWORTH - EVANS ST","1","100.0000","88502","Acceptable PM2.5 AQI & Speciation Mass","48300","Wenatchee, WA","53","Washington","007","Chelan","47.598863","-120.664702"
"04/29/2020","AirNow","530070010","4","2.7","ug/m3 LC","11","LEAVENWORTH - EVANS ST","1","100.0000","88502","Acceptable PM2.5 AQI & Speciation Mass","48300","Wenatchee, WA","53","Washington","007","Chelan","47.598863","-120.664702"
"04/30/2020","AirNow","530070010","4","0.5","ug/m3 LC","2","LEAVENWORTH - EVANS ST","1","100.0000","88502","Acceptable PM2.5 AQI & Speciation Mass","48300","Wenatchee, WA","53","Washington","007","Chelan","47.598863","-120.664702"
"05/01/2020","AirNow","530070010","4","1.3","ug/m3 LC","5","LEAVENWORTH - EVANS ST","1","100.0000","88502","Acceptable PM2.5 AQI & Speciation Mass","48300","Wenatchee, WA","53","Washington","007","Chelan","47.598863","-120.664702"
"05/02/2020","AirNow","530070010","4","2.9","ug/m3 LC","12","LEAVENWORTH - EVANS ST","1","100.0000","88502","Acceptable PM2.5 AQI & Speciation Mass","48300","Wenatchee, WA","53","Washington","007","Chelan","47.598863","-120.664702"
"01/01/2020","AQS","530070011","4","6","ug/m3 LC","25","Wenatchee-Fifth St","1","100.0000","88502","Acceptable PM2.5 AQI & Speciation Mass","48300","Wenatchee, WA","53","Washington","007","Chelan","47.43061","-120.34195"
"01/02/2020","AQS","530070011","4","4.1","ug/m3 LC","17","Wenatchee-Fifth St","1","100.0000","88502","Acceptable PM2.5 AQI & Speciation Mass","48300","Wenatchee, WA","53","Washington","007","Chelan","47.43061","-120.34195"
"01/03/2020","AQS","530070011","4","8.3","ug/m3 LC","35","Wenatchee-Fifth St","1","100.0000","88502","Acceptable PM2.5 AQI & Speciation Mass","48300","Wenatchee, WA","53","Washington","007","Chelan","47.43061","-120.34195"
"01/04/2020","AQS","530070011","4","4.7","ug/m3 LC","20","Wenatchee-Fifth St","1","100.0000","88502","Acceptable PM2.5 AQI & Speciation Mass","48300","Wenatchee, WA","53","Washington","007","Chelan","47.43061","-120.34195"
"01/05/2020","AQS","530070011","4","7","ug/m3 LC","29","Wenatchee-Fifth St","1","100.0000","88502","Acceptable PM2.5 AQI & Speciation Mass","48300","Wenatchee, WA","53","Washington","007","Chelan","47.43061","-120.34195"
"01/06/2020","AQS","530070011","4","7.1","ug/m3 LC","30","Wenatchee-Fifth St","1","100.0000","88502","Acceptable PM2.5 AQI & Speciation Mass","48300","Wenatchee, WA","53","Washington","007","Chelan","47.43061","-120.34195"
"01/07/2020","AQS","530070011","4","11.7","ug/m3 LC","49","Wenatchee-Fifth St","1","100.0000","88502","Acceptable PM2.5 AQI & Speciation Mass","48300","Wenatchee, WA","53","Washington","007","Chelan","47.43061","-120.34195"
"01/08/2020","AQS","530070011","4","3.1","ug/m3 LC","13","Wenatchee-Fifth St","1","100.0000","88502","Acceptable PM2.5 AQI & Speciation Mass","48300","Wenatchee, WA","53","Washington","007","Chelan","47.43061","-120.34195"
"01/09/2020","AQS","530070011","4","4.3","ug/m3 LC","18","Wenatchee-Fifth St","1","100.0000","88502","Acceptable PM2.5 AQI & Speciation Mass","48300","Wenatchee, WA","53","Washington","007","Chelan","47.43061","-120.34195"
"01/10/2020","AQS","530070011","4","7.8","ug/m3 LC","33","Wenatchee-Fifth St","1","100.0000","88502","Acceptable PM2.5 AQI & Speciation Mass","48300","Wenatchee, WA","53","Washington","007","Chelan","47.43061","-120.34195"
"01/11/2020","AQS","530070011","4","8.8","ug/m3 LC","37","Wenatchee-Fifth St","1","100.0000","88502","Acceptable PM2.5 AQI & Speciation Mass","48300","Wenatchee, WA","53","Washington","007","Chelan","47.43061","-120.34195"
"01/12/2020","AQS","530070011","4","4.4","ug/m3 LC","18","Wenatchee-Fifth St","1","100.0000","88502","Acceptable PM2.5 AQI & Speciation Mass","48300","Wenatchee, WA","53","Washington","007","Chelan","47.43061","-120.34195"
"01/13/2020","AQS","530070011","4","4","ug/m3 LC","17","Wenatchee-Fifth St","1","100.0000","88502","Acceptable PM2.5 AQI & Speciation Mass","48300","Wenatchee, WA","53","Washington","007","Chelan","47.43061","-120.34195"
"01/14/2020","AQS","530070011","4","4.2","ug/m3 LC","18","Wenatchee-Fifth St","1","100.0000","88502","Acceptable PM2.5 AQI & Speciation Mass","48300","Wenatchee, WA","53","Washington","007","Chelan","47.43061","-120.34195"
"01/15/2020","AQS","530070011","4","5.8","ug/m3 LC","24","Wenatchee-Fifth St","1","100.0000","88502","Acceptable PM2.5 AQI & Speciation Mass","48300","Wenatchee, WA","53","Washington","007","Chelan","47.43061","-120.34195"
"01/16/2020","AQS","530070011","4","7.5","ug/m3 LC","31","Wenatchee-Fifth St","1","100.0000","88502","Acceptable PM2.5 AQI & Speciation Mass","48300","Wenatchee, WA","53","Washington","007","Chelan","47.43061","-120.34195"
"01/17/2020","AQS","530070011","4","7.4","ug/m3 LC","31","Wenatchee-Fifth St","1","100.0000","88502","Acceptable PM2.5 AQI & Speciation Mass","48300","Wenatchee, WA","53","Washington","007","Chelan","47.43061","-120.34195"
"01/18/2020","AQS","530070011","4","9.8","ug/m3 LC","41","Wenatchee-Fifth St","1","100.0000","88502","Acceptable PM2.5 AQI & Speciation Mass","48300","Wenatchee, WA","53","Washington","007","Chelan","47.43061","-120.34195"
"01/19/2020","AQS","530070011","4","12.3","ug/m3 LC","51","Wenatchee-Fifth St","1","100.0000","88502","Acceptable PM2.5 AQI & Speciation Mass","48300","Wenatchee, WA","53","Washington","007","Chelan","47.43061","-120.34195"
"01/20/2020","AQS","530070011","4","10.3","ug/m3 LC","43","Wenatchee-Fifth St","1","100.0000","88502","Acceptable PM2.5 AQI & Speciation Mass","48300","Wenatchee, WA","53","Washington","007","Chelan","47.43061","-120.34195"
"01/21/2020","AQS","530070011","4","12.4","ug/m3 LC","52","Wenatchee-Fifth St","1","100.0000","88502","Acceptable PM2.5 AQI & Speciation Mass","48300","Wenatchee, WA","53","Washington","007","Chelan","47.43061","-120.34195"
"01/22/2020","AQS","530070011","4","11.3","ug/m3 LC","47","Wenatchee-Fifth St","1","100.0000","88502","Acceptable PM2.5 AQI & Speciation Mass","48300","Wenatchee, WA","53","Washington","007","Chelan","47.43061","-120.34195"
"01/23/2020","AQS","530070011","4","12.6","ug/m3 LC","52","Wenatchee-Fifth St","1","100.0000","88502","Acceptable PM2.5 AQI & Speciation Mass","48300","Wenatchee, WA","53","Washington","007","Chelan","47.43061","-120.34195"
"01/24/2020","AQS","530070011","4","9.5","ug/m3 LC","40","Wenatchee-Fifth St","1","100.0000","88502","Acceptable PM2.5 AQI & Speciation Mass","48300","Wenatchee, WA","53","Washington","007","Chelan","47.43061","-120.34195"
"01/25/2020","AQS","530070011","4","5.2","ug/m3 LC","22","Wenatchee-Fifth St","1","100.0000","88502","Acceptable PM2.5 AQI & Speciation Mass","48300","Wenatchee, WA","53","Washington","007","Chelan","47.43061","-120.34195"
"01/26/2020","AQS","530070011","4","6.4","ug/m3 LC","27","Wenatchee-Fifth St","1","100.0000","88502","Acceptable PM2.5 AQI & Speciation Mass","48300","Wenatchee, WA","53","Washington","007","Chelan","47.43061","-120.34195"
"01/27/2020","AQS","530070011","4","6.7","ug/m3 LC","28","Wenatchee-Fifth St","1","100.0000","88502","Acceptable PM2.5 AQI & Speciation Mass","48300","Wenatchee, WA","53","Washington","007","Chelan","47.43061","-120.34195"
"01/28/2020","AQS","530070011","4","5.1","ug/m3 LC","21","Wenatchee-Fifth St","1","100.0000","88502","Acceptable PM2.5 AQI & Speciation Mass","48300","Wenatchee, WA","53","Washington","007","Chelan","47.43061","-120.34195"
"01/29/2020","AQS","530070011","4","8.5","ug/m3 LC","35","Wenatchee-Fifth St","1","100.0000","88502","Acceptable PM2.5 AQI & Speciation Mass","48300","Wenatchee, WA","53","Washington","007","Chelan","47.43061","-120.34195"
"01/30/2020","AQS","530070011","4","6.5","ug/m3 LC","27","Wenatchee-Fifth St","1","100.0000","88502","Acceptable PM2.5 AQI & Speciation Mass","48300","Wenatchee, WA","53","Washington","007","Chelan","47.43061","-120.34195"
"01/31/2020","AQS","530070011","4","9","ug/m3 LC","38","Wenatchee-Fifth St","1","100.0000","88502","Acceptable PM2.5 AQI & Speciation Mass","48300","Wenatchee, WA","53","Washington","007","Chelan","47.43061","-120.34195"
"02/01/2020","AirNow","530070011","4","3.2","ug/m3 LC","13","Wenatchee-Fifth St","1","100.0000","88502","Acceptable PM2.5 AQI & Speciation Mass","48300","Wenatchee, WA","53","Washington","007","Chelan","47.43061","-120.34195"
"02/02/2020","AirNow","530070011","4","4.1","ug/m3 LC","17","Wenatchee-Fifth St","1","100.0000","88502","Acceptable PM2.5 AQI & Speciation Mass","48300","Wenatchee, WA","53","Washington","007","Chelan","47.43061","-120.34195"
"02/03/2020","AirNow","530070011","4","4","ug/m3 LC","17","Wenatchee-Fifth St","1","100.0000","88502","Acceptable PM2.5 AQI & Speciation Mass","48300","Wenatchee, WA","53","Washington","007","Chelan","47.43061","-120.34195"
"02/04/2020","AirNow","530070011","4","5.9","ug/m3 LC","25","Wenatchee-Fifth St","1","100.0000","88502","Acceptable PM2.5 AQI & Speciation Mass","48300","Wenatchee, WA","53","Washington","007","Chelan","47.43061","-120.34195"
"02/05/2020","AirNow","530070011","4","8","ug/m3 LC","33","Wenatchee-Fifth St","1","100.0000","88502","Acceptable PM2.5 AQI & Speciation Mass","48300","Wenatchee, WA","53","Washington","007","Chelan","47.43061","-120.34195"
"02/06/2020","AirNow","530070011","4","9.9","ug/m3 LC","41","Wenatchee-Fifth St","1","100.0000","88502","Acceptable PM2.5 AQI & Speciation Mass","48300","Wenatchee, WA","53","Washington","007","Chelan","47.43061","-120.34195"
"02/07/2020","AirNow","530070011","4","7.8","ug/m3 LC","33","Wenatchee-Fifth St","1","100.0000","88502","Acceptable PM2.5 AQI & Speciation Mass","48300","Wenatchee, WA","53","Washington","007","Chelan","47.43061","-120.34195"
"02/08/2020","AirNow","530070011","4","3.3","ug/m3 LC","14","Wenatchee-Fifth St","1","100.0000","88502","Acceptable PM2.5 AQI & Speciation Mass","48300","Wenatchee, WA","53","Washington","007","Chelan","47.43061","-120.34195"
"02/09/2020","AirNow","530070011","4","3.6","ug/m3 LC","15","Wenatchee-Fifth St","1","100.0000","88502","Acceptable PM2.5 AQI & Speciation Mass","48300","Wenatchee, WA","53","Washington","007","Chelan","47.43061","-120.34195"
"02/10/2020","AirNow","530070011","4","4.9","ug/m3 LC","20","Wenatchee-Fifth St","1","100.0000","88502","Acceptable PM2.5 AQI & Speciation Mass","48300","Wenatchee, WA","53","Washington","007","Chelan","47.43061","-120.34195"
"02/11/2020","AirNow","530070011","4","4.2","ug/m3 LC","18","Wenatchee-Fifth St","1","100.0000","88502","Acceptable PM2.5 AQI & Speciation Mass","48300","Wenatchee, WA","53","Washington","007","Chelan","47.43061","-120.34195"
"02/12/2020","AirNow","530070011","4","5.8","ug/m3 LC","24","Wenatchee-Fifth St","1","100.0000","88502","Acceptable PM2.5 AQI & Speciation Mass","48300","Wenatchee, WA","53","Washington","007","Chelan","47.43061","-120.34195"
"02/13/2020","AirNow","530070011","4","6.4","ug/m3 LC","27","Wenatchee-Fifth St","1","100.0000","88502","Acceptable PM2.5 AQI & Speciation Mass","48300","Wenatchee, WA","53","Washington","007","Chelan","47.43061","-120.34195"
"02/14/2020","AirNow","530070011","4","3.8","ug/m3 LC","16","Wenatchee-Fifth St","1","100.0000","88502","Acceptable PM2.5 AQI & Speciation Mass","48300","Wenatchee, WA","53","Washington","007","Chelan","47.43061","-120.34195"
"02/15/2020","AirNow","530070011","4","5.5","ug/m3 LC","23","Wenatchee-Fifth St","1","100.0000","88502","Acceptable PM2.5 AQI & Speciation Mass","48300","Wenatchee, WA","53","Washington","007","Chelan","47.43061","-120.34195"
"02/16/2020","AirNow","530070011","4","3.4","ug/m3 LC","14","Wenatchee-Fifth St","1","100.0000","88502","Acceptable PM2.5 AQI & Speciation Mass","48300","Wenatchee, WA","53","Washington","007","Chelan","47.43061","-120.34195"
"02/17/2020","AirNow","530070011","4","3.4","ug/m3 LC","14","Wenatchee-Fifth St","1","100.0000","88502","Acceptable PM2.5 AQI & Speciation Mass","48300","Wenatchee, WA","53","Washington","007","Chelan","47.43061","-120.34195"
"02/18/2020","AirNow","530070011","4","4.2","ug/m3 LC","18","Wenatchee-Fifth St","1","100.0000","88502","Acceptable PM2.5 AQI & Speciation Mass","48300","Wenatchee, WA","53","Washington","007","Chelan","47.43061","-120.34195"
"02/19/2020","AirNow","530070011","4","4.6","ug/m3 LC","19","Wenatchee-Fifth St","1","100.0000","88502","Acceptable PM2.5 AQI & Speciation Mass","48300","Wenatchee, WA","53","Washington","007","Chelan","47.43061","-120.34195"
"02/20/2020","AirNow","530070011","4","5.9","ug/m3 LC","25","Wenatchee-Fifth St","1","100.0000","88502","Acceptable PM2.5 AQI & Speciation Mass","48300","Wenatchee, WA","53","Washington","007","Chelan","47.43061","-120.34195"
"02/21/2020","AirNow","530070011","4","7.6","ug/m3 LC","32","Wenatchee-Fifth St","1","100.0000","88502","Acceptable PM2.5 AQI & Speciation Mass","48300","Wenatchee, WA","53","Washington","007","Chelan","47.43061","-120.34195"
"02/23/2020","AirNow","530070011","4","3.3","ug/m3 LC","14","Wenatchee-Fifth St","1","100.0000","88502","Acceptable PM2.5 AQI & Speciation Mass","48300","Wenatchee, WA","53","Washington","007","Chelan","47.43061","-120.34195"
"02/24/2020","AirNow","530070011","4","3.1","ug/m3 LC","13","Wenatchee-Fifth St","1","100.0000","88502","Acceptable PM2.5 AQI & Speciation Mass","48300","Wenatchee, WA","53","Washington","007","Chelan","47.43061","-120.34195"
"02/25/2020","AirNow","530070011","4","4.7","ug/m3 LC","20","Wenatchee-Fifth St","1","100.0000","88502","Acceptable PM2.5 AQI & Speciation Mass","48300","Wenatchee, WA","53","Washington","007","Chelan","47.43061","-120.34195"
"02/26/2020","AirNow","530070011","4","4.4","ug/m3 LC","18","Wenatchee-Fifth St","1","100.0000","88502","Acceptable PM2.5 AQI & Speciation Mass","48300","Wenatchee, WA","53","Washington","007","Chelan","47.43061","-120.34195"
"02/27/2020","AirNow","530070011","4","4.1","ug/m3 LC","17","Wenatchee-Fifth St","1","100.0000","88502","Acceptable PM2.5 AQI & Speciation Mass","48300","Wenatchee, WA","53","Washington","007","Chelan","47.43061","-120.34195"
"02/29/2020","AirNow","530070011","4","2.3","ug/m3 LC","10","Wenatchee-Fifth St","1","100.0000","88502","Acceptable PM2.5 AQI & Speciation Mass","48300","Wenatchee, WA","53","Washington","007","Chelan","47.43061","-120.34195"
"03/01/2020","AirNow","530070011","4","3.3","ug/m3 LC","14","Wenatchee-Fifth St","1","100.0000","88502","Acceptable PM2.5 AQI & Speciation Mass","48300","Wenatchee, WA","53","Washington","007","Chelan","47.43061","-120.34195"
"03/02/2020","AirNow","530070011","4","2.2","ug/m3 LC","9","Wenatchee-Fifth St","1","100.0000","88502","Acceptable PM2.5 AQI & Speciation Mass","48300","Wenatchee, WA","53","Washington","007","Chelan","47.43061","-120.34195"
"03/03/2020","AirNow","530070011","4","2.9","ug/m3 LC","12","Wenatchee-Fifth St","1","100.0000","88502","Acceptable PM2.5 AQI & Speciation Mass","48300","Wenatchee, WA","53","Washington","007","Chelan","47.43061","-120.34195"
"03/04/2020","AirNow","530070011","4","3","ug/m3 LC","13","Wenatchee-Fifth St","1","100.0000","88502","Acceptable PM2.5 AQI & Speciation Mass","48300","Wenatchee, WA","53","Washington","007","Chelan","47.43061","-120.34195"
"03/05/2020","AirNow","530070011","4","4.3","ug/m3 LC","18","Wenatchee-Fifth St","1","100.0000","88502","Acceptable PM2.5 AQI & Speciation Mass","48300","Wenatchee, WA","53","Washington","007","Chelan","47.43061","-120.34195"
"03/06/2020","AirNow","530070011","4","5.9","ug/m3 LC","25","Wenatchee-Fifth St","1","100.0000","88502","Acceptable PM2.5 AQI & Speciation Mass","48300","Wenatchee, WA","53","Washington","007","Chelan","47.43061","-120.34195"
"03/07/2020","AirNow","530070011","4","3.4","ug/m3 LC","14","Wenatchee-Fifth St","1","100.0000","88502","Acceptable PM2.5 AQI & Speciation Mass","48300","Wenatchee, WA","53","Washington","007","Chelan","47.43061","-120.34195"
"03/08/2020","AirNow","530070011","4","3.2","ug/m3 LC","13","Wenatchee-Fifth St","1","100.0000","88502","Acceptable PM2.5 AQI & Speciation Mass","48300","Wenatchee, WA","53","Washington","007","Chelan","47.43061","-120.34195"
"03/09/2020","AirNow","530070011","4","3.4","ug/m3 LC","14","Wenatchee-Fifth St","1","100.0000","88502","Acceptable PM2.5 AQI & Speciation Mass","48300","Wenatchee, WA","53","Washington","007","Chelan","47.43061","-120.34195"
"03/10/2020","AirNow","530070011","4","4","ug/m3 LC","17","Wenatchee-Fifth St","1","100.0000","88502","Acceptable PM2.5 AQI & Speciation Mass","48300","Wenatchee, WA","53","Washington","007","Chelan","47.43061","-120.34195"
"03/11/2020","AirNow","530070011","4","3.6","ug/m3 LC","15","Wenatchee-Fifth St","1","100.0000","88502","Acceptable PM2.5 AQI & Speciation Mass","48300","Wenatchee, WA","53","Washington","007","Chelan","47.43061","-120.34195"
"03/12/2020","AirNow","530070011","4","3.4","ug/m3 LC","14","Wenatchee-Fifth St","1","100.0000","88502","Acceptable PM2.5 AQI & Speciation Mass","48300","Wenatchee, WA","53","Washington","007","Chelan","47.43061","-120.34195"
"03/13/2020","AirNow","530070011","4","3.7","ug/m3 LC","15","Wenatchee-Fifth St","1","100.0000","88502","Acceptable PM2.5 AQI & Speciation Mass","48300","Wenatchee, WA","53","Washington","007","Chelan","47.43061","-120.34195"
"03/14/2020","AirNow","530070011","4","3.9","ug/m3 LC","16","Wenatchee-Fifth St","1","100.0000","88502","Acceptable PM2.5 AQI & Speciation Mass","48300","Wenatchee, WA","53","Washington","007","Chelan","47.43061","-120.34195"
"03/15/2020","AirNow","530070011","4","5","ug/m3 LC","21","Wenatchee-Fifth St","1","100.0000","88502","Acceptable PM2.5 AQI & Speciation Mass","48300","Wenatchee, WA","53","Washington","007","Chelan","47.43061","-120.34195"
"03/16/2020","AirNow","530070011","4","4.7","ug/m3 LC","20","Wenatchee-Fifth St","1","100.0000","88502","Acceptable PM2.5 AQI & Speciation Mass","48300","Wenatchee, WA","53","Washington","007","Chelan","47.43061","-120.34195"
"03/17/2020","AirNow","530070011","4","4.8","ug/m3 LC","20","Wenatchee-Fifth St","1","100.0000","88502","Acceptable PM2.5 AQI & Speciation Mass","48300","Wenatchee, WA","53","Washington","007","Chelan","47.43061","-120.34195"
"03/18/2020","AirNow","530070011","4","5.2","ug/m3 LC","22","Wenatchee-Fifth St","1","100.0000","88502","Acceptable PM2.5 AQI & Speciation Mass","48300","Wenatchee, WA","53","Washington","007","Chelan","47.43061","-120.34195"
"03/19/2020","AirNow","530070011","4","5.6","ug/m3 LC","23","Wenatchee-Fifth St","1","100.0000","88502","Acceptable PM2.5 AQI & Speciation Mass","48300","Wenatchee, WA","53","Washington","007","Chelan","47.43061","-120.34195"
"03/20/2020","AirNow","530070011","4","5.2","ug/m3 LC","22","Wenatchee-Fifth St","1","100.0000","88502","Acceptable PM2.5 AQI & Speciation Mass","48300","Wenatchee, WA","53","Washington","007","Chelan","47.43061","-120.34195"
"03/21/2020","AirNow","530070011","4","5.1","ug/m3 LC","21","Wenatchee-Fifth St","1","100.0000","88502","Acceptable PM2.5 AQI & Speciation Mass","48300","Wenatchee, WA","53","Washington","007","Chelan","47.43061","-120.34195"
"03/22/2020","AirNow","530070011","4","6.5","ug/m3 LC","27","Wenatchee-Fifth St","1","100.0000","88502","Acceptable PM2.5 AQI & Speciation Mass","48300","Wenatchee, WA","53","Washington","007","Chelan","47.43061","-120.34195"
"03/23/2020","AirNow","530070011","4","4.1","ug/m3 LC","17","Wenatchee-Fifth St","1","100.0000","88502","Acceptable PM2.5 AQI & Speciation Mass","48300","Wenatchee, WA","53","Washington","007","Chelan","47.43061","-120.34195"
"03/24/2020","AirNow","530070011","4","3.4","ug/m3 LC","14","Wenatchee-Fifth St","1","100.0000","88502","Acceptable PM2.5 AQI & Speciation Mass","48300","Wenatchee, WA","53","Washington","007","Chelan","47.43061","-120.34195"
"03/25/2020","AirNow","530070011","4","3.3","ug/m3 LC","14","Wenatchee-Fifth St","1","100.0000","88502","Acceptable PM2.5 AQI & Speciation Mass","48300","Wenatchee, WA","53","Washington","007","Chelan","47.43061","-120.34195"
"03/26/2020","AirNow","530070011","4","3.9","ug/m3 LC","16","Wenatchee-Fifth St","1","100.0000","88502","Acceptable PM2.5 AQI & Speciation Mass","48300","Wenatchee, WA","53","Washington","007","Chelan","47.43061","-120.34195"
"03/27/2020","AirNow","530070011","4","3.6","ug/m3 LC","15","Wenatchee-Fifth St","1","100.0000","88502","Acceptable PM2.5 AQI & Speciation Mass","48300","Wenatchee, WA","53","Washington","007","Chelan","47.43061","-120.34195"
"03/28/2020","AirNow","530070011","4","3.1","ug/m3 LC","13","Wenatchee-Fifth St","1","100.0000","88502","Acceptable PM2.5 AQI & Speciation Mass","48300","Wenatchee, WA","53","Washington","007","Chelan","47.43061","-120.34195"
"03/29/2020","AirNow","530070011","4","3","ug/m3 LC","13","Wenatchee-Fifth St","1","100.0000","88502","Acceptable PM2.5 AQI & Speciation Mass","48300","Wenatchee, WA","53","Washington","007","Chelan","47.43061","-120.34195"
"03/30/2020","AirNow","530070011","4","2.6","ug/m3 LC","11","Wenatchee-Fifth St","1","100.0000","88502","Acceptable PM2.5 AQI & Speciation Mass","48300","Wenatchee, WA","53","Washington","007","Chelan","47.43061","-120.34195"
"03/31/2020","AirNow","530070011","4","2.7","ug/m3 LC","11","Wenatchee-Fifth St","1","100.0000","88502","Acceptable PM2.5 AQI & Speciation Mass","48300","Wenatchee, WA","53","Washington","007","Chelan","47.43061","-120.34195"
"04/01/2020","AirNow","530070011","4","2.9","ug/m3 LC","12","Wenatchee-Fifth St","1","100.0000","88502","Acceptable PM2.5 AQI & Speciation Mass","48300","Wenatchee, WA","53","Washington","007","Chelan","47.43061","-120.34195"
"04/02/2020","AirNow","530070011","4","3.7","ug/m3 LC","15","Wenatchee-Fifth St","1","100.0000","88502","Acceptable PM2.5 AQI & Speciation Mass","48300","Wenatchee, WA","53","Washington","007","Chelan","47.43061","-120.34195"
"04/03/2020","AirNow","530070011","4","3.2","ug/m3 LC","13","Wenatchee-Fifth St","1","100.0000","88502","Acceptable PM2.5 AQI & Speciation Mass","48300","Wenatchee, WA","53","Washington","007","Chelan","47.43061","-120.34195"
"04/04/2020","AirNow","530070011","4","3.4","ug/m3 LC","14","Wenatchee-Fifth St","1","100.0000","88502","Acceptable PM2.5 AQI & Speciation Mass","48300","Wenatchee, WA","53","Washington","007","Chelan","47.43061","-120.34195"
"04/05/2020","AirNow","530070011","4","4.5","ug/m3 LC","19","Wenatchee-Fifth St","1","100.0000","88502","Acceptable PM2.5 AQI & Speciation Mass","48300","Wenatchee, WA","53","Washington","007","Chelan","47.43061","-120.34195"
"04/06/2020","AirNow","530070011","4","4.8","ug/m3 LC","20","Wenatchee-Fifth St","1","100.0000","88502","Acceptable PM2.5 AQI & Speciation Mass","48300","Wenatchee, WA","53","Washington","007","Chelan","47.43061","-120.34195"
"04/07/2020","AirNow","530070011","4","5.2","ug/m3 LC","22","Wenatchee-Fifth St","1","100.0000","88502","Acceptable PM2.5 AQI & Speciation Mass","48300","Wenatchee, WA","53","Washington","007","Chelan","47.43061","-120.34195"
"04/08/2020","AirNow","530070011","4","6.1","ug/m3 LC","25","Wenatchee-Fifth St","1","100.0000","88502","Acceptable PM2.5 AQI & Speciation Mass","48300","Wenatchee, WA","53","Washington","007","Chelan","47.43061","-120.34195"
"04/09/2020","AirNow","530070011","4","5.7","ug/m3 LC","24","Wenatchee-Fifth St","1","100.0000","88502","Acceptable PM2.5 AQI & Speciation Mass","48300","Wenatchee, WA","53","Washington","007","Chelan","47.43061","-120.34195"
"04/10/2020","AirNow","530070011","4","4.1","ug/m3 LC","17","Wenatchee-Fifth St","1","100.0000","88502","Acceptable PM2.5 AQI & Speciation Mass","48300","Wenatchee, WA","53","Washington","007","Chelan","47.43061","-120.34195"
"04/11/2020","AirNow","530070011","4","3.9","ug/m3 LC","16","Wenatchee-Fifth St","1","100.0000","88502","Acceptable PM2.5 AQI & Speciation Mass","48300","Wenatchee, WA","53","Washington","007","Chelan","47.43061","-120.34195"
"04/12/2020","AirNow","530070011","4","4.3","ug/m3 LC","18","Wenatchee-Fifth St","1","100.0000","88502","Acceptable PM2.5 AQI & Speciation Mass","48300","Wenatchee, WA","53","Washington","007","Chelan","47.43061","-120.34195"
"04/13/2020","AirNow","530070011","4","5","ug/m3 LC","21","Wenatchee-Fifth St","1","100.0000","88502","Acceptable PM2.5 AQI & Speciation Mass","48300","Wenatchee, WA","53","Washington","007","Chelan","47.43061","-120.34195"
"04/14/2020","AirNow","530070011","4","3.8","ug/m3 LC","16","Wenatchee-Fifth St","1","100.0000","88502","Acceptable PM2.5 AQI & Speciation Mass","48300","Wenatchee, WA","53","Washington","007","Chelan","47.43061","-120.34195"
"04/15/2020","AirNow","530070011","4","3.5","ug/m3 LC","15","Wenatchee-Fifth St","1","100.0000","88502","Acceptable PM2.5 AQI & Speciation Mass","48300","Wenatchee, WA","53","Washington","007","Chelan","47.43061","-120.34195"
"04/16/2020","AirNow","530070011","4","3.5","ug/m3 LC","15","Wenatchee-Fifth St","1","100.0000","88502","Acceptable PM2.5 AQI & Speciation Mass","48300","Wenatchee, WA","53","Washington","007","Chelan","47.43061","-120.34195"
"04/17/2020","AirNow","530070011","4","4.2","ug/m3 LC","18","Wenatchee-Fifth St","1","100.0000","88502","Acceptable PM2.5 AQI & Speciation Mass","48300","Wenatchee, WA","53","Washington","007","Chelan","47.43061","-120.34195"
"04/18/2020","AirNow","530070011","4","4","ug/m3 LC","17","Wenatchee-Fifth St","1","100.0000","88502","Acceptable PM2.5 AQI & Speciation Mass","48300","Wenatchee, WA","53","Washington","007","Chelan","47.43061","-120.34195"
"04/19/2020","AirNow","530070011","4","4","ug/m3 LC","17","Wenatchee-Fifth St","1","100.0000","88502","Acceptable PM2.5 AQI & Speciation Mass","48300","Wenatchee, WA","53","Washington","007","Chelan","47.43061","-120.34195"
"04/20/2020","AirNow","530070011","4","4","ug/m3 LC","17","Wenatchee-Fifth St","1","100.0000","88502","Acceptable PM2.5 AQI & Speciation Mass","48300","Wenatchee, WA","53","Washington","007","Chelan","47.43061","-120.34195"
"04/21/2020","AirNow","530070011","4","3.5","ug/m3 LC","15","Wenatchee-Fifth St","1","100.0000","88502","Acceptable PM2.5 AQI & Speciation Mass","48300","Wenatchee, WA","53","Washington","007","Chelan","47.43061","-120.34195"
"04/22/2020","AirNow","530070011","4","3.8","ug/m3 LC","16","Wenatchee-Fifth St","1","100.0000","88502","Acceptable PM2.5 AQI & Speciation Mass","48300","Wenatchee, WA","53","Washington","007","Chelan","47.43061","-120.34195"
"04/23/2020","AirNow","530070011","4","4.5","ug/m3 LC","19","Wenatchee-Fifth St","1","100.0000","88502","Acceptable PM2.5 AQI & Speciation Mass","48300","Wenatchee, WA","53","Washington","007","Chelan","47.43061","-120.34195"
"04/24/2020","AirNow","530070011","4","3.5","ug/m3 LC","15","Wenatchee-Fifth St","1","100.0000","88502","Acceptable PM2.5 AQI & Speciation Mass","48300","Wenatchee, WA","53","Washington","007","Chelan","47.43061","-120.34195"
"04/25/2020","AirNow","530070011","4","3.9","ug/m3 LC","16","Wenatchee-Fifth St","1","100.0000","88502","Acceptable PM2.5 AQI & Speciation Mass","48300","Wenatchee, WA","53","Washington","007","Chelan","47.43061","-120.34195"
"04/26/2020","AirNow","530070011","4","4.2","ug/m3 LC","18","Wenatchee-Fifth St","1","100.0000","88502","Acceptable PM2.5 AQI & Speciation Mass","48300","Wenatchee, WA","53","Washington","007","Chelan","47.43061","-120.34195"
"04/27/2020","AirNow","530070011","4","3.3","ug/m3 LC","14","Wenatchee-Fifth St","1","100.0000","88502","Acceptable PM2.5 AQI & Speciation Mass","48300","Wenatchee, WA","53","Washington","007","Chelan","47.43061","-120.34195"
"04/28/2020","AirNow","530070011","4","4.2","ug/m3 LC","18","Wenatchee-Fifth St","1","100.0000","88502","Acceptable PM2.5 AQI & Speciation Mass","48300","Wenatchee, WA","53","Washington","007","Chelan","47.43061","-120.34195"
"04/29/2020","AirNow","530070011","4","4.5","ug/m3 LC","19","Wenatchee-Fifth St","1","100.0000","88502","Acceptable PM2.5 AQI & Speciation Mass","48300","Wenatchee, WA","53","Washington","007","Chelan","47.43061","-120.34195"
"04/30/2020","AirNow","530070011","4","2.2","ug/m3 LC","9","Wenatchee-Fifth St","1","100.0000","88502","Acceptable PM2.5 AQI & Speciation Mass","48300","Wenatchee, WA","53","Washington","007","Chelan","47.43061","-120.34195"
"05/01/2020","AirNow","530070011","4","3.2","ug/m3 LC","13","Wenatchee-Fifth St","1","100.0000","88502","Acceptable PM2.5 AQI & Speciation Mass","48300","Wenatchee, WA","53","Washington","007","Chelan","47.43061","-120.34195"
"05/02/2020","AirNow","530070011","4","4.1","ug/m3 LC","17","Wenatchee-Fifth St","1","100.0000","88502","Acceptable PM2.5 AQI & Speciation Mass","48300","Wenatchee, WA","53","Washington","007","Chelan","47.43061","-120.34195"
"01/01/2020","AQS","530090013","4","1.4","ug/m3 LC","6","CHEEKA PEAK","1","100.0000","88502","Acceptable PM2.5 AQI & Speciation Mass","38820","Port Angeles, WA","53","Washington","009","Clallam","48.29786","-124.62491"
"01/02/2020","AQS","530090013","4","1.6","ug/m3 LC","7","CHEEKA PEAK","1","100.0000","88502","Acceptable PM2.5 AQI & Speciation Mass","38820","Port Angeles, WA","53","Washington","009","Clallam","48.29786","-124.62491"
"01/07/2020","AQS","530090013","4","0.8","ug/m3 LC","3","CHEEKA PEAK","1","100.0000","88502","Acceptable PM2.5 AQI & Speciation Mass","38820","Port Angeles, WA","53","Washington","009","Clallam","48.29786","-124.62491"
"01/08/2020","AQS","530090013","4","1.7","ug/m3 LC","7","CHEEKA PEAK","1","100.0000","88502","Acceptable PM2.5 AQI & Speciation Mass","38820","Port Angeles, WA","53","Washington","009","Clallam","48.29786","-124.62491"
"01/09/2020","AQS","530090013","4","0.1","ug/m3 LC","0","CHEEKA PEAK","1","100.0000","88502","Acceptable PM2.5 AQI & Speciation Mass","38820","Port Angeles, WA","53","Washington","009","Clallam","48.29786","-124.62491"
"01/10/2020","AQS","530090013","4","0","ug/m3 LC","0","CHEEKA PEAK","1","100.0000","88502","Acceptable PM2.5 AQI & Speciation Mass","38820","Port Angeles, WA","53","Washington","009","Clallam","48.29786","-124.62491"
"01/11/2020","AQS","530090013","4","1.4","ug/m3 LC","6","CHEEKA PEAK","1","100.0000","88502","Acceptable PM2.5 AQI & Speciation Mass","38820","Port Angeles, WA","53","Washington","009","Clallam","48.29786","-124.62491"
"01/12/2020","AQS","530090013","4","1.9","ug/m3 LC","8","CHEEKA PEAK","1","100.0000","88502","Acceptable PM2.5 AQI & Speciation Mass","38820","Port Angeles, WA","53","Washington","009","Clallam","48.29786","-124.62491"
"01/13/2020","AQS","530090013","4","1.3","ug/m3 LC","5","CHEEKA PEAK","1","100.0000","88502","Acceptable PM2.5 AQI & Speciation Mass","38820","Port Angeles, WA","53","Washington","009","Clallam","48.29786","-124.62491"
"01/14/2020","AQS","530090013","4","0.7","ug/m3 LC","3","CHEEKA PEAK","1","100.0000","88502","Acceptable PM2.5 AQI & Speciation Mass","38820","Port Angeles, WA","53","Washington","009","Clallam","48.29786","-124.62491"
"01/15/2020","AQS","530090013","4","0.1","ug/m3 LC","0","CHEEKA PEAK","1","100.0000","88502","Acceptable PM2.5 AQI & Speciation Mass","38820","Port Angeles, WA","53","Washington","009","Clallam","48.29786","-124.62491"
"01/16/2020","AQS","530090013","4","0.2","ug/m3 LC","1","CHEEKA PEAK","1","100.0000","88502","Acceptable PM2.5 AQI & Speciation Mass","38820","Port Angeles, WA","53","Washington","009","Clallam","48.29786","-124.62491"
"01/17/2020","AQS","530090013","4","0.2","ug/m3 LC","1","CHEEKA PEAK","1","100.0000","88502","Acceptable PM2.5 AQI & Speciation Mass","38820","Port Angeles, WA","53","Washington","009","Clallam","48.29786","-124.62491"
"01/18/2020","AQS","530090013","4","0.9","ug/m3 LC","4","CHEEKA PEAK","1","100.0000","88502","Acceptable PM2.5 AQI & Speciation Mass","38820","Port Angeles, WA","53","Washington","009","Clallam","48.29786","-124.62491"
"01/19/2020","AQS","530090013","4","1.8","ug/m3 LC","8","CHEEKA PEAK","1","100.0000","88502","Acceptable PM2.5 AQI & Speciation Mass","38820","Port Angeles, WA","53","Washington","009","Clallam","48.29786","-124.62491"
"01/20/2020","AQS","530090013","4","0.3","ug/m3 LC","1","CHEEKA PEAK","1","100.0000","88502","Acceptable PM2.5 AQI & Speciation Mass","38820","Port Angeles, WA","53","Washington","009","Clallam","48.29786","-124.62491"
"01/21/2020","AQS","530090013","4","0","ug/m3 LC","0","CHEEKA PEAK","1","100.0000","88502","Acceptable PM2.5 AQI & Speciation Mass","38820","Port Angeles, WA","53","Washington","009","Clallam","48.29786","-124.62491"
"01/22/2020","AQS","530090013","4","0.2","ug/m3 LC","1","CHEEKA PEAK","1","100.0000","88502","Acceptable PM2.5 AQI & Speciation Mass","38820","Port Angeles, WA","53","Washington","009","Clallam","48.29786","-124.62491"
"01/23/2020","AQS","530090013","4","0","ug/m3 LC","0","CHEEKA PEAK","1","100.0000","88502","Acceptable PM2.5 AQI & Speciation Mass","38820","Port Angeles, WA","53","Washington","009","Clallam","48.29786","-124.62491"
"01/24/2020","AQS","530090013","4","0","ug/m3 LC","0","CHEEKA PEAK","1","100.0000","88502","Acceptable PM2.5 AQI & Speciation Mass","38820","Port Angeles, WA","53","Washington","009","Clallam","48.29786","-124.62491"
"01/25/2020","AQS","530090013","4","0","ug/m3 LC","0","CHEEKA PEAK","1","100.0000","88502","Acceptable PM2.5 AQI & Speciation Mass","38820","Port Angeles, WA","53","Washington","009","Clallam","48.29786","-124.62491"
"01/26/2020","AQS","530090013","4","0.1","ug/m3 LC","0","CHEEKA PEAK","1","100.0000","88502","Acceptable PM2.5 AQI & Speciation Mass","38820","Port Angeles, WA","53","Washington","009","Clallam","48.29786","-124.62491"
"01/27/2020","AQS","530090013","4","0.2","ug/m3 LC","1","CHEEKA PEAK","1","100.0000","88502","Acceptable PM2.5 AQI & Speciation Mass","38820","Port Angeles, WA","53","Washington","009","Clallam","48.29786","-124.62491"
"01/28/2020","AQS","530090013","4","0.3","ug/m3 LC","1","CHEEKA PEAK","1","100.0000","88502","Acceptable PM2.5 AQI & Speciation Mass","38820","Port Angeles, WA","53","Washington","009","Clallam","48.29786","-124.62491"
"01/29/2020","AQS","530090013","4","1.3","ug/m3 LC","5","CHEEKA PEAK","1","100.0000","88502","Acceptable PM2.5 AQI & Speciation Mass","38820","Port Angeles, WA","53","Washington","009","Clallam","48.29786","-124.62491"
"01/30/2020","AQS","530090013","4","1.2","ug/m3 LC","5","CHEEKA PEAK","1","100.0000","88502","Acceptable PM2.5 AQI & Speciation Mass","38820","Port Angeles, WA","53","Washington","009","Clallam","48.29786","-124.62491"
"02/02/2020","AirNow","530090013","4","0.1","ug/m3 LC","0","CHEEKA PEAK","1","100.0000","88502","Acceptable PM2.5 AQI & Speciation Mass","38820","Port Angeles, WA","53","Washington","009","Clallam","48.29786","-124.62491"
"02/03/2020","AirNow","530090013","4","0","ug/m3 LC","0","CHEEKA PEAK","1","100.0000","88502","Acceptable PM2.5 AQI & Speciation Mass","38820","Port Angeles, WA","53","Washington","009","Clallam","48.29786","-124.62491"
"02/04/2020","AirNow","530090013","4","0","ug/m3 LC","0","CHEEKA PEAK","1","100.0000","88502","Acceptable PM2.5 AQI & Speciation Mass","38820","Port Angeles, WA","53","Washington","009","Clallam","48.29786","-124.62491"
"02/05/2020","AirNow","530090013","4","0","ug/m3 LC","0","CHEEKA PEAK","1","100.0000","88502","Acceptable PM2.5 AQI & Speciation Mass","38820","Port Angeles, WA","53","Washington","009","Clallam","48.29786","-124.62491"
"02/06/2020","AirNow","530090013","4","0","ug/m3 LC","0","CHEEKA PEAK","1","100.0000","88502","Acceptable PM2.5 AQI & Speciation Mass","38820","Port Angeles, WA","53","Washington","009","Clallam","48.29786","-124.62491"
"02/07/2020","AirNow","530090013","4","0.1","ug/m3 LC","0","CHEEKA PEAK","1","100.0000","88502","Acceptable PM2.5 AQI & Speciation Mass","38820","Port Angeles, WA","53","Washington","009","Clallam","48.29786","-124.62491"
"02/08/2020","AirNow","530090013","4","1.5","ug/m3 LC","6","CHEEKA PEAK","1","100.0000","88502","Acceptable PM2.5 AQI & Speciation Mass","38820","Port Angeles, WA","53","Washington","009","Clallam","48.29786","-124.62491"
"02/09/2020","AirNow","530090013","4","1","ug/m3 LC","4","CHEEKA PEAK","1","100.0000","88502","Acceptable PM2.5 AQI & Speciation Mass","38820","Port Angeles, WA","53","Washington","009","Clallam","48.29786","-124.62491"
"02/10/2020","AirNow","530090013","4","1.6","ug/m3 LC","7","CHEEKA PEAK","1","100.0000","88502","Acceptable PM2.5 AQI & Speciation Mass","38820","Port Angeles, WA","53","Washington","009","Clallam","48.29786","-124.62491"
"02/11/2020","AirNow","530090013","4","0","ug/m3 LC","0","CHEEKA PEAK","1","100.0000","88502","Acceptable PM2.5 AQI & Speciation Mass","38820","Port Angeles, WA","53","Washington","009","Clallam","48.29786","-124.62491"
"02/12/2020","AirNow","530090013","4","0.4","ug/m3 LC","2","CHEEKA PEAK","1","100.0000","88502","Acceptable PM2.5 AQI & Speciation Mass","38820","Port Angeles, WA","53","Washington","009","Clallam","48.29786","-124.62491"
"02/13/2020","AirNow","530090013","4","0.5","ug/m3 LC","2","CHEEKA PEAK","1","100.0000","88502","Acceptable PM2.5 AQI & Speciation Mass","38820","Port Angeles, WA","53","Washington","009","Clallam","48.29786","-124.62491"
"02/14/2020","AirNow","530090013","4","0.6","ug/m3 LC","3","CHEEKA PEAK","1","100.0000","88502","Acceptable PM2.5 AQI & Speciation Mass","38820","Port Angeles, WA","53","Washington","009","Clallam","48.29786","-124.62491"
"02/15/2020","AirNow","530090013","4","0.4","ug/m3 LC","2","CHEEKA PEAK","1","100.0000","88502","Acceptable PM2.5 AQI & Speciation Mass","38820","Port Angeles, WA","53","Washington","009","Clallam","48.29786","-124.62491"
"02/16/2020","AirNow","530090013","4","1.1","ug/m3 LC","5","CHEEKA PEAK","1","100.0000","88502","Acceptable PM2.5 AQI & Speciation Mass","38820","Port Angeles, WA","53","Washington","009","Clallam","48.29786","-124.62491"
"02/17/2020","AirNow","530090013","4","1.1","ug/m3 LC","5","CHEEKA PEAK","1","100.0000","88502","Acceptable PM2.5 AQI & Speciation Mass","38820","Port Angeles, WA","53","Washington","009","Clallam","48.29786","-124.62491"
"02/18/2020","AirNow","530090013","4","1.5","ug/m3 LC","6","CHEEKA PEAK","1","100.0000","88502","Acceptable PM2.5 AQI & Speciation Mass","38820","Port Angeles, WA","53","Washington","009","Clallam","48.29786","-124.62491"
"02/19/2020","AirNow","530090013","4","2.8","ug/m3 LC","12","CHEEKA PEAK","1","100.0000","88502","Acceptable PM2.5 AQI & Speciation Mass","38820","Port Angeles, WA","53","Washington","009","Clallam","48.29786","-124.62491"
"02/20/2020","AirNow","530090013","4","3.2","ug/m3 LC","13","CHEEKA PEAK","1","100.0000","88502","Acceptable PM2.5 AQI & Speciation Mass","38820","Port Angeles, WA","53","Washington","009","Clallam","48.29786","-124.62491"
"02/21/2020","AirNow","530090013","4","2.5","ug/m3 LC","10","CHEEKA PEAK","1","100.0000","88502","Acceptable PM2.5 AQI & Speciation Mass","38820","Port Angeles, WA","53","Washington","009","Clallam","48.29786","-124.62491"
"02/22/2020","AirNow","530090013","4","1.1","ug/m3 LC","5","CHEEKA PEAK","1","100.0000","88502","Acceptable PM2.5 AQI & Speciation Mass","38820","Port Angeles, WA","53","Washington","009","Clallam","48.29786","-124.62491"
"02/23/2020","AirNow","530090013","4","0.8","ug/m3 LC","3","CHEEKA PEAK","1","100.0000","88502","Acceptable PM2.5 AQI & Speciation Mass","38820","Port Angeles, WA","53","Washington","009","Clallam","48.29786","-124.62491"
"02/25/2020","AirNow","530090013","4","1.9","ug/m3 LC","8","CHEEKA PEAK","1","100.0000","88502","Acceptable PM2.5 AQI & Speciation Mass","38820","Port Angeles, WA","53","Washington","009","Clallam","48.29786","-124.62491"
"02/26/2020","AirNow","530090013","4","0.3","ug/m3 LC","1","CHEEKA PEAK","1","100.0000","88502","Acceptable PM2.5 AQI & Speciation Mass","38820","Port Angeles, WA","53","Washington","009","Clallam","48.29786","-124.62491"
"02/27/2020","AirNow","530090013","4","0.2","ug/m3 LC","1","CHEEKA PEAK","1","100.0000","88502","Acceptable PM2.5 AQI & Speciation Mass","38820","Port Angeles, WA","53","Washington","009","Clallam","48.29786","-124.62491"
"02/28/2020","AirNow","530090013","4","0.2","ug/m3 LC","1","CHEEKA PEAK","1","100.0000","88502","Acceptable PM2.5 AQI & Speciation Mass","38820","Port Angeles, WA","53","Washington","009","Clallam","48.29786","-124.62491"
"02/29/2020","AirNow","530090013","4","2.4","ug/m3 LC","10","CHEEKA PEAK","1","100.0000","88502","Acceptable PM2.5 AQI & Speciation Mass","38820","Port Angeles, WA","53","Washington","009","Clallam","48.29786","-124.62491"
"03/01/2020","AirNow","530090013","4","1.8","ug/m3 LC","8","CHEEKA PEAK","1","100.0000","88502","Acceptable PM2.5 AQI & Speciation Mass","38820","Port Angeles, WA","53","Washington","009","Clallam","48.29786","-124.62491"
"03/02/2020","AirNow","530090013","4","0.2","ug/m3 LC","1","CHEEKA PEAK","1","100.0000","88502","Acceptable PM2.5 AQI & Speciation Mass","38820","Port Angeles, WA","53","Washington","009","Clallam","48.29786","-124.62491"
"03/03/2020","AirNow","530090013","4","0.5","ug/m3 LC","2","CHEEKA PEAK","1","100.0000","88502","Acceptable PM2.5 AQI & Speciation Mass","38820","Port Angeles, WA","53","Washington","009","Clallam","48.29786","-124.62491"
"03/04/2020","AirNow","530090013","4","2.8","ug/m3 LC","12","CHEEKA PEAK","1","100.0000","88502","Acceptable PM2.5 AQI & Speciation Mass","38820","Port Angeles, WA","53","Washington","009","Clallam","48.29786","-124.62491"
"03/05/2020","AirNow","530090013","4","1.4","ug/m3 LC","6","CHEEKA PEAK","1","100.0000","88502","Acceptable PM2.5 AQI & Speciation Mass","38820","Port Angeles, WA","53","Washington","009","Clallam","48.29786","-124.62491"
"03/06/2020","AirNow","530090013","4","1.8","ug/m3 LC","8","CHEEKA PEAK","1","100.0000","88502","Acceptable PM2.5 AQI & Speciation Mass","38820","Port Angeles, WA","53","Washington","009","Clallam","48.29786","-124.62491"
"03/07/2020","AirNow","530090013","4","0.6","ug/m3 LC","3","CHEEKA PEAK","1","100.0000","88502","Acceptable PM2.5 AQI & Speciation Mass","38820","Port Angeles, WA","53","Washington","009","Clallam","48.29786","-124.62491"
"03/08/2020","AirNow","530090013","4","0.8","ug/m3 LC","3","CHEEKA PEAK","1","100.0000","88502","Acceptable PM2.5 AQI & Speciation Mass","38820","Port Angeles, WA","53","Washington","009","Clallam","48.29786","-124.62491"
"03/09/2020","AirNow","530090013","4","1.5","ug/m3 LC","6","CHEEKA PEAK","1","100.0000","88502","Acceptable PM2.5 AQI & Speciation Mass","38820","Port Angeles, WA","53","Washington","009","Clallam","48.29786","-124.62491"
"03/10/2020","AirNow","530090013","4","0.5","ug/m3 LC","2","CHEEKA PEAK","1","100.0000","88502","Acceptable PM2.5 AQI & Speciation Mass","38820","Port Angeles, WA","53","Washington","009","Clallam","48.29786","-124.62491"
"03/11/2020","AirNow","530090013","4","2.2","ug/m3 LC","9","CHEEKA PEAK","1","100.0000","88502","Acceptable PM2.5 AQI & Speciation Mass","38820","Port Angeles, WA","53","Washington","009","Clallam","48.29786","-124.62491"
"03/12/2020","AirNow","530090013","4","1.9","ug/m3 LC","8","CHEEKA PEAK","1","100.0000","88502","Acceptable PM2.5 AQI & Speciation Mass","38820","Port Angeles, WA","53","Washington","009","Clallam","48.29786","-124.62491"
"03/13/2020","AirNow","530090013","4","1.4","ug/m3 LC","6","CHEEKA PEAK","1","100.0000","88502","Acceptable PM2.5 AQI & Speciation Mass","38820","Port Angeles, WA","53","Washington","009","Clallam","48.29786","-124.62491"
"03/15/2020","AirNow","530090013","4","2.2","ug/m3 LC","9","CHEEKA PEAK","1","100.0000","88502","Acceptable PM2.5 AQI & Speciation Mass","38820","Port Angeles, WA","53","Washington","009","Clallam","48.29786","-124.62491"
"03/16/2020","AirNow","530090013","4","1.9","ug/m3 LC","8","CHEEKA PEAK","1","100.0000","88502","Acceptable PM2.5 AQI & Speciation Mass","38820","Port Angeles, WA","53","Washington","009","Clallam","48.29786","-124.62491"
"03/17/2020","AirNow","530090013","4","2.2","ug/m3 LC","9","CHEEKA PEAK","1","100.0000","88502","Acceptable PM2.5 AQI & Speciation Mass","38820","Port Angeles, WA","53","Washington","009","Clallam","48.29786","-124.62491"
"03/18/2020","AirNow","530090013","4","3.9","ug/m3 LC","16","CHEEKA PEAK","1","100.0000","88502","Acceptable PM2.5 AQI & Speciation Mass","38820","Port Angeles, WA","53","Washington","009","Clallam","48.29786","-124.62491"
"03/19/2020","AirNow","530090013","4","4.1","ug/m3 LC","17","CHEEKA PEAK","1","100.0000","88502","Acceptable PM2.5 AQI & Speciation Mass","38820","Port Angeles, WA","53","Washington","009","Clallam","48.29786","-124.62491"
"03/20/2020","AirNow","530090013","4","2.4","ug/m3 LC","10","CHEEKA PEAK","1","100.0000","88502","Acceptable PM2.5 AQI & Speciation Mass","38820","Port Angeles, WA","53","Washington","009","Clallam","48.29786","-124.62491"
"03/21/2020","AirNow","530090013","4","0.5","ug/m3 LC","2","CHEEKA PEAK","1","100.0000","88502","Acceptable PM2.5 AQI & Speciation Mass","38820","Port Angeles, WA","53","Washington","009","Clallam","48.29786","-124.62491"
"03/22/2020","AirNow","530090013","4","0.5","ug/m3 LC","2","CHEEKA PEAK","1","100.0000","88502","Acceptable PM2.5 AQI & Speciation Mass","38820","Port Angeles, WA","53","Washington","009","Clallam","48.29786","-124.62491"
"03/23/2020","AirNow","530090013","4","0.7","ug/m3 LC","3","CHEEKA PEAK","1","100.0000","88502","Acceptable PM2.5 AQI & Speciation Mass","38820","Port Angeles, WA","53","Washington","009","Clallam","48.29786","-124.62491"
"03/24/2020","AirNow","530090013","4","0.8","ug/m3 LC","3","CHEEKA PEAK","1","100.0000","88502","Acceptable PM2.5 AQI & Speciation Mass","38820","Port Angeles, WA","53","Washington","009","Clallam","48.29786","-124.62491"
"03/25/2020","AirNow","530090013","4","1.3","ug/m3 LC","5","CHEEKA PEAK","1","100.0000","88502","Acceptable PM2.5 AQI & Speciation Mass","38820","Port Angeles, WA","53","Washington","009","Clallam","48.29786","-124.62491"
"03/26/2020","AirNow","530090013","4","1.5","ug/m3 LC","6","CHEEKA PEAK","1","100.0000","88502","Acceptable PM2.5 AQI & Speciation Mass","38820","Port Angeles, WA","53","Washington","009","Clallam","48.29786","-124.62491"
"03/27/2020","AirNow","530090013","4","0.8","ug/m3 LC","3","CHEEKA PEAK","1","100.0000","88502","Acceptable PM2.5 AQI & Speciation Mass","38820","Port Angeles, WA","53","Washington","009","Clallam","48.29786","-124.62491"
"03/28/2020","AirNow","530090013","4","0.3","ug/m3 LC","1","CHEEKA PEAK","1","100.0000","88502","Acceptable PM2.5 AQI & Speciation Mass","38820","Port Angeles, WA","53","Washington","009","Clallam","48.29786","-124.62491"
"03/29/2020","AirNow","530090013","4","0.6","ug/m3 LC","3","CHEEKA PEAK","1","100.0000","88502","Acceptable PM2.5 AQI & Speciation Mass","38820","Port Angeles, WA","53","Washington","009","Clallam","48.29786","-124.62491"
"03/30/2020","AirNow","530090013","4","1","ug/m3 LC","4","CHEEKA PEAK","1","100.0000","88502","Acceptable PM2.5 AQI & Speciation Mass","38820","Port Angeles, WA","53","Washington","009","Clallam","48.29786","-124.62491"
"04/01/2020","AirNow","530090013","4","1.1","ug/m3 LC","5","CHEEKA PEAK","1","100.0000","88502","Acceptable PM2.5 AQI & Speciation Mass","38820","Port Angeles, WA","53","Washington","009","Clallam","48.29786","-124.62491"
"04/02/2020","AirNow","530090013","4","1.5","ug/m3 LC","6","CHEEKA PEAK","1","100.0000","88502","Acceptable PM2.5 AQI & Speciation Mass","38820","Port Angeles, WA","53","Washington","009","Clallam","48.29786","-124.62491"
"04/03/2020","AirNow","530090013","4","1.2","ug/m3 LC","5","CHEEKA PEAK","1","100.0000","88502","Acceptable PM2.5 AQI & Speciation Mass","38820","Port Angeles, WA","53","Washington","009","Clallam","48.29786","-124.62491"
"04/04/2020","AirNow","530090013","4","1.4","ug/m3 LC","6","CHEEKA PEAK","1","100.0000","88502","Acceptable PM2.5 AQI & Speciation Mass","38820","Port Angeles, WA","53","Washington","009","Clallam","48.29786","-124.62491"
"04/05/2020","AirNow","530090013","4","2","ug/m3 LC","8","CHEEKA PEAK","1","100.0000","88502","Acceptable PM2.5 AQI & Speciation Mass","38820","Port Angeles, WA","53","Washington","009","Clallam","48.29786","-124.62491"
"04/06/2020","AirNow","530090013","4","2.2","ug/m3 LC","9","CHEEKA PEAK","1","100.0000","88502","Acceptable PM2.5 AQI & Speciation Mass","38820","Port Angeles, WA","53","Washington","009","Clallam","48.29786","-124.62491"
"04/07/2020","AirNow","530090013","4","3.7","ug/m3 LC","15","CHEEKA PEAK","1","100.0000","88502","Acceptable PM2.5 AQI & Speciation Mass","38820","Port Angeles, WA","53","Washington","009","Clallam","48.29786","-124.62491"
"04/08/2020","AirNow","530090013","4","4.3","ug/m3 LC","18","CHEEKA PEAK","1","100.0000","88502","Acceptable PM2.5 AQI & Speciation Mass","38820","Port Angeles, WA","53","Washington","009","Clallam","48.29786","-124.62491"
"04/09/2020","AirNow","530090013","4","3.5","ug/m3 LC","15","CHEEKA PEAK","1","100.0000","88502","Acceptable PM2.5 AQI & Speciation Mass","38820","Port Angeles, WA","53","Washington","009","Clallam","48.29786","-124.62491"
"04/10/2020","AirNow","530090013","4","0.4","ug/m3 LC","2","CHEEKA PEAK","1","100.0000","88502","Acceptable PM2.5 AQI & Speciation Mass","38820","Port Angeles, WA","53","Washington","009","Clallam","48.29786","-124.62491"
"04/11/2020","AirNow","530090013","4","1.8","ug/m3 LC","8","CHEEKA PEAK","1","100.0000","88502","Acceptable PM2.5 AQI & Speciation Mass","38820","Port Angeles, WA","53","Washington","009","Clallam","48.29786","-124.62491"
"04/12/2020","AirNow","530090013","4","2","ug/m3 LC","8","CHEEKA PEAK","1","100.0000","88502","Acceptable PM2.5 AQI & Speciation Mass","38820","Port Angeles, WA","53","Washington","009","Clallam","48.29786","-124.62491"
"04/13/2020","AirNow","530090013","4","2.1","ug/m3 LC","9","CHEEKA PEAK","1","100.0000","88502","Acceptable PM2.5 AQI & Speciation Mass","38820","Port Angeles, WA","53","Washington","009","Clallam","48.29786","-124.62491"
"04/14/2020","AirNow","530090013","4","1.7","ug/m3 LC","7","CHEEKA PEAK","1","100.0000","88502","Acceptable PM2.5 AQI & Speciation Mass","38820","Port Angeles, WA","53","Washington","009","Clallam","48.29786","-124.62491"
"04/15/2020","AirNow","530090013","4","1.9","ug/m3 LC","8","CHEEKA PEAK","1","100.0000","88502","Acceptable PM2.5 AQI & Speciation Mass","38820","Port Angeles, WA","53","Washington","009","Clallam","48.29786","-124.62491"
"04/16/2020","AirNow","530090013","4","1.5","ug/m3 LC","6","CHEEKA PEAK","1","100.0000","88502","Acceptable PM2.5 AQI & Speciation Mass","38820","Port Angeles, WA","53","Washington","009","Clallam","48.29786","-124.62491"
"04/17/2020","AirNow","530090013","4","1.3","ug/m3 LC","5","CHEEKA PEAK","1","100.0000","88502","Acceptable PM2.5 AQI & Speciation Mass","38820","Port Angeles, WA","53","Washington","009","Clallam","48.29786","-124.62491"
"04/18/2020","AirNow","530090013","4","0.6","ug/m3 LC","3","CHEEKA PEAK","1","100.0000","88502","Acceptable PM2.5 AQI & Speciation Mass","38820","Port Angeles, WA","53","Washington","009","Clallam","48.29786","-124.62491"
"04/19/2020","AirNow","530090013","4","0.6","ug/m3 LC","3","CHEEKA PEAK","1","100.0000","88502","Acceptable PM2.5 AQI & Speciation Mass","38820","Port Angeles, WA","53","Washington","009","Clallam","48.29786","-124.62491"
"04/20/2020","AirNow","530090013","4","1","ug/m3 LC","4","CHEEKA PEAK","1","100.0000","88502","Acceptable PM2.5 AQI & Speciation Mass","38820","Port Angeles, WA","53","Washington","009","Clallam","48.29786","-124.62491"
"04/21/2020","AirNow","530090013","4","0.8","ug/m3 LC","3","CHEEKA PEAK","1","100.0000","88502","Acceptable PM2.5 AQI & Speciation Mass","38820","Port Angeles, WA","53","Washington","009","Clallam","48.29786","-124.62491"
"04/22/2020","AirNow","530090013","4","0.6","ug/m3 LC","3","CHEEKA PEAK","1","100.0000","88502","Acceptable PM2.5 AQI & Speciation Mass","38820","Port Angeles, WA","53","Washington","009","Clallam","48.29786","-124.62491"
"04/23/2020","AirNow","530090013","4","0.5","ug/m3 LC","2","CHEEKA PEAK","1","100.0000","88502","Acceptable PM2.5 AQI & Speciation Mass","38820","Port Angeles, WA","53","Washington","009","Clallam","48.29786","-124.62491"
"04/24/2020","AirNow","530090013","4","1.1","ug/m3 LC","5","CHEEKA PEAK","1","100.0000","88502","Acceptable PM2.5 AQI & Speciation Mass","38820","Port Angeles, WA","53","Washington","009","Clallam","48.29786","-124.62491"
"04/25/2020","AirNow","530090013","4","0.6","ug/m3 LC","3","CHEEKA PEAK","1","100.0000","88502","Acceptable PM2.5 AQI & Speciation Mass","38820","Port Angeles, WA","53","Washington","009","Clallam","48.29786","-124.62491"
"04/26/2020","AirNow","530090013","4","1.9","ug/m3 LC","8","CHEEKA PEAK","1","100.0000","88502","Acceptable PM2.5 AQI & Speciation Mass","38820","Port Angeles, WA","53","Washington","009","Clallam","48.29786","-124.62491"
"04/27/2020","AirNow","530090013","4","1.2","ug/m3 LC","5","CHEEKA PEAK","1","100.0000","88502","Acceptable PM2.5 AQI & Speciation Mass","38820","Port Angeles, WA","53","Washington","009","Clallam","48.29786","-124.62491"
"04/28/2020","AirNow","530090013","4","2.4","ug/m3 LC","10","CHEEKA PEAK","1","100.0000","88502","Acceptable PM2.5 AQI & Speciation Mass","38820","Port Angeles, WA","53","Washington","009","Clallam","48.29786","-124.62491"
"04/29/2020","AirNow","530090013","4","1.6","ug/m3 LC","7","CHEEKA PEAK","1","100.0000","88502","Acceptable PM2.5 AQI & Speciation Mass","38820","Port Angeles, WA","53","Washington","009","Clallam","48.29786","-124.62491"
"04/30/2020","AirNow","530090013","4","0.7","ug/m3 LC","3","CHEEKA PEAK","1","100.0000","88502","Acceptable PM2.5 AQI & Speciation Mass","38820","Port Angeles, WA","53","Washington","009","Clallam","48.29786","-124.62491"
"05/01/2020","AirNow","530090013","4","1.4","ug/m3 LC","6","CHEEKA PEAK","1","100.0000","88502","Acceptable PM2.5 AQI & Speciation Mass","38820","Port Angeles, WA","53","Washington","009","Clallam","48.29786","-124.62491"
"05/02/2020","AirNow","530090013","4","1.4","ug/m3 LC","6","CHEEKA PEAK","1","100.0000","88502","Acceptable PM2.5 AQI & Speciation Mass","38820","Port Angeles, WA","53","Washington","009","Clallam","48.29786","-124.62491"
"01/01/2020","AQS","530090015","4","2.4","ug/m3 LC","10","Neah Bay 2-Makah Tribe","1","100.0000","88502","Acceptable PM2.5 AQI & Speciation Mass","38820","Port Angeles, WA","53","Washington","009","Clallam","48.3660580009365","-124.610045"
"01/02/2020","AQS","530090015","4","2.5","ug/m3 LC","10","Neah Bay 2-Makah Tribe","1","100.0000","88502","Acceptable PM2.5 AQI & Speciation Mass","38820","Port Angeles, WA","53","Washington","009","Clallam","48.3660580009365","-124.610045"
"01/03/2020","AQS","530090015","4","1.9","ug/m3 LC","8","Neah Bay 2-Makah Tribe","1","100.0000","88502","Acceptable PM2.5 AQI & Speciation Mass","38820","Port Angeles, WA","53","Washington","009","Clallam","48.3660580009365","-124.610045"
"01/04/2020","AQS","530090015","4","2.2","ug/m3 LC","9","Neah Bay 2-Makah Tribe","1","100.0000","88502","Acceptable PM2.5 AQI & Speciation Mass","38820","Port Angeles, WA","53","Washington","009","Clallam","48.3660580009365","-124.610045"
"01/05/2020","AQS","530090015","4","2.5","ug/m3 LC","10","Neah Bay 2-Makah Tribe","1","100.0000","88502","Acceptable PM2.5 AQI & Speciation Mass","38820","Port Angeles, WA","53","Washington","009","Clallam","48.3660580009365","-124.610045"
"01/06/2020","AQS","530090015","4","1.4","ug/m3 LC","6","Neah Bay 2-Makah Tribe","1","100.0000","88502","Acceptable PM2.5 AQI & Speciation Mass","38820","Port Angeles, WA","53","Washington","009","Clallam","48.3660580009365","-124.610045"
"01/07/2020","AQS","530090015","4","1.6","ug/m3 LC","7","Neah Bay 2-Makah Tribe","1","100.0000","88502","Acceptable PM2.5 AQI & Speciation Mass","38820","Port Angeles, WA","53","Washington","009","Clallam","48.3660580009365","-124.610045"
"01/08/2020","AQS","530090015","4","3.3","ug/m3 LC","14","Neah Bay 2-Makah Tribe","1","100.0000","88502","Acceptable PM2.5 AQI & Speciation Mass","38820","Port Angeles, WA","53","Washington","009","Clallam","48.3660580009365","-124.610045"
"01/09/2020","AQS","530090015","4","4.1","ug/m3 LC","17","Neah Bay 2-Makah Tribe","1","100.0000","88502","Acceptable PM2.5 AQI & Speciation Mass","38820","Port Angeles, WA","53","Washington","009","Clallam","48.3660580009365","-124.610045"
"01/10/2020","AQS","530090015","4","2.2","ug/m3 LC","9","Neah Bay 2-Makah Tribe","1","100.0000","88502","Acceptable PM2.5 AQI & Speciation Mass","38820","Port Angeles, WA","53","Washington","009","Clallam","48.3660580009365","-124.610045"
"01/11/2020","AQS","530090015","4","3","ug/m3 LC","13","Neah Bay 2-Makah Tribe","1","100.0000","88502","Acceptable PM2.5 AQI & Speciation Mass","38820","Port Angeles, WA","53","Washington","009","Clallam","48.3660580009365","-124.610045"
"01/12/2020","AQS","530090015","4","2.6","ug/m3 LC","11","Neah Bay 2-Makah Tribe","1","100.0000","88502","Acceptable PM2.5 AQI & Speciation Mass","38820","Port Angeles, WA","53","Washington","009","Clallam","48.3660580009365","-124.610045"
"01/13/2020","AQS","530090015","4","2.5","ug/m3 LC","10","Neah Bay 2-Makah Tribe","1","100.0000","88502","Acceptable PM2.5 AQI & Speciation Mass","38820","Port Angeles, WA","53","Washington","009","Clallam","48.3660580009365","-124.610045"
"01/14/2020","AQS","530090015","4","2.3","ug/m3 LC","10","Neah Bay 2-Makah Tribe","1","100.0000","88502","Acceptable PM2.5 AQI & Speciation Mass","38820","Port Angeles, WA","53","Washington","009","Clallam","48.3660580009365","-124.610045"
"01/15/2020","AQS","530090015","4","2","ug/m3 LC","8","Neah Bay 2-Makah Tribe","1","100.0000","88502","Acceptable PM2.5 AQI & Speciation Mass","38820","Port Angeles, WA","53","Washington","009","Clallam","48.3660580009365","-124.610045"
"01/16/2020","AQS","530090015","4","3.5","ug/m3 LC","15","Neah Bay 2-Makah Tribe","1","100.0000","88502","Acceptable PM2.5 AQI & Speciation Mass","38820","Port Angeles, WA","53","Washington","009","Clallam","48.3660580009365","-124.610045"
"01/17/2020","AQS","530090015","4","2.8","ug/m3 LC","12","Neah Bay 2-Makah Tribe","1","100.0000","88502","Acceptable PM2.5 AQI & Speciation Mass","38820","Port Angeles, WA","53","Washington","009","Clallam","48.3660580009365","-124.610045"
"01/18/2020","AQS","530090015","4","2","ug/m3 LC","8","Neah Bay 2-Makah Tribe","1","100.0000","88502","Acceptable PM2.5 AQI & Speciation Mass","38820","Port Angeles, WA","53","Washington","009","Clallam","48.3660580009365","-124.610045"
"01/19/2020","AQS","530090015","4","1.9","ug/m3 LC","8","Neah Bay 2-Makah Tribe","1","100.0000","88502","Acceptable PM2.5 AQI & Speciation Mass","38820","Port Angeles, WA","53","Washington","009","Clallam","48.3660580009365","-124.610045"
"01/20/2020","AQS","530090015","4","2.1","ug/m3 LC","9","Neah Bay 2-Makah Tribe","1","100.0000","88502","Acceptable PM2.5 AQI & Speciation Mass","38820","Port Angeles, WA","53","Washington","009","Clallam","48.3660580009365","-124.610045"
"01/21/2020","AQS","530090015","4","1.9","ug/m3 LC","8","Neah Bay 2-Makah Tribe","1","100.0000","88502","Acceptable PM2.5 AQI & Speciation Mass","38820","Port Angeles, WA","53","Washington","009","Clallam","48.3660580009365","-124.610045"
"01/22/2020","AQS","530090015","4","1.8","ug/m3 LC","8","Neah Bay 2-Makah Tribe","1","100.0000","88502","Acceptable PM2.5 AQI & Speciation Mass","38820","Port Angeles, WA","53","Washington","009","Clallam","48.3660580009365","-124.610045"
"01/23/2020","AQS","530090015","4","1.5","ug/m3 LC","6","Neah Bay 2-Makah Tribe","1","100.0000","88502","Acceptable PM2.5 AQI & Speciation Mass","38820","Port Angeles, WA","53","Washington","009","Clallam","48.3660580009365","-124.610045"
"01/24/2020","AQS","530090015","4","2","ug/m3 LC","8","Neah Bay 2-Makah Tribe","1","100.0000","88502","Acceptable PM2.5 AQI & Speciation Mass","38820","Port Angeles, WA","53","Washington","009","Clallam","48.3660580009365","-124.610045"
"01/25/2020","AQS","530090015","4","2","ug/m3 LC","8","Neah Bay 2-Makah Tribe","1","100.0000","88502","Acceptable PM2.5 AQI & Speciation Mass","38820","Port Angeles, WA","53","Washington","009","Clallam","48.3660580009365","-124.610045"
"01/26/2020","AQS","530090015","4","2.3","ug/m3 LC","10","Neah Bay 2-Makah Tribe","1","100.0000","88502","Acceptable PM2.5 AQI & Speciation Mass","38820","Port Angeles, WA","53","Washington","009","Clallam","48.3660580009365","-124.610045"
"01/27/2020","AQS","530090015","4","1.9","ug/m3 LC","8","Neah Bay 2-Makah Tribe","1","100.0000","88502","Acceptable PM2.5 AQI & Speciation Mass","38820","Port Angeles, WA","53","Washington","009","Clallam","48.3660580009365","-124.610045"
"01/28/2020","AQS","530090015","4","2.3","ug/m3 LC","10","Neah Bay 2-Makah Tribe","1","100.0000","88502","Acceptable PM2.5 AQI & Speciation Mass","38820","Port Angeles, WA","53","Washington","009","Clallam","48.3660580009365","-124.610045"
"01/29/2020","AQS","530090015","4","3.6","ug/m3 LC","15","Neah Bay 2-Makah Tribe","1","100.0000","88502","Acceptable PM2.5 AQI & Speciation Mass","38820","Port Angeles, WA","53","Washington","009","Clallam","48.3660580009365","-124.610045"
"01/30/2020","AQS","530090015","4","2.4","ug/m3 LC","10","Neah Bay 2-Makah Tribe","1","100.0000","88502","Acceptable PM2.5 AQI & Speciation Mass","38820","Port Angeles, WA","53","Washington","009","Clallam","48.3660580009365","-124.610045"
"02/01/2020","AirNow","530090015","4","3.1","ug/m3 LC","13","Neah Bay 2-Makah Tribe","1","100.0000","88502","Acceptable PM2.5 AQI & Speciation Mass","38820","Port Angeles, WA","53","Washington","009","Clallam","48.3660580009365","-124.610045"
"02/02/2020","AirNow","530090015","4","2.9","ug/m3 LC","12","Neah Bay 2-Makah Tribe","1","100.0000","88502","Acceptable PM2.5 AQI & Speciation Mass","38820","Port Angeles, WA","53","Washington","009","Clallam","48.3660580009365","-124.610045"
"02/03/2020","AirNow","530090015","4","5.5","ug/m3 LC","23","Neah Bay 2-Makah Tribe","1","100.0000","88502","Acceptable PM2.5 AQI & Speciation Mass","38820","Port Angeles, WA","53","Washington","009","Clallam","48.3660580009365","-124.610045"
"02/04/2020","AirNow","530090015","4","2.7","ug/m3 LC","11","Neah Bay 2-Makah Tribe","1","100.0000","88502","Acceptable PM2.5 AQI & Speciation Mass","38820","Port Angeles, WA","53","Washington","009","Clallam","48.3660580009365","-124.610045"
"02/05/2020","AirNow","530090015","4","1.6","ug/m3 LC","7","Neah Bay 2-Makah Tribe","1","100.0000","88502","Acceptable PM2.5 AQI & Speciation Mass","38820","Port Angeles, WA","53","Washington","009","Clallam","48.3660580009365","-124.610045"
"02/06/2020","AirNow","530090015","4","1.7","ug/m3 LC","7","Neah Bay 2-Makah Tribe","1","100.0000","88502","Acceptable PM2.5 AQI & Speciation Mass","38820","Port Angeles, WA","53","Washington","009","Clallam","48.3660580009365","-124.610045"
"02/07/2020","AirNow","530090015","4","1.9","ug/m3 LC","8","Neah Bay 2-Makah Tribe","1","100.0000","88502","Acceptable PM2.5 AQI & Speciation Mass","38820","Port Angeles, WA","53","Washington","009","Clallam","48.3660580009365","-124.610045"
"02/08/2020","AirNow","530090015","4","3.5","ug/m3 LC","15","Neah Bay 2-Makah Tribe","1","100.0000","88502","Acceptable PM2.5 AQI & Speciation Mass","38820","Port Angeles, WA","53","Washington","009","Clallam","48.3660580009365","-124.610045"
"02/09/2020","AirNow","530090015","4","4.6","ug/m3 LC","19","Neah Bay 2-Makah Tribe","1","100.0000","88502","Acceptable PM2.5 AQI & Speciation Mass","38820","Port Angeles, WA","53","Washington","009","Clallam","48.3660580009365","-124.610045"
"02/10/2020","AirNow","530090015","4","6.4","ug/m3 LC","27","Neah Bay 2-Makah Tribe","1","100.0000","88502","Acceptable PM2.5 AQI & Speciation Mass","38820","Port Angeles, WA","53","Washington","009","Clallam","48.3660580009365","-124.610045"
"02/11/2020","AirNow","530090015","4","2.8","ug/m3 LC","12","Neah Bay 2-Makah Tribe","1","100.0000","88502","Acceptable PM2.5 AQI & Speciation Mass","38820","Port Angeles, WA","53","Washington","009","Clallam","48.3660580009365","-124.610045"
"02/12/2020","AirNow","530090015","4","4.4","ug/m3 LC","18","Neah Bay 2-Makah Tribe","1","100.0000","88502","Acceptable PM2.5 AQI & Speciation Mass","38820","Port Angeles, WA","53","Washington","009","Clallam","48.3660580009365","-124.610045"
"02/13/2020","AirNow","530090015","4","2.6","ug/m3 LC","11","Neah Bay 2-Makah Tribe","1","100.0000","88502","Acceptable PM2.5 AQI & Speciation Mass","38820","Port Angeles, WA","53","Washington","009","Clallam","48.3660580009365","-124.610045"
"02/14/2020","AirNow","530090015","4","2.9","ug/m3 LC","12","Neah Bay 2-Makah Tribe","1","100.0000","88502","Acceptable PM2.5 AQI & Speciation Mass","38820","Port Angeles, WA","53","Washington","009","Clallam","48.3660580009365","-124.610045"
"02/15/2020","AirNow","530090015","4","2","ug/m3 LC","8","Neah Bay 2-Makah Tribe","1","100.0000","88502","Acceptable PM2.5 AQI & Speciation Mass","38820","Port Angeles, WA","53","Washington","009","Clallam","48.3660580009365","-124.610045"
"02/16/2020","AirNow","530090015","4","2.4","ug/m3 LC","10","Neah Bay 2-Makah Tribe","1","100.0000","88502","Acceptable PM2.5 AQI & Speciation Mass","38820","Port Angeles, WA","53","Washington","009","Clallam","48.3660580009365","-124.610045"
"02/17/2020","AirNow","530090015","4","5.4","ug/m3 LC","23","Neah Bay 2-Makah Tribe","1","100.0000","88502","Acceptable PM2.5 AQI & Speciation Mass","38820","Port Angeles, WA","53","Washington","009","Clallam","48.3660580009365","-124.610045"
"02/18/2020","AirNow","530090015","4","4","ug/m3 LC","17","Neah Bay 2-Makah Tribe","1","100.0000","88502","Acceptable PM2.5 AQI & Speciation Mass","38820","Port Angeles, WA","53","Washington","009","Clallam","48.3660580009365","-124.610045"
"02/19/2020","AirNow","530090015","4","3.1","ug/m3 LC","13","Neah Bay 2-Makah Tribe","1","100.0000","88502","Acceptable PM2.5 AQI & Speciation Mass","38820","Port Angeles, WA","53","Washington","009","Clallam","48.3660580009365","-124.610045"
"02/20/2020","AirNow","530090015","4","6","ug/m3 LC","25","Neah Bay 2-Makah Tribe","1","100.0000","88502","Acceptable PM2.5 AQI & Speciation Mass","38820","Port Angeles, WA","53","Washington","009","Clallam","48.3660580009365","-124.610045"
"02/21/2020","AirNow","530090015","4","7.2","ug/m3 LC","30","Neah Bay 2-Makah Tribe","1","100.0000","88502","Acceptable PM2.5 AQI & Speciation Mass","38820","Port Angeles, WA","53","Washington","009","Clallam","48.3660580009365","-124.610045"
"02/22/2020","AirNow","530090015","4","2.7","ug/m3 LC","11","Neah Bay 2-Makah Tribe","1","100.0000","88502","Acceptable PM2.5 AQI & Speciation Mass","38820","Port Angeles, WA","53","Washington","009","Clallam","48.3660580009365","-124.610045"
"02/23/2020","AirNow","530090015","4","3","ug/m3 LC","13","Neah Bay 2-Makah Tribe","1","100.0000","88502","Acceptable PM2.5 AQI & Speciation Mass","38820","Port Angeles, WA","53","Washington","009","Clallam","48.3660580009365","-124.610045"
"02/24/2020","AirNow","530090015","4","4.5","ug/m3 LC","19","Neah Bay 2-Makah Tribe","1","100.0000","88502","Acceptable PM2.5 AQI & Speciation Mass","38820","Port Angeles, WA","53","Washington","009","Clallam","48.3660580009365","-124.610045"
"02/25/2020","AirNow","530090015","4","3.3","ug/m3 LC","14","Neah Bay 2-Makah Tribe","1","100.0000","88502","Acceptable PM2.5 AQI & Speciation Mass","38820","Port Angeles, WA","53","Washington","009","Clallam","48.3660580009365","-124.610045"
"02/26/2020","AirNow","530090015","4","6","ug/m3 LC","25","Neah Bay 2-Makah Tribe","1","100.0000","88502","Acceptable PM2.5 AQI & Speciation Mass","38820","Port Angeles, WA","53","Washington","009","Clallam","48.3660580009365","-124.610045"
"02/27/2020","AirNow","530090015","4","3.9","ug/m3 LC","16","Neah Bay 2-Makah Tribe","1","100.0000","88502","Acceptable PM2.5 AQI & Speciation Mass","38820","Port Angeles, WA","53","Washington","009","Clallam","48.3660580009365","-124.610045"
"02/28/2020","AirNow","530090015","4","2.6","ug/m3 LC","11","Neah Bay 2-Makah Tribe","1","100.0000","88502","Acceptable PM2.5 AQI & Speciation Mass","38820","Port Angeles, WA","53","Washington","009","Clallam","48.3660580009365","-124.610045"
"02/29/2020","AirNow","530090015","4","3.7","ug/m3 LC","15","Neah Bay 2-Makah Tribe","1","100.0000","88502","Acceptable PM2.5 AQI & Speciation Mass","38820","Port Angeles, WA","53","Washington","009","Clallam","48.3660580009365","-124.610045"
"03/01/2020","AirNow","530090015","4","4.9","ug/m3 LC","20","Neah Bay 2-Makah Tribe","1","100.0000","88502","Acceptable PM2.5 AQI & Speciation Mass","38820","Port Angeles, WA","53","Washington","009","Clallam","48.3660580009365","-124.610045"
"03/02/2020","AirNow","530090015","4","1.6","ug/m3 LC","7","Neah Bay 2-Makah Tribe","1","100.0000","88502","Acceptable PM2.5 AQI & Speciation Mass","38820","Port Angeles, WA","53","Washington","009","Clallam","48.3660580009365","-124.610045"
"03/03/2020","AirNow","530090015","4","2.2","ug/m3 LC","9","Neah Bay 2-Makah Tribe","1","100.0000","88502","Acceptable PM2.5 AQI & Speciation Mass","38820","Port Angeles, WA","53","Washington","009","Clallam","48.3660580009365","-124.610045"
"03/04/2020","AirNow","530090015","4","4.7","ug/m3 LC","20","Neah Bay 2-Makah Tribe","1","100.0000","88502","Acceptable PM2.5 AQI & Speciation Mass","38820","Port Angeles, WA","53","Washington","009","Clallam","48.3660580009365","-124.610045"
"03/05/2020","AirNow","530090015","4","3","ug/m3 LC","13","Neah Bay 2-Makah Tribe","1","100.0000","88502","Acceptable PM2.5 AQI & Speciation Mass","38820","Port Angeles, WA","53","Washington","009","Clallam","48.3660580009365","-124.610045"
"03/06/2020","AirNow","530090015","4","3.9","ug/m3 LC","16","Neah Bay 2-Makah Tribe","1","100.0000","88502","Acceptable PM2.5 AQI & Speciation Mass","38820","Port Angeles, WA","53","Washington","009","Clallam","48.3660580009365","-124.610045"
"03/07/2020","AirNow","530090015","4","4.4","ug/m3 LC","18","Neah Bay 2-Makah Tribe","1","100.0000","88502","Acceptable PM2.5 AQI & Speciation Mass","38820","Port Angeles, WA","53","Washington","009","Clallam","48.3660580009365","-124.610045"
"03/08/2020","AirNow","530090015","4","7.1","ug/m3 LC","30","Neah Bay 2-Makah Tribe","1","100.0000","88502","Acceptable PM2.5 AQI & Speciation Mass","38820","Port Angeles, WA","53","Washington","009","Clallam","48.3660580009365","-124.610045"
"03/09/2020","AirNow","530090015","4","7.6","ug/m3 LC","32","Neah Bay 2-Makah Tribe","1","100.0000","88502","Acceptable PM2.5 AQI & Speciation Mass","38820","Port Angeles, WA","53","Washington","009","Clallam","48.3660580009365","-124.610045"
"03/10/2020","AirNow","530090015","4","2.8","ug/m3 LC","12","Neah Bay 2-Makah Tribe","1","100.0000","88502","Acceptable PM2.5 AQI & Speciation Mass","38820","Port Angeles, WA","53","Washington","009","Clallam","48.3660580009365","-124.610045"
"03/12/2020","AirNow","530090015","4","5.5","ug/m3 LC","23","Neah Bay 2-Makah Tribe","1","100.0000","88502","Acceptable PM2.5 AQI & Speciation Mass","38820","Port Angeles, WA","53","Washington","009","Clallam","48.3660580009365","-124.610045"
"03/13/2020","AirNow","530090015","4","2.6","ug/m3 LC","11","Neah Bay 2-Makah Tribe","1","100.0000","88502","Acceptable PM2.5 AQI & Speciation Mass","38820","Port Angeles, WA","53","Washington","009","Clallam","48.3660580009365","-124.610045"
"03/14/2020","AirNow","530090015","4","2.6","ug/m3 LC","11","Neah Bay 2-Makah Tribe","1","100.0000","88502","Acceptable PM2.5 AQI & Speciation Mass","38820","Port Angeles, WA","53","Washington","009","Clallam","48.3660580009365","-124.610045"
"03/15/2020","AirNow","530090015","4","2.7","ug/m3 LC","11","Neah Bay 2-Makah Tribe","1","100.0000","88502","Acceptable PM2.5 AQI & Speciation Mass","38820","Port Angeles, WA","53","Washington","009","Clallam","48.3660580009365","-124.610045"
"03/16/2020","AirNow","530090015","4","4.5","ug/m3 LC","19","Neah Bay 2-Makah Tribe","1","100.0000","88502","Acceptable PM2.5 AQI & Speciation Mass","38820","Port Angeles, WA","53","Washington","009","Clallam","48.3660580009365","-124.610045"
"03/17/2020","AirNow","530090015","4","6.6","ug/m3 LC","28","Neah Bay 2-Makah Tribe","1","100.0000","88502","Acceptable PM2.5 AQI & Speciation Mass","38820","Port Angeles, WA","53","Washington","009","Clallam","48.3660580009365","-124.610045"
"03/18/2020","AirNow","530090015","4","6.2","ug/m3 LC","26","Neah Bay 2-Makah Tribe","1","100.0000","88502","Acceptable PM2.5 AQI & Speciation Mass","38820","Port Angeles, WA","53","Washington","009","Clallam","48.3660580009365","-124.610045"
"03/19/2020","AirNow","530090015","4","6.8","ug/m3 LC","28","Neah Bay 2-Makah Tribe","1","100.0000","88502","Acceptable PM2.5 AQI & Speciation Mass","38820","Port Angeles, WA","53","Washington","009","Clallam","48.3660580009365","-124.610045"
"03/20/2020","AirNow","530090015","4","5.1","ug/m3 LC","21","Neah Bay 2-Makah Tribe","1","100.0000","88502","Acceptable PM2.5 AQI & Speciation Mass","38820","Port Angeles, WA","53","Washington","009","Clallam","48.3660580009365","-124.610045"
"03/21/2020","AirNow","530090015","4","3.9","ug/m3 LC","16","Neah Bay 2-Makah Tribe","1","100.0000","88502","Acceptable PM2.5 AQI & Speciation Mass","38820","Port Angeles, WA","53","Washington","009","Clallam","48.3660580009365","-124.610045"
"03/22/2020","AirNow","530090015","4","3.8","ug/m3 LC","16","Neah Bay 2-Makah Tribe","1","100.0000","88502","Acceptable PM2.5 AQI & Speciation Mass","38820","Port Angeles, WA","53","Washington","009","Clallam","48.3660580009365","-124.610045"
"03/23/2020","AirNow","530090015","4","2.4","ug/m3 LC","10","Neah Bay 2-Makah Tribe","1","100.0000","88502","Acceptable PM2.5 AQI & Speciation Mass","38820","Port Angeles, WA","53","Washington","009","Clallam","48.3660580009365","-124.610045"
"03/24/2020","AirNow","530090015","4","4","ug/m3 LC","17","Neah Bay 2-Makah Tribe","1","100.0000","88502","Acceptable PM2.5 AQI & Speciation Mass","38820","Port Angeles, WA","53","Washington","009","Clallam","48.3660580009365","-124.610045"
"03/25/2020","AirNow","530090015","4","6","ug/m3 LC","25","Neah Bay 2-Makah Tribe","1","100.0000","88502","Acceptable PM2.5 AQI & Speciation Mass","38820","Port Angeles, WA","53","Washington","009","Clallam","48.3660580009365","-124.610045"
"03/26/2020","AirNow","530090015","4","5.7","ug/m3 LC","24","Neah Bay 2-Makah Tribe","1","100.0000","88502","Acceptable PM2.5 AQI & Speciation Mass","38820","Port Angeles, WA","53","Washington","009","Clallam","48.3660580009365","-124.610045"
"03/27/2020","AirNow","530090015","4","5.2","ug/m3 LC","22","Neah Bay 2-Makah Tribe","1","100.0000","88502","Acceptable PM2.5 AQI & Speciation Mass","38820","Port Angeles, WA","53","Washington","009","Clallam","48.3660580009365","-124.610045"
"03/28/2020","AirNow","530090015","4","1.7","ug/m3 LC","7","Neah Bay 2-Makah Tribe","1","100.0000","88502","Acceptable PM2.5 AQI & Speciation Mass","38820","Port Angeles, WA","53","Washington","009","Clallam","48.3660580009365","-124.610045"
"03/29/2020","AirNow","530090015","4","1.9","ug/m3 LC","8","Neah Bay 2-Makah Tribe","1","100.0000","88502","Acceptable PM2.5 AQI & Speciation Mass","38820","Port Angeles, WA","53","Washington","009","Clallam","48.3660580009365","-124.610045"
"03/30/2020","AirNow","530090015","4","3.5","ug/m3 LC","15","Neah Bay 2-Makah Tribe","1","100.0000","88502","Acceptable PM2.5 AQI & Speciation Mass","38820","Port Angeles, WA","53","Washington","009","Clallam","48.3660580009365","-124.610045"
"03/31/2020","AirNow","530090015","4","4.1","ug/m3 LC","17","Neah Bay 2-Makah Tribe","1","100.0000","88502","Acceptable PM2.5 AQI & Speciation Mass","38820","Port Angeles, WA","53","Washington","009","Clallam","48.3660580009365","-124.610045"
"04/01/2020","AirNow","530090015","4","3.7","ug/m3 LC","15","Neah Bay 2-Makah Tribe","1","100.0000","88502","Acceptable PM2.5 AQI & Speciation Mass","38820","Port Angeles, WA","53","Washington","009","Clallam","48.3660580009365","-124.610045"
"04/02/2020","AirNow","530090015","4","3.9","ug/m3 LC","16","Neah Bay 2-Makah Tribe","1","100.0000","88502","Acceptable PM2.5 AQI & Speciation Mass","38820","Port Angeles, WA","53","Washington","009","Clallam","48.3660580009365","-124.610045"
"04/03/2020","AirNow","530090015","4","3.2","ug/m3 LC","13","Neah Bay 2-Makah Tribe","1","100.0000","88502","Acceptable PM2.5 AQI & Speciation Mass","38820","Port Angeles, WA","53","Washington","009","Clallam","48.3660580009365","-124.610045"
"04/04/2020","AirNow","530090015","4","3.4","ug/m3 LC","14","Neah Bay 2-Makah Tribe","1","100.0000","88502","Acceptable PM2.5 AQI & Speciation Mass","38820","Port Angeles, WA","53","Washington","009","Clallam","48.3660580009365","-124.610045"
"04/05/2020","AirNow","530090015","4","4.2","ug/m3 LC","18","Neah Bay 2-Makah Tribe","1","100.0000","88502","Acceptable PM2.5 AQI & Speciation Mass","38820","Port Angeles, WA","53","Washington","009","Clallam","48.3660580009365","-124.610045"
"04/06/2020","AirNow","530090015","4","3.9","ug/m3 LC","16","Neah Bay 2-Makah Tribe","1","100.0000","88502","Acceptable PM2.5 AQI & Speciation Mass","38820","Port Angeles, WA","53","Washington","009","Clallam","48.3660580009365","-124.610045"
"04/07/2020","AirNow","530090015","4","4.6","ug/m3 LC","19","Neah Bay 2-Makah Tribe","1","100.0000","88502","Acceptable PM2.5 AQI & Speciation Mass","38820","Port Angeles, WA","53","Washington","009","Clallam","48.3660580009365","-124.610045"
"04/08/2020","AirNow","530090015","4","7.3","ug/m3 LC","30","Neah Bay 2-Makah Tribe","1","100.0000","88502","Acceptable PM2.5 AQI & Speciation Mass","38820","Port Angeles, WA","53","Washington","009","Clallam","48.3660580009365","-124.610045"
"04/09/2020","AirNow","530090015","4","5.7","ug/m3 LC","24","Neah Bay 2-Makah Tribe","1","100.0000","88502","Acceptable PM2.5 AQI & Speciation Mass","38820","Port Angeles, WA","53","Washington","009","Clallam","48.3660580009365","-124.610045"
"04/10/2020","AirNow","530090015","4","2.6","ug/m3 LC","11","Neah Bay 2-Makah Tribe","1","100.0000","88502","Acceptable PM2.5 AQI & Speciation Mass","38820","Port Angeles, WA","53","Washington","009","Clallam","48.3660580009365","-124.610045"
"04/11/2020","AirNow","530090015","4","3.7","ug/m3 LC","15","Neah Bay 2-Makah Tribe","1","100.0000","88502","Acceptable PM2.5 AQI & Speciation Mass","38820","Port Angeles, WA","53","Washington","009","Clallam","48.3660580009365","-124.610045"
"04/12/2020","AirNow","530090015","4","4.3","ug/m3 LC","18","Neah Bay 2-Makah Tribe","1","100.0000","88502","Acceptable PM2.5 AQI & Speciation Mass","38820","Port Angeles, WA","53","Washington","009","Clallam","48.3660580009365","-124.610045"
"04/13/2020","AirNow","530090015","4","3.9","ug/m3 LC","16","Neah Bay 2-Makah Tribe","1","100.0000","88502","Acceptable PM2.5 AQI & Speciation Mass","38820","Port Angeles, WA","53","Washington","009","Clallam","48.3660580009365","-124.610045"
"04/14/2020","AirNow","530090015","4","3","ug/m3 LC","13","Neah Bay 2-Makah Tribe","1","100.0000","88502","Acceptable PM2.5 AQI & Speciation Mass","38820","Port Angeles, WA","53","Washington","009","Clallam","48.3660580009365","-124.610045"
"04/15/2020","AirNow","530090015","4","3.5","ug/m3 LC","15","Neah Bay 2-Makah Tribe","1","100.0000","88502","Acceptable PM2.5 AQI & Speciation Mass","38820","Port Angeles, WA","53","Washington","009","Clallam","48.3660580009365","-124.610045"
"04/16/2020","AirNow","530090015","4","3.5","ug/m3 LC","15","Neah Bay 2-Makah Tribe","1","100.0000","88502","Acceptable PM2.5 AQI & Speciation Mass","38820","Port Angeles, WA","53","Washington","009","Clallam","48.3660580009365","-124.610045"
"04/17/2020","AirNow","530090015","4","2.6","ug/m3 LC","11","Neah Bay 2-Makah Tribe","1","100.0000","88502","Acceptable PM2.5 AQI & Speciation Mass","38820","Port Angeles, WA","53","Washington","009","Clallam","48.3660580009365","-124.610045"
"04/18/2020","AirNow","530090015","4","2","ug/m3 LC","8","Neah Bay 2-Makah Tribe","1","100.0000","88502","Acceptable PM2.5 AQI & Speciation Mass","38820","Port Angeles, WA","53","Washington","009","Clallam","48.3660580009365","-124.610045"
"04/19/2020","AirNow","530090015","4","2.2","ug/m3 LC","9","Neah Bay 2-Makah Tribe","1","100.0000","88502","Acceptable PM2.5 AQI & Speciation Mass","38820","Port Angeles, WA","53","Washington","009","Clallam","48.3660580009365","-124.610045"
"04/20/2020","AirNow","530090015","4","2.2","ug/m3 LC","9","Neah Bay 2-Makah Tribe","1","100.0000","88502","Acceptable PM2.5 AQI & Speciation Mass","38820","Port Angeles, WA","53","Washington","009","Clallam","48.3660580009365","-124.610045"
"04/21/2020","AirNow","530090015","4","1.8","ug/m3 LC","8","Neah Bay 2-Makah Tribe","1","100.0000","88502","Acceptable PM2.5 AQI & Speciation Mass","38820","Port Angeles, WA","53","Washington","009","Clallam","48.3660580009365","-124.610045"
"04/22/2020","AirNow","530090015","4","2.7","ug/m3 LC","11","Neah Bay 2-Makah Tribe","1","100.0000","88502","Acceptable PM2.5 AQI & Speciation Mass","38820","Port Angeles, WA","53","Washington","009","Clallam","48.3660580009365","-124.610045"
"04/23/2020","AirNow","530090015","4","2.4","ug/m3 LC","10","Neah Bay 2-Makah Tribe","1","100.0000","88502","Acceptable PM2.5 AQI & Speciation Mass","38820","Port Angeles, WA","53","Washington","009","Clallam","48.3660580009365","-124.610045"
"04/24/2020","AirNow","530090015","4","3.7","ug/m3 LC","15","Neah Bay 2-Makah Tribe","1","100.0000","88502","Acceptable PM2.5 AQI & Speciation Mass","38820","Port Angeles, WA","53","Washington","009","Clallam","48.3660580009365","-124.610045"
"04/25/2020","AirNow","530090015","4","3.2","ug/m3 LC","13","Neah Bay 2-Makah Tribe","1","100.0000","88502","Acceptable PM2.5 AQI & Speciation Mass","38820","Port Angeles, WA","53","Washington","009","Clallam","48.3660580009365","-124.610045"
"04/26/2020","AirNow","530090015","4","2.9","ug/m3 LC","12","Neah Bay 2-Makah Tribe","1","100.0000","88502","Acceptable PM2.5 AQI & Speciation Mass","38820","Port Angeles, WA","53","Washington","009","Clallam","48.3660580009365","-124.610045"
"04/27/2020","AirNow","530090015","4","4.2","ug/m3 LC","18","Neah Bay 2-Makah Tribe","1","100.0000","88502","Acceptable PM2.5 AQI & Speciation Mass","38820","Port Angeles, WA","53","Washington","009","Clallam","48.3660580009365","-124.610045"
"04/28/2020","AirNow","530090015","4","3.3","ug/m3 LC","14","Neah Bay 2-Makah Tribe","1","100.0000","88502","Acceptable PM2.5 AQI & Speciation Mass","38820","Port Angeles, WA","53","Washington","009","Clallam","48.3660580009365","-124.610045"
"04/29/2020","AirNow","530090015","4","2.6","ug/m3 LC","11","Neah Bay 2-Makah Tribe","1","100.0000","88502","Acceptable PM2.5 AQI & Speciation Mass","38820","Port Angeles, WA","53","Washington","009","Clallam","48.3660580009365","-124.610045"
"04/30/2020","AirNow","530090015","4","2.4","ug/m3 LC","10","Neah Bay 2-Makah Tribe","1","100.0000","88502","Acceptable PM2.5 AQI & Speciation Mass","38820","Port Angeles, WA","53","Washington","009","Clallam","48.3660580009365","-124.610045"
"05/01/2020","AirNow","530090015","4","2.9","ug/m3 LC","12","Neah Bay 2-Makah Tribe","1","100.0000","88502","Acceptable PM2.5 AQI & Speciation Mass","38820","Port Angeles, WA","53","Washington","009","Clallam","48.3660580009365","-124.610045"
"05/02/2020","AirNow","530090015","4","3.1","ug/m3 LC","13","Neah Bay 2-Makah Tribe","1","100.0000","88502","Acceptable PM2.5 AQI & Speciation Mass","38820","Port Angeles, WA","53","Washington","009","Clallam","48.3660580009365","-124.610045"
"01/01/2020","AQS","530090017","4","1.6","ug/m3 LC","7","Port Angeles - 5th St","1","100.0000","88502","Acceptable PM2.5 AQI & Speciation Mass","38820","Port Angeles, WA","53","Washington","009","Clallam","48.115","-123.436434"
"01/02/2020","AQS","530090017","4","8","ug/m3 LC","33","Port Angeles - 5th St","1","100.0000","88502","Acceptable PM2.5 AQI & Speciation Mass","38820","Port Angeles, WA","53","Washington","009","Clallam","48.115","-123.436434"
"01/03/2020","AQS","530090017","4","6.6","ug/m3 LC","28","Port Angeles - 5th St","1","100.0000","88502","Acceptable PM2.5 AQI & Speciation Mass","38820","Port Angeles, WA","53","Washington","009","Clallam","48.115","-123.436434"
"01/04/2020","AQS","530090017","4","8.2","ug/m3 LC","34","Port Angeles - 5th St","1","100.0000","88502","Acceptable PM2.5 AQI & Speciation Mass","38820","Port Angeles, WA","53","Washington","009","Clallam","48.115","-123.436434"
"01/05/2020","AQS","530090017","4","7.6","ug/m3 LC","32","Port Angeles - 5th St","1","100.0000","88502","Acceptable PM2.5 AQI & Speciation Mass","38820","Port Angeles, WA","53","Washington","009","Clallam","48.115","-123.436434"
"01/06/2020","AQS","530090017","4","8.5","ug/m3 LC","35","Port Angeles - 5th St","1","100.0000","88502","Acceptable PM2.5 AQI & Speciation Mass","38820","Port Angeles, WA","53","Washington","009","Clallam","48.115","-123.436434"
"01/07/2020","AQS","530090017","4","6","ug/m3 LC","25","Port Angeles - 5th St","1","100.0000","88502","Acceptable PM2.5 AQI & Speciation Mass","38820","Port Angeles, WA","53","Washington","009","Clallam","48.115","-123.436434"
"01/08/2020","AQS","530090017","4","2.6","ug/m3 LC","11","Port Angeles - 5th St","1","100.0000","88502","Acceptable PM2.5 AQI & Speciation Mass","38820","Port Angeles, WA","53","Washington","009","Clallam","48.115","-123.436434"
"01/09/2020","AQS","530090017","4","6.4","ug/m3 LC","27","Port Angeles - 5th St","1","100.0000","88502","Acceptable PM2.5 AQI & Speciation Mass","38820","Port Angeles, WA","53","Washington","009","Clallam","48.115","-123.436434"
"01/10/2020","AQS","530090017","4","6.7","ug/m3 LC","28","Port Angeles - 5th St","1","100.0000","88502","Acceptable PM2.5 AQI & Speciation Mass","38820","Port Angeles, WA","53","Washington","009","Clallam","48.115","-123.436434"
"01/11/2020","AQS","530090017","4","3.7","ug/m3 LC","15","Port Angeles - 5th St","1","100.0000","88502","Acceptable PM2.5 AQI & Speciation Mass","38820","Port Angeles, WA","53","Washington","009","Clallam","48.115","-123.436434"
"01/12/2020","AQS","530090017","4","4","ug/m3 LC","17","Port Angeles - 5th St","1","100.0000","88502","Acceptable PM2.5 AQI & Speciation Mass","38820","Port Angeles, WA","53","Washington","009","Clallam","48.115","-123.436434"
"01/13/2020","AQS","530090017","4","2.7","ug/m3 LC","11","Port Angeles - 5th St","1","100.0000","88502","Acceptable PM2.5 AQI & Speciation Mass","38820","Port Angeles, WA","53","Washington","009","Clallam","48.115","-123.436434"
"01/14/2020","AQS","530090017","4","4.5","ug/m3 LC","19","Port Angeles - 5th St","1","100.0000","88502","Acceptable PM2.5 AQI & Speciation Mass","38820","Port Angeles, WA","53","Washington","009","Clallam","48.115","-123.436434"
"01/15/2020","AQS","530090017","4","3.8","ug/m3 LC","16","Port Angeles - 5th St","1","100.0000","88502","Acceptable PM2.5 AQI & Speciation Mass","38820","Port Angeles, WA","53","Washington","009","Clallam","48.115","-123.436434"
"01/16/2020","AQS","530090017","4","10.3","ug/m3 LC","43","Port Angeles - 5th St","1","100.0000","88502","Acceptable PM2.5 AQI & Speciation Mass","38820","Port Angeles, WA","53","Washington","009","Clallam","48.115","-123.436434"
"01/17/2020","AQS","530090017","4","14.1","ug/m3 LC","55","Port Angeles - 5th St","1","100.0000","88502","Acceptable PM2.5 AQI & Speciation Mass","38820","Port Angeles, WA","53","Washington","009","Clallam","48.115","-123.436434"
"01/18/2020","AQS","530090017","4","12","ug/m3 LC","50","Port Angeles - 5th St","1","100.0000","88502","Acceptable PM2.5 AQI & Speciation Mass","38820","Port Angeles, WA","53","Washington","009","Clallam","48.115","-123.436434"
"01/19/2020","AQS","530090017","4","15.8","ug/m3 LC","59","Port Angeles - 5th St","1","100.0000","88502","Acceptable PM2.5 AQI & Speciation Mass","38820","Port Angeles, WA","53","Washington","009","Clallam","48.115","-123.436434"
"01/20/2020","AQS","530090017","4","12.7","ug/m3 LC","52","Port Angeles - 5th St","1","100.0000","88502","Acceptable PM2.5 AQI & Speciation Mass","38820","Port Angeles, WA","53","Washington","009","Clallam","48.115","-123.436434"
"01/21/2020","AQS","530090017","4","8","ug/m3 LC","33","Port Angeles - 5th St","1","100.0000","88502","Acceptable PM2.5 AQI & Speciation Mass","38820","Port Angeles, WA","53","Washington","009","Clallam","48.115","-123.436434"
"01/22/2020","AQS","530090017","4","11.5","ug/m3 LC","48","Port Angeles - 5th St","1","100.0000","88502","Acceptable PM2.5 AQI & Speciation Mass","38820","Port Angeles, WA","53","Washington","009","Clallam","48.115","-123.436434"
"01/23/2020","AQS","530090017","4","7.9","ug/m3 LC","33","Port Angeles - 5th St","1","100.0000","88502","Acceptable PM2.5 AQI & Speciation Mass","38820","Port Angeles, WA","53","Washington","009","Clallam","48.115","-123.436434"
"01/24/2020","AQS","530090017","4","7.4","ug/m3 LC","31","Port Angeles - 5th St","1","100.0000","88502","Acceptable PM2.5 AQI & Speciation Mass","38820","Port Angeles, WA","53","Washington","009","Clallam","48.115","-123.436434"
"01/25/2020","AQS","530090017","4","9","ug/m3 LC","38","Port Angeles - 5th St","1","100.0000","88502","Acceptable PM2.5 AQI & Speciation Mass","38820","Port Angeles, WA","53","Washington","009","Clallam","48.115","-123.436434"
"01/26/2020","AQS","530090017","4","6.4","ug/m3 LC","27","Port Angeles - 5th St","1","100.0000","88502","Acceptable PM2.5 AQI & Speciation Mass","38820","Port Angeles, WA","53","Washington","009","Clallam","48.115","-123.436434"
"01/27/2020","AQS","530090017","4","8.6","ug/m3 LC","36","Port Angeles - 5th St","1","100.0000","88502","Acceptable PM2.5 AQI & Speciation Mass","38820","Port Angeles, WA","53","Washington","009","Clallam","48.115","-123.436434"
"01/28/2020","AQS","530090017","4","6.1","ug/m3 LC","25","Port Angeles - 5th St","1","100.0000","88502","Acceptable PM2.5 AQI & Speciation Mass","38820","Port Angeles, WA","53","Washington","009","Clallam","48.115","-123.436434"
"01/29/2020","AQS","530090017","4","7.6","ug/m3 LC","32","Port Angeles - 5th St","1","100.0000","88502","Acceptable PM2.5 AQI & Speciation Mass","38820","Port Angeles, WA","53","Washington","009","Clallam","48.115","-123.436434"
"01/30/2020","AQS","530090017","4","9.3","ug/m3 LC","39","Port Angeles - 5th St","1","100.0000","88502","Acceptable PM2.5 AQI & Speciation Mass","38820","Port Angeles, WA","53","Washington","009","Clallam","48.115","-123.436434"
"01/31/2020","AQS","530090017","4","7.9","ug/m3 LC","33","Port Angeles - 5th St","1","100.0000","88502","Acceptable PM2.5 AQI & Speciation Mass","38820","Port Angeles, WA","53","Washington","009","Clallam","48.115","-123.436434"
"02/01/2020","AirNow","530090017","4","4.8","ug/m3 LC","20","Port Angeles - 5th St","1","100.0000","88502","Acceptable PM2.5 AQI & Speciation Mass","38820","Port Angeles, WA","53","Washington","009","Clallam","48.115","-123.436434"
"02/02/2020","AirNow","530090017","4","6.5","ug/m3 LC","27","Port Angeles - 5th St","1","100.0000","88502","Acceptable PM2.5 AQI & Speciation Mass","38820","Port Angeles, WA","53","Washington","009","Clallam","48.115","-123.436434"
"02/03/2020","AirNow","530090017","4","8.8","ug/m3 LC","37","Port Angeles - 5th St","1","100.0000","88502","Acceptable PM2.5 AQI & Speciation Mass","38820","Port Angeles, WA","53","Washington","009","Clallam","48.115","-123.436434"
"02/04/2020","AirNow","530090017","4","10.1","ug/m3 LC","42","Port Angeles - 5th St","1","100.0000","88502","Acceptable PM2.5 AQI & Speciation Mass","38820","Port Angeles, WA","53","Washington","009","Clallam","48.115","-123.436434"
"02/05/2020","AirNow","530090017","4","5.1","ug/m3 LC","21","Port Angeles - 5th St","1","100.0000","88502","Acceptable PM2.5 AQI & Speciation Mass","38820","Port Angeles, WA","53","Washington","009","Clallam","48.115","-123.436434"
"02/06/2020","AirNow","530090017","4","4.2","ug/m3 LC","18","Port Angeles - 5th St","1","100.0000","88502","Acceptable PM2.5 AQI & Speciation Mass","38820","Port Angeles, WA","53","Washington","009","Clallam","48.115","-123.436434"
"02/07/2020","AirNow","530090017","4","5.3","ug/m3 LC","22","Port Angeles - 5th St","1","100.0000","88502","Acceptable PM2.5 AQI & Speciation Mass","38820","Port Angeles, WA","53","Washington","009","Clallam","48.115","-123.436434"
"02/08/2020","AirNow","530090017","4","6","ug/m3 LC","25","Port Angeles - 5th St","1","100.0000","88502","Acceptable PM2.5 AQI & Speciation Mass","38820","Port Angeles, WA","53","Washington","009","Clallam","48.115","-123.436434"
"02/09/2020","AirNow","530090017","4","8.6","ug/m3 LC","36","Port Angeles - 5th St","1","100.0000","88502","Acceptable PM2.5 AQI & Speciation Mass","38820","Port Angeles, WA","53","Washington","009","Clallam","48.115","-123.436434"
"02/10/2020","AirNow","530090017","4","9.9","ug/m3 LC","41","Port Angeles - 5th St","1","100.0000","88502","Acceptable PM2.5 AQI & Speciation Mass","38820","Port Angeles, WA","53","Washington","009","Clallam","48.115","-123.436434"
"02/11/2020","AirNow","530090017","4","4.7","ug/m3 LC","20","Port Angeles - 5th St","1","100.0000","88502","Acceptable PM2.5 AQI & Speciation Mass","38820","Port Angeles, WA","53","Washington","009","Clallam","48.115","-123.436434"
"02/12/2020","AirNow","530090017","4","8.1","ug/m3 LC","34","Port Angeles - 5th St","1","100.0000","88502","Acceptable PM2.5 AQI & Speciation Mass","38820","Port Angeles, WA","53","Washington","009","Clallam","48.115","-123.436434"
"02/13/2020","AirNow","530090017","4","4.7","ug/m3 LC","20","Port Angeles - 5th St","1","100.0000","88502","Acceptable PM2.5 AQI & Speciation Mass","38820","Port Angeles, WA","53","Washington","009","Clallam","48.115","-123.436434"
"02/14/2020","AirNow","530090017","4","5.4","ug/m3 LC","23","Port Angeles - 5th St","1","100.0000","88502","Acceptable PM2.5 AQI & Speciation Mass","38820","Port Angeles, WA","53","Washington","009","Clallam","48.115","-123.436434"
"02/15/2020","AirNow","530090017","4","4.3","ug/m3 LC","18","Port Angeles - 5th St","1","100.0000","88502","Acceptable PM2.5 AQI & Speciation Mass","38820","Port Angeles, WA","53","Washington","009","Clallam","48.115","-123.436434"
"02/16/2020","AirNow","530090017","4","3.5","ug/m3 LC","15","Port Angeles - 5th St","1","100.0000","88502","Acceptable PM2.5 AQI & Speciation Mass","38820","Port Angeles, WA","53","Washington","009","Clallam","48.115","-123.436434"
"02/17/2020","AirNow","530090017","4","6.2","ug/m3 LC","26","Port Angeles - 5th St","1","100.0000","88502","Acceptable PM2.5 AQI & Speciation Mass","38820","Port Angeles, WA","53","Washington","009","Clallam","48.115","-123.436434"
"02/18/2020","AirNow","530090017","4","8.8","ug/m3 LC","37","Port Angeles - 5th St","1","100.0000","88502","Acceptable PM2.5 AQI & Speciation Mass","38820","Port Angeles, WA","53","Washington","009","Clallam","48.115","-123.436434"
"02/19/2020","AirNow","530090017","4","9.4","ug/m3 LC","39","Port Angeles - 5th St","1","100.0000","88502","Acceptable PM2.5 AQI & Speciation Mass","38820","Port Angeles, WA","53","Washington","009","Clallam","48.115","-123.436434"
"02/20/2020","AirNow","530090017","4","10.3","ug/m3 LC","43","Port Angeles - 5th St","1","100.0000","88502","Acceptable PM2.5 AQI & Speciation Mass","38820","Port Angeles, WA","53","Washington","009","Clallam","48.115","-123.436434"
"02/21/2020","AirNow","530090017","4","9","ug/m3 LC","38","Port Angeles - 5th St","1","100.0000","88502","Acceptable PM2.5 AQI & Speciation Mass","38820","Port Angeles, WA","53","Washington","009","Clallam","48.115","-123.436434"
"02/22/2020","AirNow","530090017","4","6.9","ug/m3 LC","29","Port Angeles - 5th St","1","100.0000","88502","Acceptable PM2.5 AQI & Speciation Mass","38820","Port Angeles, WA","53","Washington","009","Clallam","48.115","-123.436434"
"02/23/2020","AirNow","530090017","4","4.2","ug/m3 LC","18","Port Angeles - 5th St","1","100.0000","88502","Acceptable PM2.5 AQI & Speciation Mass","38820","Port Angeles, WA","53","Washington","009","Clallam","48.115","-123.436434"
"02/24/2020","AirNow","530090017","4","5.5","ug/m3 LC","23","Port Angeles - 5th St","1","100.0000","88502","Acceptable PM2.5 AQI & Speciation Mass","38820","Port Angeles, WA","53","Washington","009","Clallam","48.115","-123.436434"
"02/25/2020","AirNow","530090017","4","9.2","ug/m3 LC","38","Port Angeles - 5th St","1","100.0000","88502","Acceptable PM2.5 AQI & Speciation Mass","38820","Port Angeles, WA","53","Washington","009","Clallam","48.115","-123.436434"
"02/26/2020","AirNow","530090017","4","6.2","ug/m3 LC","26","Port Angeles - 5th St","1","100.0000","88502","Acceptable PM2.5 AQI & Speciation Mass","38820","Port Angeles, WA","53","Washington","009","Clallam","48.115","-123.436434"
"02/27/2020","AirNow","530090017","4","6.7","ug/m3 LC","28","Port Angeles - 5th St","1","100.0000","88502","Acceptable PM2.5 AQI & Speciation Mass","38820","Port Angeles, WA","53","Washington","009","Clallam","48.115","-123.436434"
"02/28/2020","AirNow","530090017","4","5.4","ug/m3 LC","23","Port Angeles - 5th St","1","100.0000","88502","Acceptable PM2.5 AQI & Speciation Mass","38820","Port Angeles, WA","53","Washington","009","Clallam","48.115","-123.436434"
"02/29/2020","AirNow","530090017","4","4","ug/m3 LC","17","Port Angeles - 5th St","1","100.0000","88502","Acceptable PM2.5 AQI & Speciation Mass","38820","Port Angeles, WA","53","Washington","009","Clallam","48.115","-123.436434"
"03/01/2020","AirNow","530090017","4","6.3","ug/m3 LC","26","Port Angeles - 5th St","1","100.0000","88502","Acceptable PM2.5 AQI & Speciation Mass","38820","Port Angeles, WA","53","Washington","009","Clallam","48.115","-123.436434"
"03/02/2020","AirNow","530090017","4","6.7","ug/m3 LC","28","Port Angeles - 5th St","1","100.0000","88502","Acceptable PM2.5 AQI & Speciation Mass","38820","Port Angeles, WA","53","Washington","009","Clallam","48.115","-123.436434"
"03/03/2020","AirNow","530090017","4","3.7","ug/m3 LC","15","Port Angeles - 5th St","1","100.0000","88502","Acceptable PM2.5 AQI & Speciation Mass","38820","Port Angeles, WA","53","Washington","009","Clallam","48.115","-123.436434"
"03/04/2020","AirNow","530090017","4","7.7","ug/m3 LC","32","Port Angeles - 5th St","1","100.0000","88502","Acceptable PM2.5 AQI & Speciation Mass","38820","Port Angeles, WA","53","Washington","009","Clallam","48.115","-123.436434"
"03/05/2020","AirNow","530090017","4","6.1","ug/m3 LC","25","Port Angeles - 5th St","1","100.0000","88502","Acceptable PM2.5 AQI & Speciation Mass","38820","Port Angeles, WA","53","Washington","009","Clallam","48.115","-123.436434"
"03/06/2020","AirNow","530090017","4","5.2","ug/m3 LC","22","Port Angeles - 5th St","1","100.0000","88502","Acceptable PM2.5 AQI & Speciation Mass","38820","Port Angeles, WA","53","Washington","009","Clallam","48.115","-123.436434"
"03/07/2020","AirNow","530090017","4","6.9","ug/m3 LC","29","Port Angeles - 5th St","1","100.0000","88502","Acceptable PM2.5 AQI & Speciation Mass","38820","Port Angeles, WA","53","Washington","009","Clallam","48.115","-123.436434"
"03/08/2020","AirNow","530090017","4","5.9","ug/m3 LC","25","Port Angeles - 5th St","1","100.0000","88502","Acceptable PM2.5 AQI & Speciation Mass","38820","Port Angeles, WA","53","Washington","009","Clallam","48.115","-123.436434"
"03/09/2020","AirNow","530090017","4","7.2","ug/m3 LC","30","Port Angeles - 5th St","1","100.0000","88502","Acceptable PM2.5 AQI & Speciation Mass","38820","Port Angeles, WA","53","Washington","009","Clallam","48.115","-123.436434"
"03/10/2020","AirNow","530090017","4","7","ug/m3 LC","29","Port Angeles - 5th St","1","100.0000","88502","Acceptable PM2.5 AQI & Speciation Mass","38820","Port Angeles, WA","53","Washington","009","Clallam","48.115","-123.436434"
"03/11/2020","AirNow","530090017","4","4.3","ug/m3 LC","18","Port Angeles - 5th St","1","100.0000","88502","Acceptable PM2.5 AQI & Speciation Mass","38820","Port Angeles, WA","53","Washington","009","Clallam","48.115","-123.436434"
"03/12/2020","AirNow","530090017","4","6.5","ug/m3 LC","27","Port Angeles - 5th St","1","100.0000","88502","Acceptable PM2.5 AQI & Speciation Mass","38820","Port Angeles, WA","53","Washington","009","Clallam","48.115","-123.436434"
"03/13/2020","AirNow","530090017","4","5.9","ug/m3 LC","25","Port Angeles - 5th St","1","100.0000","88502","Acceptable PM2.5 AQI & Speciation Mass","38820","Port Angeles, WA","53","Washington","009","Clallam","48.115","-123.436434"
"03/14/2020","AirNow","530090017","4","5.2","ug/m3 LC","22","Port Angeles - 5th St","1","100.0000","88502","Acceptable PM2.5 AQI & Speciation Mass","38820","Port Angeles, WA","53","Washington","009","Clallam","48.115","-123.436434"
"03/15/2020","AirNow","530090017","4","6.3","ug/m3 LC","26","Port Angeles - 5th St","1","100.0000","88502","Acceptable PM2.5 AQI & Speciation Mass","38820","Port Angeles, WA","53","Washington","009","Clallam","48.115","-123.436434"
"03/16/2020","AirNow","530090017","4","6.7","ug/m3 LC","28","Port Angeles - 5th St","1","100.0000","88502","Acceptable PM2.5 AQI & Speciation Mass","38820","Port Angeles, WA","53","Washington","009","Clallam","48.115","-123.436434"
"03/17/2020","AirNow","530090017","4","7","ug/m3 LC","29","Port Angeles - 5th St","1","100.0000","88502","Acceptable PM2.5 AQI & Speciation Mass","38820","Port Angeles, WA","53","Washington","009","Clallam","48.115","-123.436434"
"03/18/2020","AirNow","530090017","4","8.1","ug/m3 LC","34","Port Angeles - 5th St","1","100.0000","88502","Acceptable PM2.5 AQI & Speciation Mass","38820","Port Angeles, WA","53","Washington","009","Clallam","48.115","-123.436434"
"03/19/2020","AirNow","530090017","4","10.1","ug/m3 LC","42","Port Angeles - 5th St","1","100.0000","88502","Acceptable PM2.5 AQI & Speciation Mass","38820","Port Angeles, WA","53","Washington","009","Clallam","48.115","-123.436434"
"03/20/2020","AirNow","530090017","4","6.7","ug/m3 LC","28","Port Angeles - 5th St","1","100.0000","88502","Acceptable PM2.5 AQI & Speciation Mass","38820","Port Angeles, WA","53","Washington","009","Clallam","48.115","-123.436434"
"03/21/2020","AirNow","530090017","4","9.6","ug/m3 LC","40","Port Angeles - 5th St","1","100.0000","88502","Acceptable PM2.5 AQI & Speciation Mass","38820","Port Angeles, WA","53","Washington","009","Clallam","48.115","-123.436434"
"03/22/2020","AirNow","530090017","4","8.3","ug/m3 LC","35","Port Angeles - 5th St","1","100.0000","88502","Acceptable PM2.5 AQI & Speciation Mass","38820","Port Angeles, WA","53","Washington","009","Clallam","48.115","-123.436434"
"03/23/2020","AirNow","530090017","4","5.6","ug/m3 LC","23","Port Angeles - 5th St","1","100.0000","88502","Acceptable PM2.5 AQI & Speciation Mass","38820","Port Angeles, WA","53","Washington","009","Clallam","48.115","-123.436434"
"03/24/2020","AirNow","530090017","4","3.8","ug/m3 LC","16","Port Angeles - 5th St","1","100.0000","88502","Acceptable PM2.5 AQI & Speciation Mass","38820","Port Angeles, WA","53","Washington","009","Clallam","48.115","-123.436434"
"03/25/2020","AirNow","530090017","4","6.1","ug/m3 LC","25","Port Angeles - 5th St","1","100.0000","88502","Acceptable PM2.5 AQI & Speciation Mass","38820","Port Angeles, WA","53","Washington","009","Clallam","48.115","-123.436434"
"03/26/2020","AirNow","530090017","4","6.3","ug/m3 LC","26","Port Angeles - 5th St","1","100.0000","88502","Acceptable PM2.5 AQI & Speciation Mass","38820","Port Angeles, WA","53","Washington","009","Clallam","48.115","-123.436434"
"03/27/2020","AirNow","530090017","4","8.7","ug/m3 LC","36","Port Angeles - 5th St","1","100.0000","88502","Acceptable PM2.5 AQI & Speciation Mass","38820","Port Angeles, WA","53","Washington","009","Clallam","48.115","-123.436434"
"03/28/2020","AirNow","530090017","4","5.6","ug/m3 LC","23","Port Angeles - 5th St","1","100.0000","88502","Acceptable PM2.5 AQI & Speciation Mass","38820","Port Angeles, WA","53","Washington","009","Clallam","48.115","-123.436434"
"03/29/2020","AirNow","530090017","4","5.3","ug/m3 LC","22","Port Angeles - 5th St","1","100.0000","88502","Acceptable PM2.5 AQI & Speciation Mass","38820","Port Angeles, WA","53","Washington","009","Clallam","48.115","-123.436434"
"03/30/2020","AirNow","530090017","4","3.9","ug/m3 LC","16","Port Angeles - 5th St","1","100.0000","88502","Acceptable PM2.5 AQI & Speciation Mass","38820","Port Angeles, WA","53","Washington","009","Clallam","48.115","-123.436434"
"03/31/2020","AirNow","530090017","4","5","ug/m3 LC","21","Port Angeles - 5th St","1","100.0000","88502","Acceptable PM2.5 AQI & Speciation Mass","38820","Port Angeles, WA","53","Washington","009","Clallam","48.115","-123.436434"
"04/01/2020","AirNow","530090017","4","5.9","ug/m3 LC","25","Port Angeles - 5th St","1","100.0000","88502","Acceptable PM2.5 AQI & Speciation Mass","38820","Port Angeles, WA","53","Washington","009","Clallam","48.115","-123.436434"
"04/02/2020","AirNow","530090017","4","5.2","ug/m3 LC","22","Port Angeles - 5th St","1","100.0000","88502","Acceptable PM2.5 AQI & Speciation Mass","38820","Port Angeles, WA","53","Washington","009","Clallam","48.115","-123.436434"
"04/03/2020","AirNow","530090017","4","4","ug/m3 LC","17","Port Angeles - 5th St","1","100.0000","88502","Acceptable PM2.5 AQI & Speciation Mass","38820","Port Angeles, WA","53","Washington","009","Clallam","48.115","-123.436434"
"04/04/2020","AirNow","530090017","4","7","ug/m3 LC","29","Port Angeles - 5th St","1","100.0000","88502","Acceptable PM2.5 AQI & Speciation Mass","38820","Port Angeles, WA","53","Washington","009","Clallam","48.115","-123.436434"
"04/05/2020","AirNow","530090017","4","6.6","ug/m3 LC","28","Port Angeles - 5th St","1","100.0000","88502","Acceptable PM2.5 AQI & Speciation Mass","38820","Port Angeles, WA","53","Washington","009","Clallam","48.115","-123.436434"
"04/06/2020","AirNow","530090017","4","5.4","ug/m3 LC","23","Port Angeles - 5th St","1","100.0000","88502","Acceptable PM2.5 AQI & Speciation Mass","38820","Port Angeles, WA","53","Washington","009","Clallam","48.115","-123.436434"
"04/07/2020","AirNow","530090017","4","6.8","ug/m3 LC","28","Port Angeles - 5th St","1","100.0000","88502","Acceptable PM2.5 AQI & Speciation Mass","38820","Port Angeles, WA","53","Washington","009","Clallam","48.115","-123.436434"
"04/08/2020","AirNow","530090017","4","8.9","ug/m3 LC","37","Port Angeles - 5th St","1","100.0000","88502","Acceptable PM2.5 AQI & Speciation Mass","38820","Port Angeles, WA","53","Washington","009","Clallam","48.115","-123.436434"
"04/09/2020","AirNow","530090017","4","7.7","ug/m3 LC","32","Port Angeles - 5th St","1","100.0000","88502","Acceptable PM2.5 AQI & Speciation Mass","38820","Port Angeles, WA","53","Washington","009","Clallam","48.115","-123.436434"
"04/10/2020","AirNow","530090017","4","5.2","ug/m3 LC","22","Port Angeles - 5th St","1","100.0000","88502","Acceptable PM2.5 AQI & Speciation Mass","38820","Port Angeles, WA","53","Washington","009","Clallam","48.115","-123.436434"
"04/11/2020","AirNow","530090017","4","5.5","ug/m3 LC","23","Port Angeles - 5th St","1","100.0000","88502","Acceptable PM2.5 AQI & Speciation Mass","38820","Port Angeles, WA","53","Washington","009","Clallam","48.115","-123.436434"
"04/12/2020","AirNow","530090017","4","5.3","ug/m3 LC","22","Port Angeles - 5th St","1","100.0000","88502","Acceptable PM2.5 AQI & Speciation Mass","38820","Port Angeles, WA","53","Washington","009","Clallam","48.115","-123.436434"
"04/13/2020","AirNow","530090017","4","5.3","ug/m3 LC","22","Port Angeles - 5th St","1","100.0000","88502","Acceptable PM2.5 AQI & Speciation Mass","38820","Port Angeles, WA","53","Washington","009","Clallam","48.115","-123.436434"
"04/14/2020","AirNow","530090017","4","5.2","ug/m3 LC","22","Port Angeles - 5th St","1","100.0000","88502","Acceptable PM2.5 AQI & Speciation Mass","38820","Port Angeles, WA","53","Washington","009","Clallam","48.115","-123.436434"
"04/15/2020","AirNow","530090017","4","4.8","ug/m3 LC","20","Port Angeles - 5th St","1","100.0000","88502","Acceptable PM2.5 AQI & Speciation Mass","38820","Port Angeles, WA","53","Washington","009","Clallam","48.115","-123.436434"
"04/16/2020","AirNow","530090017","4","4.8","ug/m3 LC","20","Port Angeles - 5th St","1","100.0000","88502","Acceptable PM2.5 AQI & Speciation Mass","38820","Port Angeles, WA","53","Washington","009","Clallam","48.115","-123.436434"
"04/17/2020","AirNow","530090017","4","6.2","ug/m3 LC","26","Port Angeles - 5th St","1","100.0000","88502","Acceptable PM2.5 AQI & Speciation Mass","38820","Port Angeles, WA","53","Washington","009","Clallam","48.115","-123.436434"
"04/18/2020","AirNow","530090017","4","4.5","ug/m3 LC","19","Port Angeles - 5th St","1","100.0000","88502","Acceptable PM2.5 AQI & Speciation Mass","38820","Port Angeles, WA","53","Washington","009","Clallam","48.115","-123.436434"
"04/19/2020","AirNow","530090017","4","2.8","ug/m3 LC","12","Port Angeles - 5th St","1","100.0000","88502","Acceptable PM2.5 AQI & Speciation Mass","38820","Port Angeles, WA","53","Washington","009","Clallam","48.115","-123.436434"
"04/20/2020","AirNow","530090017","4","3.4","ug/m3 LC","14","Port Angeles - 5th St","1","100.0000","88502","Acceptable PM2.5 AQI & Speciation Mass","38820","Port Angeles, WA","53","Washington","009","Clallam","48.115","-123.436434"
"04/21/2020","AirNow","530090017","4","3.3","ug/m3 LC","14","Port Angeles - 5th St","1","100.0000","88502","Acceptable PM2.5 AQI & Speciation Mass","38820","Port Angeles, WA","53","Washington","009","Clallam","48.115","-123.436434"
"04/22/2020","AirNow","530090017","4","4.7","ug/m3 LC","20","Port Angeles - 5th St","1","100.0000","88502","Acceptable PM2.5 AQI & Speciation Mass","38820","Port Angeles, WA","53","Washington","009","Clallam","48.115","-123.436434"
"04/23/2020","AirNow","530090017","4","3.1","ug/m3 LC","13","Port Angeles - 5th St","1","100.0000","88502","Acceptable PM2.5 AQI & Speciation Mass","38820","Port Angeles, WA","53","Washington","009","Clallam","48.115","-123.436434"
"04/24/2020","AirNow","530090017","4","6.5","ug/m3 LC","27","Port Angeles - 5th St","1","100.0000","88502","Acceptable PM2.5 AQI & Speciation Mass","38820","Port Angeles, WA","53","Washington","009","Clallam","48.115","-123.436434"
"04/25/2020","AirNow","530090017","4","5.7","ug/m3 LC","24","Port Angeles - 5th St","1","100.0000","88502","Acceptable PM2.5 AQI & Speciation Mass","38820","Port Angeles, WA","53","Washington","009","Clallam","48.115","-123.436434"
"04/26/2020","AirNow","530090017","4","5.5","ug/m3 LC","23","Port Angeles - 5th St","1","100.0000","88502","Acceptable PM2.5 AQI & Speciation Mass","38820","Port Angeles, WA","53","Washington","009","Clallam","48.115","-123.436434"
"04/27/2020","AirNow","530090017","4","5","ug/m3 LC","21","Port Angeles - 5th St","1","100.0000","88502","Acceptable PM2.5 AQI & Speciation Mass","38820","Port Angeles, WA","53","Washington","009","Clallam","48.115","-123.436434"
"04/28/2020","AirNow","530090017","4","6.3","ug/m3 LC","26","Port Angeles - 5th St","1","100.0000","88502","Acceptable PM2.5 AQI & Speciation Mass","38820","Port Angeles, WA","53","Washington","009","Clallam","48.115","-123.436434"
"04/29/2020","AirNow","530090017","4","4.4","ug/m3 LC","18","Port Angeles - 5th St","1","100.0000","88502","Acceptable PM2.5 AQI & Speciation Mass","38820","Port Angeles, WA","53","Washington","009","Clallam","48.115","-123.436434"
"04/30/2020","AirNow","530090017","4","3.3","ug/m3 LC","14","Port Angeles - 5th St","1","100.0000","88502","Acceptable PM2.5 AQI & Speciation Mass","38820","Port Angeles, WA","53","Washington","009","Clallam","48.115","-123.436434"
"05/01/2020","AirNow","530090017","4","4.2","ug/m3 LC","18","Port Angeles - 5th St","1","100.0000","88502","Acceptable PM2.5 AQI & Speciation Mass","38820","Port Angeles, WA","53","Washington","009","Clallam","48.115","-123.436434"
"05/02/2020","AirNow","530090017","4","4.7","ug/m3 LC","20","Port Angeles - 5th St","1","100.0000","88502","Acceptable PM2.5 AQI & Speciation Mass","38820","Port Angeles, WA","53","Washington","009","Clallam","48.115","-123.436434"
"01/01/2020","AQS","530110022","4","1","ug/m3 LC","4","YACOLT - YACOLT RD","1","100.0000","88502","Acceptable PM2.5 AQI & Speciation Mass","38900","Portland-Vancouver-Hillsboro, OR-WA","53","Washington","011","Clark","45.8639","-122.410889"
"01/02/2020","AQS","530110022","4","2.1","ug/m3 LC","9","YACOLT - YACOLT RD","1","100.0000","88502","Acceptable PM2.5 AQI & Speciation Mass","38900","Portland-Vancouver-Hillsboro, OR-WA","53","Washington","011","Clark","45.8639","-122.410889"
"01/03/2020","AQS","530110022","4","3.6","ug/m3 LC","15","YACOLT - YACOLT RD","1","100.0000","88502","Acceptable PM2.5 AQI & Speciation Mass","38900","Portland-Vancouver-Hillsboro, OR-WA","53","Washington","011","Clark","45.8639","-122.410889"
"01/04/2020","AQS","530110022","4","1.6","ug/m3 LC","7","YACOLT - YACOLT RD","1","100.0000","88502","Acceptable PM2.5 AQI & Speciation Mass","38900","Portland-Vancouver-Hillsboro, OR-WA","53","Washington","011","Clark","45.8639","-122.410889"
"01/05/2020","AQS","530110022","4","1.7","ug/m3 LC","7","YACOLT - YACOLT RD","1","100.0000","88502","Acceptable PM2.5 AQI & Speciation Mass","38900","Portland-Vancouver-Hillsboro, OR-WA","53","Washington","011","Clark","45.8639","-122.410889"
"01/06/2020","AQS","530110022","4","0.9","ug/m3 LC","4","YACOLT - YACOLT RD","1","100.0000","88502","Acceptable PM2.5 AQI & Speciation Mass","38900","Portland-Vancouver-Hillsboro, OR-WA","53","Washington","011","Clark","45.8639","-122.410889"
"01/07/2020","AQS","530110022","4","0.9","ug/m3 LC","4","YACOLT - YACOLT RD","1","100.0000","88502","Acceptable PM2.5 AQI & Speciation Mass","38900","Portland-Vancouver-Hillsboro, OR-WA","53","Washington","011","Clark","45.8639","-122.410889"
"01/08/2020","AQS","530110022","4","2.4","ug/m3 LC","10","YACOLT - YACOLT RD","1","100.0000","88502","Acceptable PM2.5 AQI & Speciation Mass","38900","Portland-Vancouver-Hillsboro, OR-WA","53","Washington","011","Clark","45.8639","-122.410889"
"01/09/2020","AQS","530110022","4","5.1","ug/m3 LC","21","YACOLT - YACOLT RD","1","100.0000","88502","Acceptable PM2.5 AQI & Speciation Mass","38900","Portland-Vancouver-Hillsboro, OR-WA","53","Washington","011","Clark","45.8639","-122.410889"
"01/10/2020","AQS","530110022","4","1.7","ug/m3 LC","7","YACOLT - YACOLT RD","1","100.0000","88502","Acceptable PM2.5 AQI & Speciation Mass","38900","Portland-Vancouver-Hillsboro, OR-WA","53","Washington","011","Clark","45.8639","-122.410889"
"01/11/2020","AQS","530110022","4","1.4","ug/m3 LC","6","YACOLT - YACOLT RD","1","100.0000","88502","Acceptable PM2.5 AQI & Speciation Mass","38900","Portland-Vancouver-Hillsboro, OR-WA","53","Washington","011","Clark","45.8639","-122.410889"
"01/12/2020","AQS","530110022","4","0.8","ug/m3 LC","3","YACOLT - YACOLT RD","1","100.0000","88502","Acceptable PM2.5 AQI & Speciation Mass","38900","Portland-Vancouver-Hillsboro, OR-WA","53","Washington","011","Clark","45.8639","-122.410889"
"01/13/2020","AQS","530110022","4","3.5","ug/m3 LC","15","YACOLT - YACOLT RD","1","100.0000","88502","Acceptable PM2.5 AQI & Speciation Mass","38900","Portland-Vancouver-Hillsboro, OR-WA","53","Washington","011","Clark","45.8639","-122.410889"
"01/14/2020","AQS","530110022","4","3.2","ug/m3 LC","13","YACOLT - YACOLT RD","1","100.0000","88502","Acceptable PM2.5 AQI & Speciation Mass","38900","Portland-Vancouver-Hillsboro, OR-WA","53","Washington","011","Clark","45.8639","-122.410889"
"01/15/2020","AQS","530110022","4","2.1","ug/m3 LC","9","YACOLT - YACOLT RD","1","100.0000","88502","Acceptable PM2.5 AQI & Speciation Mass","38900","Portland-Vancouver-Hillsboro, OR-WA","53","Washington","011","Clark","45.8639","-122.410889"
"01/16/2020","AQS","530110022","4","5.2","ug/m3 LC","22","YACOLT - YACOLT RD","1","100.0000","88502","Acceptable PM2.5 AQI & Speciation Mass","38900","Portland-Vancouver-Hillsboro, OR-WA","53","Washington","011","Clark","45.8639","-122.410889"
"01/17/2020","AQS","530110022","4","5","ug/m3 LC","21","YACOLT - YACOLT RD","1","100.0000","88502","Acceptable PM2.5 AQI & Speciation Mass","38900","Portland-Vancouver-Hillsboro, OR-WA","53","Washington","011","Clark","45.8639","-122.410889"
"01/18/2020","AQS","530110022","4","2.8","ug/m3 LC","12","YACOLT - YACOLT RD","1","100.0000","88502","Acceptable PM2.5 AQI & Speciation Mass","38900","Portland-Vancouver-Hillsboro, OR-WA","53","Washington","011","Clark","45.8639","-122.410889"
"01/19/2020","AQS","530110022","4","2.8","ug/m3 LC","12","YACOLT - YACOLT RD","1","100.0000","88502","Acceptable PM2.5 AQI & Speciation Mass","38900","Portland-Vancouver-Hillsboro, OR-WA","53","Washington","011","Clark","45.8639","-122.410889"
"01/20/2020","AQS","530110022","4","7.3","ug/m3 LC","30","YACOLT - YACOLT RD","1","100.0000","88502","Acceptable PM2.5 AQI & Speciation Mass","38900","Portland-Vancouver-Hillsboro, OR-WA","53","Washington","011","Clark","45.8639","-122.410889"
"01/21/2020","AQS","530110022","4","1.4","ug/m3 LC","6","YACOLT - YACOLT RD","1","100.0000","88502","Acceptable PM2.5 AQI & Speciation Mass","38900","Portland-Vancouver-Hillsboro, OR-WA","53","Washington","011","Clark","45.8639","-122.410889"
"01/22/2020","AQS","530110022","4","1.2","ug/m3 LC","5","YACOLT - YACOLT RD","1","100.0000","88502","Acceptable PM2.5 AQI & Speciation Mass","38900","Portland-Vancouver-Hillsboro, OR-WA","53","Washington","011","Clark","45.8639","-122.410889"
"01/23/2020","AQS","530110022","4","1","ug/m3 LC","4","YACOLT - YACOLT RD","1","100.0000","88502","Acceptable PM2.5 AQI & Speciation Mass","38900","Portland-Vancouver-Hillsboro, OR-WA","53","Washington","011","Clark","45.8639","-122.410889"
"01/24/2020","AQS","530110022","4","2.3","ug/m3 LC","10","YACOLT - YACOLT RD","1","100.0000","88502","Acceptable PM2.5 AQI & Speciation Mass","38900","Portland-Vancouver-Hillsboro, OR-WA","53","Washington","011","Clark","45.8639","-122.410889"
"01/25/2020","AQS","530110022","4","2.1","ug/m3 LC","9","YACOLT - YACOLT RD","1","100.0000","88502","Acceptable PM2.5 AQI & Speciation Mass","38900","Portland-Vancouver-Hillsboro, OR-WA","53","Washington","011","Clark","45.8639","-122.410889"
"01/26/2020","AQS","530110022","4","1.5","ug/m3 LC","6","YACOLT - YACOLT RD","1","100.0000","88502","Acceptable PM2.5 AQI & Speciation Mass","38900","Portland-Vancouver-Hillsboro, OR-WA","53","Washington","011","Clark","45.8639","-122.410889"
"01/27/2020","AQS","530110022","4","1.2","ug/m3 LC","5","YACOLT - YACOLT RD","1","100.0000","88502","Acceptable PM2.5 AQI & Speciation Mass","38900","Portland-Vancouver-Hillsboro, OR-WA","53","Washington","011","Clark","45.8639","-122.410889"
"01/28/2020","AQS","530110022","4","0.9","ug/m3 LC","4","YACOLT - YACOLT RD","1","100.0000","88502","Acceptable PM2.5 AQI & Speciation Mass","38900","Portland-Vancouver-Hillsboro, OR-WA","53","Washington","011","Clark","45.8639","-122.410889"
"01/29/2020","AQS","530110022","4","1.9","ug/m3 LC","8","YACOLT - YACOLT RD","1","100.0000","88502","Acceptable PM2.5 AQI & Speciation Mass","38900","Portland-Vancouver-Hillsboro, OR-WA","53","Washington","011","Clark","45.8639","-122.410889"
"01/30/2020","AQS","530110022","4","1.4","ug/m3 LC","6","YACOLT - YACOLT RD","1","100.0000","88502","Acceptable PM2.5 AQI & Speciation Mass","38900","Portland-Vancouver-Hillsboro, OR-WA","53","Washington","011","Clark","45.8639","-122.410889"
"01/31/2020","AQS","530110022","4","1.3","ug/m3 LC","5","YACOLT - YACOLT RD","1","100.0000","88502","Acceptable PM2.5 AQI & Speciation Mass","38900","Portland-Vancouver-Hillsboro, OR-WA","53","Washington","011","Clark","45.8639","-122.410889"
"02/01/2020","AirNow","530110022","4","2.8","ug/m3 LC","12","YACOLT - YACOLT RD","1","100.0000","88502","Acceptable PM2.5 AQI & Speciation Mass","38900","Portland-Vancouver-Hillsboro, OR-WA","53","Washington","011","Clark","45.8639","-122.410889"
"02/02/2020","AirNow","530110022","4","6.1","ug/m3 LC","25","YACOLT - YACOLT RD","1","100.0000","88502","Acceptable PM2.5 AQI & Speciation Mass","38900","Portland-Vancouver-Hillsboro, OR-WA","53","Washington","011","Clark","45.8639","-122.410889"
"02/03/2020","AirNow","530110022","4","9.5","ug/m3 LC","40","YACOLT - YACOLT RD","1","100.0000","88502","Acceptable PM2.5 AQI & Speciation Mass","38900","Portland-Vancouver-Hillsboro, OR-WA","53","Washington","011","Clark","45.8639","-122.410889"
"02/04/2020","AirNow","530110022","4","8.8","ug/m3 LC","37","YACOLT - YACOLT RD","1","100.0000","88502","Acceptable PM2.5 AQI & Speciation Mass","38900","Portland-Vancouver-Hillsboro, OR-WA","53","Washington","011","Clark","45.8639","-122.410889"
"02/05/2020","AirNow","530110022","4","2.2","ug/m3 LC","9","YACOLT - YACOLT RD","1","100.0000","88502","Acceptable PM2.5 AQI & Speciation Mass","38900","Portland-Vancouver-Hillsboro, OR-WA","53","Washington","011","Clark","45.8639","-122.410889"
"02/06/2020","AirNow","530110022","4","1","ug/m3 LC","4","YACOLT - YACOLT RD","1","100.0000","88502","Acceptable PM2.5 AQI & Speciation Mass","38900","Portland-Vancouver-Hillsboro, OR-WA","53","Washington","011","Clark","45.8639","-122.410889"
"02/07/2020","AirNow","530110022","4","1.1","ug/m3 LC","5","YACOLT - YACOLT RD","1","100.0000","88502","Acceptable PM2.5 AQI & Speciation Mass","38900","Portland-Vancouver-Hillsboro, OR-WA","53","Washington","011","Clark","45.8639","-122.410889"
"02/08/2020","AirNow","530110022","4","3","ug/m3 LC","13","YACOLT - YACOLT RD","1","100.0000","88502","Acceptable PM2.5 AQI & Speciation Mass","38900","Portland-Vancouver-Hillsboro, OR-WA","53","Washington","011","Clark","45.8639","-122.410889"
"02/09/2020","AirNow","530110022","4","5","ug/m3 LC","21","YACOLT - YACOLT RD","1","100.0000","88502","Acceptable PM2.5 AQI & Speciation Mass","38900","Portland-Vancouver-Hillsboro, OR-WA","53","Washington","011","Clark","45.8639","-122.410889"
"02/10/2020","AirNow","530110022","4","9.7","ug/m3 LC","40","YACOLT - YACOLT RD","1","100.0000","88502","Acceptable PM2.5 AQI & Speciation Mass","38900","Portland-Vancouver-Hillsboro, OR-WA","53","Washington","011","Clark","45.8639","-122.410889"
"02/11/2020","AirNow","530110022","4","10.6","ug/m3 LC","44","YACOLT - YACOLT RD","1","100.0000","88502","Acceptable PM2.5 AQI & Speciation Mass","38900","Portland-Vancouver-Hillsboro, OR-WA","53","Washington","011","Clark","45.8639","-122.410889"
"02/12/2020","AirNow","530110022","4","6.1","ug/m3 LC","25","YACOLT - YACOLT RD","1","100.0000","88502","Acceptable PM2.5 AQI & Speciation Mass","38900","Portland-Vancouver-Hillsboro, OR-WA","53","Washington","011","Clark","45.8639","-122.410889"
"02/13/2020","AirNow","530110022","4","6","ug/m3 LC","25","YACOLT - YACOLT RD","1","100.0000","88502","Acceptable PM2.5 AQI & Speciation Mass","38900","Portland-Vancouver-Hillsboro, OR-WA","53","Washington","011","Clark","45.8639","-122.410889"
"02/14/2020","AirNow","530110022","4","2.9","ug/m3 LC","12","YACOLT - YACOLT RD","1","100.0000","88502","Acceptable PM2.5 AQI & Speciation Mass","38900","Portland-Vancouver-Hillsboro, OR-WA","53","Washington","011","Clark","45.8639","-122.410889"
"02/15/2020","AirNow","530110022","4","2.4","ug/m3 LC","10","YACOLT - YACOLT RD","1","100.0000","88502","Acceptable PM2.5 AQI & Speciation Mass","38900","Portland-Vancouver-Hillsboro, OR-WA","53","Washington","011","Clark","45.8639","-122.410889"
"02/16/2020","AirNow","530110022","4","2.9","ug/m3 LC","12","YACOLT - YACOLT RD","1","100.0000","88502","Acceptable PM2.5 AQI & Speciation Mass","38900","Portland-Vancouver-Hillsboro, OR-WA","53","Washington","011","Clark","45.8639","-122.410889"
"02/17/2020","AirNow","530110022","4","3","ug/m3 LC","13","YACOLT - YACOLT RD","1","100.0000","88502","Acceptable PM2.5 AQI & Speciation Mass","38900","Portland-Vancouver-Hillsboro, OR-WA","53","Washington","011","Clark","45.8639","-122.410889"
"02/18/2020","AirNow","530110022","4","4.6","ug/m3 LC","19","YACOLT - YACOLT RD","1","100.0000","88502","Acceptable PM2.5 AQI & Speciation Mass","38900","Portland-Vancouver-Hillsboro, OR-WA","53","Washington","011","Clark","45.8639","-122.410889"
"02/19/2020","AirNow","530110022","4","4.6","ug/m3 LC","19","YACOLT - YACOLT RD","1","100.0000","88502","Acceptable PM2.5 AQI & Speciation Mass","38900","Portland-Vancouver-Hillsboro, OR-WA","53","Washington","011","Clark","45.8639","-122.410889"
"02/20/2020","AirNow","530110022","4","7.4","ug/m3 LC","31","YACOLT - YACOLT RD","1","100.0000","88502","Acceptable PM2.5 AQI & Speciation Mass","38900","Portland-Vancouver-Hillsboro, OR-WA","53","Washington","011","Clark","45.8639","-122.410889"
"02/21/2020","AirNow","530110022","4","14.8","ug/m3 LC","57","YACOLT - YACOLT RD","1","100.0000","88502","Acceptable PM2.5 AQI & Speciation Mass","38900","Portland-Vancouver-Hillsboro, OR-WA","53","Washington","011","Clark","45.8639","-122.410889"
"02/22/2020","AirNow","530110022","4","16.8","ug/m3 LC","61","YACOLT - YACOLT RD","1","100.0000","88502","Acceptable PM2.5 AQI & Speciation Mass","38900","Portland-Vancouver-Hillsboro, OR-WA","53","Washington","011","Clark","45.8639","-122.410889"
"02/23/2020","AirNow","530110022","4","4.8","ug/m3 LC","20","YACOLT - YACOLT RD","1","100.0000","88502","Acceptable PM2.5 AQI & Speciation Mass","38900","Portland-Vancouver-Hillsboro, OR-WA","53","Washington","011","Clark","45.8639","-122.410889"
"02/24/2020","AirNow","530110022","4","5.8","ug/m3 LC","24","YACOLT - YACOLT RD","1","100.0000","88502","Acceptable PM2.5 AQI & Speciation Mass","38900","Portland-Vancouver-Hillsboro, OR-WA","53","Washington","011","Clark","45.8639","-122.410889"
"02/25/2020","AirNow","530110022","4","9.1","ug/m3 LC","38","YACOLT - YACOLT RD","1","100.0000","88502","Acceptable PM2.5 AQI & Speciation Mass","38900","Portland-Vancouver-Hillsboro, OR-WA","53","Washington","011","Clark","45.8639","-122.410889"
"02/26/2020","AirNow","530110022","4","9.3","ug/m3 LC","39","YACOLT - YACOLT RD","1","100.0000","88502","Acceptable PM2.5 AQI & Speciation Mass","38900","Portland-Vancouver-Hillsboro, OR-WA","53","Washington","011","Clark","45.8639","-122.410889"
"02/27/2020","AirNow","530110022","4","11.4","ug/m3 LC","48","YACOLT - YACOLT RD","1","100.0000","88502","Acceptable PM2.5 AQI & Speciation Mass","38900","Portland-Vancouver-Hillsboro, OR-WA","53","Washington","011","Clark","45.8639","-122.410889"
"02/28/2020","AirNow","530110022","4","9","ug/m3 LC","38","YACOLT - YACOLT RD","1","100.0000","88502","Acceptable PM2.5 AQI & Speciation Mass","38900","Portland-Vancouver-Hillsboro, OR-WA","53","Washington","011","Clark","45.8639","-122.410889"
"02/29/2020","AirNow","530110022","4","4.2","ug/m3 LC","18","YACOLT - YACOLT RD","1","100.0000","88502","Acceptable PM2.5 AQI & Speciation Mass","38900","Portland-Vancouver-Hillsboro, OR-WA","53","Washington","011","Clark","45.8639","-122.410889"
"03/01/2020","AirNow","530110022","4","6.4","ug/m3 LC","27","YACOLT - YACOLT RD","1","100.0000","88502","Acceptable PM2.5 AQI & Speciation Mass","38900","Portland-Vancouver-Hillsboro, OR-WA","53","Washington","011","Clark","45.8639","-122.410889"
"03/02/2020","AirNow","530110022","4","4.4","ug/m3 LC","18","YACOLT - YACOLT RD","1","100.0000","88502","Acceptable PM2.5 AQI & Speciation Mass","38900","Portland-Vancouver-Hillsboro, OR-WA","53","Washington","011","Clark","45.8639","-122.410889"
"03/03/2020","AirNow","530110022","4","2.6","ug/m3 LC","11","YACOLT - YACOLT RD","1","100.0000","88502","Acceptable PM2.5 AQI & Speciation Mass","38900","Portland-Vancouver-Hillsboro, OR-WA","53","Washington","011","Clark","45.8639","-122.410889"
"03/04/2020","AirNow","530110022","4","5.8","ug/m3 LC","24","YACOLT - YACOLT RD","1","100.0000","88502","Acceptable PM2.5 AQI & Speciation Mass","38900","Portland-Vancouver-Hillsboro, OR-WA","53","Washington","011","Clark","45.8639","-122.410889"
"03/05/2020","AirNow","530110022","4","7.4","ug/m3 LC","31","YACOLT - YACOLT RD","1","100.0000","88502","Acceptable PM2.5 AQI & Speciation Mass","38900","Portland-Vancouver-Hillsboro, OR-WA","53","Washington","011","Clark","45.8639","-122.410889"
"03/06/2020","AirNow","530110022","4","2","ug/m3 LC","8","YACOLT - YACOLT RD","1","100.0000","88502","Acceptable PM2.5 AQI & Speciation Mass","38900","Portland-Vancouver-Hillsboro, OR-WA","53","Washington","011","Clark","45.8639","-122.410889"
"03/07/2020","AirNow","530110022","4","3.1","ug/m3 LC","13","YACOLT - YACOLT RD","1","100.0000","88502","Acceptable PM2.5 AQI & Speciation Mass","38900","Portland-Vancouver-Hillsboro, OR-WA","53","Washington","011","Clark","45.8639","-122.410889"
"03/08/2020","AirNow","530110022","4","6.2","ug/m3 LC","26","YACOLT - YACOLT RD","1","100.0000","88502","Acceptable PM2.5 AQI & Speciation Mass","38900","Portland-Vancouver-Hillsboro, OR-WA","53","Washington","011","Clark","45.8639","-122.410889"
"03/09/2020","AirNow","530110022","4","10.8","ug/m3 LC","45","YACOLT - YACOLT RD","1","100.0000","88502","Acceptable PM2.5 AQI & Speciation Mass","38900","Portland-Vancouver-Hillsboro, OR-WA","53","Washington","011","Clark","45.8639","-122.410889"
"03/10/2020","AirNow","530110022","4","10.2","ug/m3 LC","43","YACOLT - YACOLT RD","1","100.0000","88502","Acceptable PM2.5 AQI & Speciation Mass","38900","Portland-Vancouver-Hillsboro, OR-WA","53","Washington","011","Clark","45.8639","-122.410889"
"03/11/2020","AirNow","530110022","4","7","ug/m3 LC","29","YACOLT - YACOLT RD","1","100.0000","88502","Acceptable PM2.5 AQI & Speciation Mass","38900","Portland-Vancouver-Hillsboro, OR-WA","53","Washington","011","Clark","45.8639","-122.410889"
"03/12/2020","AirNow","530110022","4","7.5","ug/m3 LC","31","YACOLT - YACOLT RD","1","100.0000","88502","Acceptable PM2.5 AQI & Speciation Mass","38900","Portland-Vancouver-Hillsboro, OR-WA","53","Washington","011","Clark","45.8639","-122.410889"
"03/13/2020","AirNow","530110022","4","7.3","ug/m3 LC","30","YACOLT - YACOLT RD","1","100.0000","88502","Acceptable PM2.5 AQI & Speciation Mass","38900","Portland-Vancouver-Hillsboro, OR-WA","53","Washington","011","Clark","45.8639","-122.410889"
"03/14/2020","AirNow","530110022","4","2.7","ug/m3 LC","11","YACOLT - YACOLT RD","1","100.0000","88502","Acceptable PM2.5 AQI & Speciation Mass","38900","Portland-Vancouver-Hillsboro, OR-WA","53","Washington","011","Clark","45.8639","-122.410889"
"03/15/2020","AirNow","530110022","4","2.7","ug/m3 LC","11","YACOLT - YACOLT RD","1","100.0000","88502","Acceptable PM2.5 AQI & Speciation Mass","38900","Portland-Vancouver-Hillsboro, OR-WA","53","Washington","011","Clark","45.8639","-122.410889"
"03/16/2020","AirNow","530110022","4","7.8","ug/m3 LC","33","YACOLT - YACOLT RD","1","100.0000","88502","Acceptable PM2.5 AQI & Speciation Mass","38900","Portland-Vancouver-Hillsboro, OR-WA","53","Washington","011","Clark","45.8639","-122.410889"
"03/17/2020","AirNow","530110022","4","10.1","ug/m3 LC","42","YACOLT - YACOLT RD","1","100.0000","88502","Acceptable PM2.5 AQI & Speciation Mass","38900","Portland-Vancouver-Hillsboro, OR-WA","53","Washington","011","Clark","45.8639","-122.410889"
"03/18/2020","AirNow","530110022","4","8.9","ug/m3 LC","37","YACOLT - YACOLT RD","1","100.0000","88502","Acceptable PM2.5 AQI & Speciation Mass","38900","Portland-Vancouver-Hillsboro, OR-WA","53","Washington","011","Clark","45.8639","-122.410889"
"03/19/2020","AirNow","530110022","4","11.9","ug/m3 LC","50","YACOLT - YACOLT RD","1","100.0000","88502","Acceptable PM2.5 AQI & Speciation Mass","38900","Portland-Vancouver-Hillsboro, OR-WA","53","Washington","011","Clark","45.8639","-122.410889"
"03/20/2020","AirNow","530110022","4","10.6","ug/m3 LC","44","YACOLT - YACOLT RD","1","100.0000","88502","Acceptable PM2.5 AQI & Speciation Mass","38900","Portland-Vancouver-Hillsboro, OR-WA","53","Washington","011","Clark","45.8639","-122.410889"
"03/21/2020","AirNow","530110022","4","12.5","ug/m3 LC","52","YACOLT - YACOLT RD","1","100.0000","88502","Acceptable PM2.5 AQI & Speciation Mass","38900","Portland-Vancouver-Hillsboro, OR-WA","53","Washington","011","Clark","45.8639","-122.410889"
"03/22/2020","AirNow","530110022","4","11.8","ug/m3 LC","49","YACOLT - YACOLT RD","1","100.0000","88502","Acceptable PM2.5 AQI & Speciation Mass","38900","Portland-Vancouver-Hillsboro, OR-WA","53","Washington","011","Clark","45.8639","-122.410889"
"03/23/2020","AirNow","530110022","4","2.7","ug/m3 LC","11","YACOLT - YACOLT RD","1","100.0000","88502","Acceptable PM2.5 AQI & Speciation Mass","38900","Portland-Vancouver-Hillsboro, OR-WA","53","Washington","011","Clark","45.8639","-122.410889"
"03/24/2020","AirNow","530110022","4","2.3","ug/m3 LC","10","YACOLT - YACOLT RD","1","100.0000","88502","Acceptable PM2.5 AQI & Speciation Mass","38900","Portland-Vancouver-Hillsboro, OR-WA","53","Washington","011","Clark","45.8639","-122.410889"
"03/25/2020","AirNow","530110022","4","3.7","ug/m3 LC","15","YACOLT - YACOLT RD","1","100.0000","88502","Acceptable PM2.5 AQI & Speciation Mass","38900","Portland-Vancouver-Hillsboro, OR-WA","53","Washington","011","Clark","45.8639","-122.410889"
"03/26/2020","AirNow","530110022","4","6.6","ug/m3 LC","28","YACOLT - YACOLT RD","1","100.0000","88502","Acceptable PM2.5 AQI & Speciation Mass","38900","Portland-Vancouver-Hillsboro, OR-WA","53","Washington","011","Clark","45.8639","-122.410889"
"03/27/2020","AirNow","530110022","4","5.2","ug/m3 LC","22","YACOLT - YACOLT RD","1","100.0000","88502","Acceptable PM2.5 AQI & Speciation Mass","38900","Portland-Vancouver-Hillsboro, OR-WA","53","Washington","011","Clark","45.8639","-122.410889"
"03/28/2020","AirNow","530110022","4","2.8","ug/m3 LC","12","YACOLT - YACOLT RD","1","100.0000","88502","Acceptable PM2.5 AQI & Speciation Mass","38900","Portland-Vancouver-Hillsboro, OR-WA","53","Washington","011","Clark","45.8639","-122.410889"
"03/29/2020","AirNow","530110022","4","1.9","ug/m3 LC","8","YACOLT - YACOLT RD","1","100.0000","88502","Acceptable PM2.5 AQI & Speciation Mass","38900","Portland-Vancouver-Hillsboro, OR-WA","53","Washington","011","Clark","45.8639","-122.410889"
"03/30/2020","AirNow","530110022","4","1.9","ug/m3 LC","8","YACOLT - YACOLT RD","1","100.0000","88502","Acceptable PM2.5 AQI & Speciation Mass","38900","Portland-Vancouver-Hillsboro, OR-WA","53","Washington","011","Clark","45.8639","-122.410889"
"03/31/2020","AirNow","530110022","4","2","ug/m3 LC","8","YACOLT - YACOLT RD","1","100.0000","88502","Acceptable PM2.5 AQI & Speciation Mass","38900","Portland-Vancouver-Hillsboro, OR-WA","53","Washington","011","Clark","45.8639","-122.410889"
"04/01/2020","AirNow","530110022","4","2.3","ug/m3 LC","10","YACOLT - YACOLT RD","1","100.0000","88502","Acceptable PM2.5 AQI & Speciation Mass","38900","Portland-Vancouver-Hillsboro, OR-WA","53","Washington","011","Clark","45.8639","-122.410889"
"04/02/2020","AirNow","530110022","4","4.3","ug/m3 LC","18","YACOLT - YACOLT RD","1","100.0000","88502","Acceptable PM2.5 AQI & Speciation Mass","38900","Portland-Vancouver-Hillsboro, OR-WA","53","Washington","011","Clark","45.8639","-122.410889"
"04/03/2020","AirNow","530110022","4","5.5","ug/m3 LC","23","YACOLT - YACOLT RD","1","100.0000","88502","Acceptable PM2.5 AQI & Speciation Mass","38900","Portland-Vancouver-Hillsboro, OR-WA","53","Washington","011","Clark","45.8639","-122.410889"
"04/04/2020","AirNow","530110022","4","4.3","ug/m3 LC","18","YACOLT - YACOLT RD","1","100.0000","88502","Acceptable PM2.5 AQI & Speciation Mass","38900","Portland-Vancouver-Hillsboro, OR-WA","53","Washington","011","Clark","45.8639","-122.410889"
"04/05/2020","AirNow","530110022","4","3.7","ug/m3 LC","15","YACOLT - YACOLT RD","1","100.0000","88502","Acceptable PM2.5 AQI & Speciation Mass","38900","Portland-Vancouver-Hillsboro, OR-WA","53","Washington","011","Clark","45.8639","-122.410889"
"04/06/2020","AirNow","530110022","4","7.2","ug/m3 LC","30","YACOLT - YACOLT RD","1","100.0000","88502","Acceptable PM2.5 AQI & Speciation Mass","38900","Portland-Vancouver-Hillsboro, OR-WA","53","Washington","011","Clark","45.8639","-122.410889"
"04/07/2020","AirNow","530110022","4","6.2","ug/m3 LC","26","YACOLT - YACOLT RD","1","100.0000","88502","Acceptable PM2.5 AQI & Speciation Mass","38900","Portland-Vancouver-Hillsboro, OR-WA","53","Washington","011","Clark","45.8639","-122.410889"
"04/08/2020","AirNow","530110022","4","8.4","ug/m3 LC","35","YACOLT - YACOLT RD","1","100.0000","88502","Acceptable PM2.5 AQI & Speciation Mass","38900","Portland-Vancouver-Hillsboro, OR-WA","53","Washington","011","Clark","45.8639","-122.410889"
"04/09/2020","AirNow","530110022","4","7.1","ug/m3 LC","30","YACOLT - YACOLT RD","1","100.0000","88502","Acceptable PM2.5 AQI & Speciation Mass","38900","Portland-Vancouver-Hillsboro, OR-WA","53","Washington","011","Clark","45.8639","-122.410889"
"04/10/2020","AirNow","530110022","4","4.9","ug/m3 LC","20","YACOLT - YACOLT RD","1","100.0000","88502","Acceptable PM2.5 AQI & Speciation Mass","38900","Portland-Vancouver-Hillsboro, OR-WA","53","Washington","011","Clark","45.8639","-122.410889"
"04/11/2020","AirNow","530110022","4","4.9","ug/m3 LC","20","YACOLT - YACOLT RD","1","100.0000","88502","Acceptable PM2.5 AQI & Speciation Mass","38900","Portland-Vancouver-Hillsboro, OR-WA","53","Washington","011","Clark","45.8639","-122.410889"
"04/12/2020","AirNow","530110022","4","6.3","ug/m3 LC","26","YACOLT - YACOLT RD","1","100.0000","88502","Acceptable PM2.5 AQI & Speciation Mass","38900","Portland-Vancouver-Hillsboro, OR-WA","53","Washington","011","Clark","45.8639","-122.410889"
"04/13/2020","AirNow","530110022","4","4.7","ug/m3 LC","20","YACOLT - YACOLT RD","1","100.0000","88502","Acceptable PM2.5 AQI & Speciation Mass","38900","Portland-Vancouver-Hillsboro, OR-WA","53","Washington","011","Clark","45.8639","-122.410889"
"04/14/2020","AirNow","530110022","4","3.4","ug/m3 LC","14","YACOLT - YACOLT RD","1","100.0000","88502","Acceptable PM2.5 AQI & Speciation Mass","38900","Portland-Vancouver-Hillsboro, OR-WA","53","Washington","011","Clark","45.8639","-122.410889"
"04/15/2020","AirNow","530110022","4","1.7","ug/m3 LC","7","YACOLT - YACOLT RD","1","100.0000","88502","Acceptable PM2.5 AQI & Speciation Mass","38900","Portland-Vancouver-Hillsboro, OR-WA","53","Washington","011","Clark","45.8639","-122.410889"
"04/16/2020","AirNow","530110022","4","5.3","ug/m3 LC","22","YACOLT - YACOLT RD","1","100.0000","88502","Acceptable PM2.5 AQI & Speciation Mass","38900","Portland-Vancouver-Hillsboro, OR-WA","53","Washington","011","Clark","45.8639","-122.410889"
"04/17/2020","AirNow","530110022","4","4.6","ug/m3 LC","19","YACOLT - YACOLT RD","1","100.0000","88502","Acceptable PM2.5 AQI & Speciation Mass","38900","Portland-Vancouver-Hillsboro, OR-WA","53","Washington","011","Clark","45.8639","-122.410889"
"04/18/2020","AirNow","530110022","4","4","ug/m3 LC","17","YACOLT - YACOLT RD","1","100.0000","88502","Acceptable PM2.5 AQI & Speciation Mass","38900","Portland-Vancouver-Hillsboro, OR-WA","53","Washington","011","Clark","45.8639","-122.410889"
"04/19/2020","AirNow","530110022","4","4.3","ug/m3 LC","18","YACOLT - YACOLT RD","1","100.0000","88502","Acceptable PM2.5 AQI & Speciation Mass","38900","Portland-Vancouver-Hillsboro, OR-WA","53","Washington","011","Clark","45.8639","-122.410889"
"04/20/2020","AirNow","530110022","4","4.9","ug/m3 LC","20","YACOLT - YACOLT RD","1","100.0000","88502","Acceptable PM2.5 AQI & Speciation Mass","38900","Portland-Vancouver-Hillsboro, OR-WA","53","Washington","011","Clark","45.8639","-122.410889"
"04/21/2020","AirNow","530110022","4","3.7","ug/m3 LC","15","YACOLT - YACOLT RD","1","100.0000","88502","Acceptable PM2.5 AQI & Speciation Mass","38900","Portland-Vancouver-Hillsboro, OR-WA","53","Washington","011","Clark","45.8639","-122.410889"
"04/22/2020","AirNow","530110022","4","3.3","ug/m3 LC","14","YACOLT - YACOLT RD","1","100.0000","88502","Acceptable PM2.5 AQI & Speciation Mass","38900","Portland-Vancouver-Hillsboro, OR-WA","53","Washington","011","Clark","45.8639","-122.410889"
"04/23/2020","AirNow","530110022","4","2.9","ug/m3 LC","12","YACOLT - YACOLT RD","1","100.0000","88502","Acceptable PM2.5 AQI & Speciation Mass","38900","Portland-Vancouver-Hillsboro, OR-WA","53","Washington","011","Clark","45.8639","-122.410889"
"04/24/2020","AirNow","530110022","4","6.7","ug/m3 LC","28","YACOLT - YACOLT RD","1","100.0000","88502","Acceptable PM2.5 AQI & Speciation Mass","38900","Portland-Vancouver-Hillsboro, OR-WA","53","Washington","011","Clark","45.8639","-122.410889"
"04/25/2020","AirNow","530110022","4","4.6","ug/m3 LC","19","YACOLT - YACOLT RD","1","100.0000","88502","Acceptable PM2.5 AQI & Speciation Mass","38900","Portland-Vancouver-Hillsboro, OR-WA","53","Washington","011","Clark","45.8639","-122.410889"
"04/26/2020","AirNow","530110022","4","4.3","ug/m3 LC","18","YACOLT - YACOLT RD","1","100.0000","88502","Acceptable PM2.5 AQI & Speciation Mass","38900","Portland-Vancouver-Hillsboro, OR-WA","53","Washington","011","Clark","45.8639","-122.410889"
"04/27/2020","AirNow","530110022","4","2","ug/m3 LC","8","YACOLT - YACOLT RD","1","100.0000","88502","Acceptable PM2.5 AQI & Speciation Mass","38900","Portland-Vancouver-Hillsboro, OR-WA","53","Washington","011","Clark","45.8639","-122.410889"
"04/28/2020","AirNow","530110022","4","3.6","ug/m3 LC","15","YACOLT - YACOLT RD","1","100.0000","88502","Acceptable PM2.5 AQI & Speciation Mass","38900","Portland-Vancouver-Hillsboro, OR-WA","53","Washington","011","Clark","45.8639","-122.410889"
"04/29/2020","AirNow","530110022","4","3.1","ug/m3 LC","13","YACOLT - YACOLT RD","1","100.0000","88502","Acceptable PM2.5 AQI & Speciation Mass","38900","Portland-Vancouver-Hillsboro, OR-WA","53","Washington","011","Clark","45.8639","-122.410889"
"04/30/2020","AirNow","530110022","4","1.9","ug/m3 LC","8","YACOLT - YACOLT RD","1","100.0000","88502","Acceptable PM2.5 AQI & Speciation Mass","38900","Portland-Vancouver-Hillsboro, OR-WA","53","Washington","011","Clark","45.8639","-122.410889"
"05/01/2020","AirNow","530110022","4","4.1","ug/m3 LC","17","YACOLT - YACOLT RD","1","100.0000","88502","Acceptable PM2.5 AQI & Speciation Mass","38900","Portland-Vancouver-Hillsboro, OR-WA","53","Washington","011","Clark","45.8639","-122.410889"
"05/02/2020","AirNow","530110022","4","3.3","ug/m3 LC","14","YACOLT - YACOLT RD","1","100.0000","88502","Acceptable PM2.5 AQI & Speciation Mass","38900","Portland-Vancouver-Hillsboro, OR-WA","53","Washington","011","Clark","45.8639","-122.410889"
"01/01/2020","AQS","530110024","5","2.9","ug/m3 LC","12","Vancouver-NE 84th Ave","1","100.0000","88101","PM2.5 - Local Conditions","38900","Portland-Vancouver-Hillsboro, OR-WA","53","Washington","011","Clark","45.64336","-122.58737"
"01/02/2020","AQS","530110024","5","4.7","ug/m3 LC","20","Vancouver-NE 84th Ave","1","100.0000","88101","PM2.5 - Local Conditions","38900","Portland-Vancouver-Hillsboro, OR-WA","53","Washington","011","Clark","45.64336","-122.58737"
"01/03/2020","AQS","530110024","5","4.1","ug/m3 LC","17","Vancouver-NE 84th Ave","1","100.0000","88101","PM2.5 - Local Conditions","38900","Portland-Vancouver-Hillsboro, OR-WA","53","Washington","011","Clark","45.64336","-122.58737"
"01/04/2020","AQS","530110024","5","4.7","ug/m3 LC","20","Vancouver-NE 84th Ave","1","100.0000","88101","PM2.5 - Local Conditions","38900","Portland-Vancouver-Hillsboro, OR-WA","53","Washington","011","Clark","45.64336","-122.58737"
"01/05/2020","AQS","530110024","5","2.7","ug/m3 LC","11","Vancouver-NE 84th Ave","1","100.0000","88101","PM2.5 - Local Conditions","38900","Portland-Vancouver-Hillsboro, OR-WA","53","Washington","011","Clark","45.64336","-122.58737"
"01/06/2020","AQS","530110024","5","2.8","ug/m3 LC","12","Vancouver-NE 84th Ave","1","100.0000","88101","PM2.5 - Local Conditions","38900","Portland-Vancouver-Hillsboro, OR-WA","53","Washington","011","Clark","45.64336","-122.58737"
"01/07/2020","AQS","530110024","5","0.5","ug/m3 LC","2","Vancouver-NE 84th Ave","1","100.0000","88101","PM2.5 - Local Conditions","38900","Portland-Vancouver-Hillsboro, OR-WA","53","Washington","011","Clark","45.64336","-122.58737"
"01/08/2020","AQS","530110024","5","3.2","ug/m3 LC","13","Vancouver-NE 84th Ave","1","100.0000","88101","PM2.5 - Local Conditions","38900","Portland-Vancouver-Hillsboro, OR-WA","53","Washington","011","Clark","45.64336","-122.58737"
"01/09/2020","AQS","530110024","5","8.2","ug/m3 LC","34","Vancouver-NE 84th Ave","1","100.0000","88101","PM2.5 - Local Conditions","38900","Portland-Vancouver-Hillsboro, OR-WA","53","Washington","011","Clark","45.64336","-122.58737"
"01/10/2020","AQS","530110024","5","2.6","ug/m3 LC","11","Vancouver-NE 84th Ave","1","100.0000","88101","PM2.5 - Local Conditions","38900","Portland-Vancouver-Hillsboro, OR-WA","53","Washington","011","Clark","45.64336","-122.58737"
"01/11/2020","AQS","530110024","5","2.7","ug/m3 LC","11","Vancouver-NE 84th Ave","1","100.0000","88101","PM2.5 - Local Conditions","38900","Portland-Vancouver-Hillsboro, OR-WA","53","Washington","011","Clark","45.64336","-122.58737"
"01/12/2020","AQS","530110024","5","2.4","ug/m3 LC","10","Vancouver-NE 84th Ave","1","100.0000","88101","PM2.5 - Local Conditions","38900","Portland-Vancouver-Hillsboro, OR-WA","53","Washington","011","Clark","45.64336","-122.58737"
"01/13/2020","AQS","530110024","5","6.5","ug/m3 LC","27","Vancouver-NE 84th Ave","1","100.0000","88101","PM2.5 - Local Conditions","38900","Portland-Vancouver-Hillsboro, OR-WA","53","Washington","011","Clark","45.64336","-122.58737"
"01/14/2020","AQS","530110024","5","6","ug/m3 LC","25","Vancouver-NE 84th Ave","1","100.0000","88101","PM2.5 - Local Conditions","38900","Portland-Vancouver-Hillsboro, OR-WA","53","Washington","011","Clark","45.64336","-122.58737"
"01/15/2020","AQS","530110024","5","2.4","ug/m3 LC","10","Vancouver-NE 84th Ave","1","100.0000","88101","PM2.5 - Local Conditions","38900","Portland-Vancouver-Hillsboro, OR-WA","53","Washington","011","Clark","45.64336","-122.58737"
"01/16/2020","AQS","530110024","5","8.5","ug/m3 LC","35","Vancouver-NE 84th Ave","1","100.0000","88101","PM2.5 - Local Conditions","38900","Portland-Vancouver-Hillsboro, OR-WA","53","Washington","011","Clark","45.64336","-122.58737"
"01/17/2020","AQS","530110024","5","5.2","ug/m3 LC","22","Vancouver-NE 84th Ave","1","100.0000","88101","PM2.5 - Local Conditions","38900","Portland-Vancouver-Hillsboro, OR-WA","53","Washington","011","Clark","45.64336","-122.58737"
"01/18/2020","AQS","530110024","5","3.6","ug/m3 LC","15","Vancouver-NE 84th Ave","1","100.0000","88101","PM2.5 - Local Conditions","38900","Portland-Vancouver-Hillsboro, OR-WA","53","Washington","011","Clark","45.64336","-122.58737"
"01/19/2020","AQS","530110024","5","6","ug/m3 LC","25","Vancouver-NE 84th Ave","1","100.0000","88101","PM2.5 - Local Conditions","38900","Portland-Vancouver-Hillsboro, OR-WA","53","Washington","011","Clark","45.64336","-122.58737"
"01/20/2020","AQS","530110024","5","17","ug/m3 LC","61","Vancouver-NE 84th Ave","1","100.0000","88101","PM2.5 - Local Conditions","38900","Portland-Vancouver-Hillsboro, OR-WA","53","Washington","011","Clark","45.64336","-122.58737"
"01/21/2020","AQS","530110024","5","5.5","ug/m3 LC","23","Vancouver-NE 84th Ave","1","100.0000","88101","PM2.5 - Local Conditions","38900","Portland-Vancouver-Hillsboro, OR-WA","53","Washington","011","Clark","45.64336","-122.58737"
"01/22/2020","AQS","530110024","5","2","ug/m3 LC","8","Vancouver-NE 84th Ave","1","100.0000","88101","PM2.5 - Local Conditions","38900","Portland-Vancouver-Hillsboro, OR-WA","53","Washington","011","Clark","45.64336","-122.58737"
"01/23/2020","AQS","530110024","5","2","ug/m3 LC","8","Vancouver-NE 84th Ave","1","100.0000","88101","PM2.5 - Local Conditions","38900","Portland-Vancouver-Hillsboro, OR-WA","53","Washington","011","Clark","45.64336","-122.58737"
"01/24/2020","AQS","530110024","5","3.1","ug/m3 LC","13","Vancouver-NE 84th Ave","1","100.0000","88101","PM2.5 - Local Conditions","38900","Portland-Vancouver-Hillsboro, OR-WA","53","Washington","011","Clark","45.64336","-122.58737"
"01/25/2020","AQS","530110024","5","3.2","ug/m3 LC","13","Vancouver-NE 84th Ave","1","100.0000","88101","PM2.5 - Local Conditions","38900","Portland-Vancouver-Hillsboro, OR-WA","53","Washington","011","Clark","45.64336","-122.58737"
"01/26/2020","AQS","530110024","5","3.5","ug/m3 LC","15","Vancouver-NE 84th Ave","1","100.0000","88101","PM2.5 - Local Conditions","38900","Portland-Vancouver-Hillsboro, OR-WA","53","Washington","011","Clark","45.64336","-122.58737"
"01/27/2020","AQS","530110024","5","1.5","ug/m3 LC","6","Vancouver-NE 84th Ave","1","100.0000","88101","PM2.5 - Local Conditions","38900","Portland-Vancouver-Hillsboro, OR-WA","53","Washington","011","Clark","45.64336","-122.58737"
"01/28/2020","AQS","530110024","5","1.9","ug/m3 LC","8","Vancouver-NE 84th Ave","1","100.0000","88101","PM2.5 - Local Conditions","38900","Portland-Vancouver-Hillsboro, OR-WA","53","Washington","011","Clark","45.64336","-122.58737"
"01/29/2020","AQS","530110024","5","3.4","ug/m3 LC","14","Vancouver-NE 84th Ave","1","100.0000","88101","PM2.5 - Local Conditions","38900","Portland-Vancouver-Hillsboro, OR-WA","53","Washington","011","Clark","45.64336","-122.58737"
"01/30/2020","AQS","530110024","5","3.6","ug/m3 LC","15","Vancouver-NE 84th Ave","1","100.0000","88101","PM2.5 - Local Conditions","38900","Portland-Vancouver-Hillsboro, OR-WA","53","Washington","011","Clark","45.64336","-122.58737"
"01/31/2020","AQS","530110024","5","1","ug/m3 LC","4","Vancouver-NE 84th Ave","1","100.0000","88101","PM2.5 - Local Conditions","38900","Portland-Vancouver-Hillsboro, OR-WA","53","Washington","011","Clark","45.64336","-122.58737"
"02/01/2020","AirNow","530110024","5","2.6","ug/m3 LC","11","Vancouver-NE 84th Ave","1","100.0000","88101","PM2.5 - Local Conditions","38900","Portland-Vancouver-Hillsboro, OR-WA","53","Washington","011","Clark","45.64336","-122.58737"
"02/02/2020","AirNow","530110024","5","9.3","ug/m3 LC","39","Vancouver-NE 84th Ave","1","100.0000","88101","PM2.5 - Local Conditions","38900","Portland-Vancouver-Hillsboro, OR-WA","53","Washington","011","Clark","45.64336","-122.58737"
"02/03/2020","AirNow","530110024","5","13.5","ug/m3 LC","54","Vancouver-NE 84th Ave","1","100.0000","88101","PM2.5 - Local Conditions","38900","Portland-Vancouver-Hillsboro, OR-WA","53","Washington","011","Clark","45.64336","-122.58737"
"02/04/2020","AirNow","530110024","5","13.3","ug/m3 LC","54","Vancouver-NE 84th Ave","1","100.0000","88101","PM2.5 - Local Conditions","38900","Portland-Vancouver-Hillsboro, OR-WA","53","Washington","011","Clark","45.64336","-122.58737"
"02/05/2020","AirNow","530110024","5","2","ug/m3 LC","8","Vancouver-NE 84th Ave","1","100.0000","88101","PM2.5 - Local Conditions","38900","Portland-Vancouver-Hillsboro, OR-WA","53","Washington","011","Clark","45.64336","-122.58737"
"02/06/2020","AirNow","530110024","5","0.8","ug/m3 LC","3","Vancouver-NE 84th Ave","1","100.0000","88101","PM2.5 - Local Conditions","38900","Portland-Vancouver-Hillsboro, OR-WA","53","Washington","011","Clark","45.64336","-122.58737"
"02/07/2020","AirNow","530110024","5","1.2","ug/m3 LC","5","Vancouver-NE 84th Ave","1","100.0000","88101","PM2.5 - Local Conditions","38900","Portland-Vancouver-Hillsboro, OR-WA","53","Washington","011","Clark","45.64336","-122.58737"
"02/08/2020","AirNow","530110024","5","7.1","ug/m3 LC","30","Vancouver-NE 84th Ave","1","100.0000","88101","PM2.5 - Local Conditions","38900","Portland-Vancouver-Hillsboro, OR-WA","53","Washington","011","Clark","45.64336","-122.58737"
"02/09/2020","AirNow","530110024","5","9.9","ug/m3 LC","41","Vancouver-NE 84th Ave","1","100.0000","88101","PM2.5 - Local Conditions","38900","Portland-Vancouver-Hillsboro, OR-WA","53","Washington","011","Clark","45.64336","-122.58737"
"02/10/2020","AirNow","530110024","5","11.6","ug/m3 LC","48","Vancouver-NE 84th Ave","1","100.0000","88101","PM2.5 - Local Conditions","38900","Portland-Vancouver-Hillsboro, OR-WA","53","Washington","011","Clark","45.64336","-122.58737"
"02/11/2020","AirNow","530110024","5","16.2","ug/m3 LC","60","Vancouver-NE 84th Ave","1","100.0000","88101","PM2.5 - Local Conditions","38900","Portland-Vancouver-Hillsboro, OR-WA","53","Washington","011","Clark","45.64336","-122.58737"
"02/12/2020","AirNow","530110024","5","13.6","ug/m3 LC","54","Vancouver-NE 84th Ave","1","100.0000","88101","PM2.5 - Local Conditions","38900","Portland-Vancouver-Hillsboro, OR-WA","53","Washington","011","Clark","45.64336","-122.58737"
"02/13/2020","AirNow","530110024","5","11.1","ug/m3 LC","46","Vancouver-NE 84th Ave","1","100.0000","88101","PM2.5 - Local Conditions","38900","Portland-Vancouver-Hillsboro, OR-WA","53","Washington","011","Clark","45.64336","-122.58737"
"02/14/2020","AirNow","530110024","5","4.7","ug/m3 LC","20","Vancouver-NE 84th Ave","1","100.0000","88101","PM2.5 - Local Conditions","38900","Portland-Vancouver-Hillsboro, OR-WA","53","Washington","011","Clark","45.64336","-122.58737"
"02/15/2020","AirNow","530110024","5","3.5","ug/m3 LC","15","Vancouver-NE 84th Ave","1","100.0000","88101","PM2.5 - Local Conditions","38900","Portland-Vancouver-Hillsboro, OR-WA","53","Washington","011","Clark","45.64336","-122.58737"
"02/16/2020","AirNow","530110024","5","5.9","ug/m3 LC","25","Vancouver-NE 84th Ave","1","100.0000","88101","PM2.5 - Local Conditions","38900","Portland-Vancouver-Hillsboro, OR-WA","53","Washington","011","Clark","45.64336","-122.58737"
"02/17/2020","AirNow","530110024","5","6.1","ug/m3 LC","25","Vancouver-NE 84th Ave","1","100.0000","88101","PM2.5 - Local Conditions","38900","Portland-Vancouver-Hillsboro, OR-WA","53","Washington","011","Clark","45.64336","-122.58737"
"02/18/2020","AirNow","530110024","5","6","ug/m3 LC","25","Vancouver-NE 84th Ave","1","100.0000","88101","PM2.5 - Local Conditions","38900","Portland-Vancouver-Hillsboro, OR-WA","53","Washington","011","Clark","45.64336","-122.58737"
"02/19/2020","AirNow","530110024","5","1.1","ug/m3 LC","5","Vancouver-NE 84th Ave","1","100.0000","88101","PM2.5 - Local Conditions","38900","Portland-Vancouver-Hillsboro, OR-WA","53","Washington","011","Clark","45.64336","-122.58737"
"02/20/2020","AirNow","530110024","5","6","ug/m3 LC","25","Vancouver-NE 84th Ave","1","100.0000","88101","PM2.5 - Local Conditions","38900","Portland-Vancouver-Hillsboro, OR-WA","53","Washington","011","Clark","45.64336","-122.58737"
"02/21/2020","AirNow","530110024","5","15.9","ug/m3 LC","59","Vancouver-NE 84th Ave","1","100.0000","88101","PM2.5 - Local Conditions","38900","Portland-Vancouver-Hillsboro, OR-WA","53","Washington","011","Clark","45.64336","-122.58737"
"02/22/2020","AirNow","530110024","5","16.7","ug/m3 LC","61","Vancouver-NE 84th Ave","1","100.0000","88101","PM2.5 - Local Conditions","38900","Portland-Vancouver-Hillsboro, OR-WA","53","Washington","011","Clark","45.64336","-122.58737"
"02/23/2020","AirNow","530110024","5","7","ug/m3 LC","29","Vancouver-NE 84th Ave","1","100.0000","88101","PM2.5 - Local Conditions","38900","Portland-Vancouver-Hillsboro, OR-WA","53","Washington","011","Clark","45.64336","-122.58737"
"02/24/2020","AirNow","530110024","5","8.1","ug/m3 LC","34","Vancouver-NE 84th Ave","1","100.0000","88101","PM2.5 - Local Conditions","38900","Portland-Vancouver-Hillsboro, OR-WA","53","Washington","011","Clark","45.64336","-122.58737"
"02/25/2020","AirNow","530110024","5","11.3","ug/m3 LC","47","Vancouver-NE 84th Ave","1","100.0000","88101","PM2.5 - Local Conditions","38900","Portland-Vancouver-Hillsboro, OR-WA","53","Washington","011","Clark","45.64336","-122.58737"
"02/26/2020","AirNow","530110024","5","10.2","ug/m3 LC","43","Vancouver-NE 84th Ave","1","100.0000","88101","PM2.5 - Local Conditions","38900","Portland-Vancouver-Hillsboro, OR-WA","53","Washington","011","Clark","45.64336","-122.58737"
"02/27/2020","AirNow","530110024","5","12","ug/m3 LC","50","Vancouver-NE 84th Ave","1","100.0000","88101","PM2.5 - Local Conditions","38900","Portland-Vancouver-Hillsboro, OR-WA","53","Washington","011","Clark","45.64336","-122.58737"
"02/28/2020","AirNow","530110024","5","10.8","ug/m3 LC","45","Vancouver-NE 84th Ave","1","100.0000","88101","PM2.5 - Local Conditions","38900","Portland-Vancouver-Hillsboro, OR-WA","53","Washington","011","Clark","45.64336","-122.58737"
"02/29/2020","AirNow","530110024","5","6.8","ug/m3 LC","28","Vancouver-NE 84th Ave","1","100.0000","88101","PM2.5 - Local Conditions","38900","Portland-Vancouver-Hillsboro, OR-WA","53","Washington","011","Clark","45.64336","-122.58737"
"03/01/2020","AirNow","530110024","5","11.3","ug/m3 LC","47","Vancouver-NE 84th Ave","1","100.0000","88101","PM2.5 - Local Conditions","38900","Portland-Vancouver-Hillsboro, OR-WA","53","Washington","011","Clark","45.64336","-122.58737"
"03/02/2020","AirNow","530110024","5","7.4","ug/m3 LC","31","Vancouver-NE 84th Ave","1","100.0000","88101","PM2.5 - Local Conditions","38900","Portland-Vancouver-Hillsboro, OR-WA","53","Washington","011","Clark","45.64336","-122.58737"
"03/03/2020","AirNow","530110024","5","1.5","ug/m3 LC","6","Vancouver-NE 84th Ave","1","100.0000","88101","PM2.5 - Local Conditions","38900","Portland-Vancouver-Hillsboro, OR-WA","53","Washington","011","Clark","45.64336","-122.58737"
"03/04/2020","AirNow","530110024","5","7.5","ug/m3 LC","31","Vancouver-NE 84th Ave","1","100.0000","88101","PM2.5 - Local Conditions","38900","Portland-Vancouver-Hillsboro, OR-WA","53","Washington","011","Clark","45.64336","-122.58737"
"03/05/2020","AirNow","530110024","5","6.7","ug/m3 LC","28","Vancouver-NE 84th Ave","1","100.0000","88101","PM2.5 - Local Conditions","38900","Portland-Vancouver-Hillsboro, OR-WA","53","Washington","011","Clark","45.64336","-122.58737"
"03/06/2020","AirNow","530110024","5","2.8","ug/m3 LC","12","Vancouver-NE 84th Ave","1","100.0000","88101","PM2.5 - Local Conditions","38900","Portland-Vancouver-Hillsboro, OR-WA","53","Washington","011","Clark","45.64336","-122.58737"
"03/09/2020","AirNow","530110024","5","10.8","ug/m3 LC","45","Vancouver-NE 84th Ave","1","100.0000","88101","PM2.5 - Local Conditions","38900","Portland-Vancouver-Hillsboro, OR-WA","53","Washington","011","Clark","45.64336","-122.58737"
"03/10/2020","AirNow","530110024","5","7.6","ug/m3 LC","32","Vancouver-NE 84th Ave","1","100.0000","88101","PM2.5 - Local Conditions","38900","Portland-Vancouver-Hillsboro, OR-WA","53","Washington","011","Clark","45.64336","-122.58737"
"03/11/2020","AirNow","530110024","5","4.1","ug/m3 LC","17","Vancouver-NE 84th Ave","1","100.0000","88101","PM2.5 - Local Conditions","38900","Portland-Vancouver-Hillsboro, OR-WA","53","Washington","011","Clark","45.64336","-122.58737"
"03/12/2020","AirNow","530110024","5","5","ug/m3 LC","21","Vancouver-NE 84th Ave","1","100.0000","88101","PM2.5 - Local Conditions","38900","Portland-Vancouver-Hillsboro, OR-WA","53","Washington","011","Clark","45.64336","-122.58737"
"03/13/2020","AirNow","530110024","5","8.3","ug/m3 LC","35","Vancouver-NE 84th Ave","1","100.0000","88101","PM2.5 - Local Conditions","38900","Portland-Vancouver-Hillsboro, OR-WA","53","Washington","011","Clark","45.64336","-122.58737"
"03/14/2020","AirNow","530110024","5","4","ug/m3 LC","17","Vancouver-NE 84th Ave","1","100.0000","88101","PM2.5 - Local Conditions","38900","Portland-Vancouver-Hillsboro, OR-WA","53","Washington","011","Clark","45.64336","-122.58737"
"03/15/2020","AirNow","530110024","5","2.9","ug/m3 LC","12","Vancouver-NE 84th Ave","1","100.0000","88101","PM2.5 - Local Conditions","38900","Portland-Vancouver-Hillsboro, OR-WA","53","Washington","011","Clark","45.64336","-122.58737"
"03/16/2020","AirNow","530110024","5","5.4","ug/m3 LC","23","Vancouver-NE 84th Ave","1","100.0000","88101","PM2.5 - Local Conditions","38900","Portland-Vancouver-Hillsboro, OR-WA","53","Washington","011","Clark","45.64336","-122.58737"
"03/17/2020","AirNow","530110024","5","8.5","ug/m3 LC","35","Vancouver-NE 84th Ave","1","100.0000","88101","PM2.5 - Local Conditions","38900","Portland-Vancouver-Hillsboro, OR-WA","53","Washington","011","Clark","45.64336","-122.58737"
"03/18/2020","AirNow","530110024","5","11.2","ug/m3 LC","47","Vancouver-NE 84th Ave","1","100.0000","88101","PM2.5 - Local Conditions","38900","Portland-Vancouver-Hillsboro, OR-WA","53","Washington","011","Clark","45.64336","-122.58737"
"03/19/2020","AirNow","530110024","5","13.6","ug/m3 LC","54","Vancouver-NE 84th Ave","1","100.0000","88101","PM2.5 - Local Conditions","38900","Portland-Vancouver-Hillsboro, OR-WA","53","Washington","011","Clark","45.64336","-122.58737"
"03/20/2020","AirNow","530110024","5","10.3","ug/m3 LC","43","Vancouver-NE 84th Ave","1","100.0000","88101","PM2.5 - Local Conditions","38900","Portland-Vancouver-Hillsboro, OR-WA","53","Washington","011","Clark","45.64336","-122.58737"
"03/21/2020","AirNow","530110024","5","12.1","ug/m3 LC","51","Vancouver-NE 84th Ave","1","100.0000","88101","PM2.5 - Local Conditions","38900","Portland-Vancouver-Hillsboro, OR-WA","53","Washington","011","Clark","45.64336","-122.58737"
"03/22/2020","AirNow","530110024","5","15.2","ug/m3 LC","58","Vancouver-NE 84th Ave","1","100.0000","88101","PM2.5 - Local Conditions","38900","Portland-Vancouver-Hillsboro, OR-WA","53","Washington","011","Clark","45.64336","-122.58737"
"03/23/2020","AirNow","530110024","5","3.1","ug/m3 LC","13","Vancouver-NE 84th Ave","1","100.0000","88101","PM2.5 - Local Conditions","38900","Portland-Vancouver-Hillsboro, OR-WA","53","Washington","011","Clark","45.64336","-122.58737"
"03/24/2020","AirNow","530110024","5","3","ug/m3 LC","13","Vancouver-NE 84th Ave","1","100.0000","88101","PM2.5 - Local Conditions","38900","Portland-Vancouver-Hillsboro, OR-WA","53","Washington","011","Clark","45.64336","-122.58737"
"03/25/2020","AirNow","530110024","5","6","ug/m3 LC","25","Vancouver-NE 84th Ave","1","100.0000","88101","PM2.5 - Local Conditions","38900","Portland-Vancouver-Hillsboro, OR-WA","53","Washington","011","Clark","45.64336","-122.58737"
"03/26/2020","AirNow","530110024","5","8.2","ug/m3 LC","34","Vancouver-NE 84th Ave","1","100.0000","88101","PM2.5 - Local Conditions","38900","Portland-Vancouver-Hillsboro, OR-WA","53","Washington","011","Clark","45.64336","-122.58737"
"03/27/2020","AirNow","530110024","5","7.7","ug/m3 LC","32","Vancouver-NE 84th Ave","1","100.0000","88101","PM2.5 - Local Conditions","38900","Portland-Vancouver-Hillsboro, OR-WA","53","Washington","011","Clark","45.64336","-122.58737"
"03/28/2020","AirNow","530110024","5","5","ug/m3 LC","21","Vancouver-NE 84th Ave","1","100.0000","88101","PM2.5 - Local Conditions","38900","Portland-Vancouver-Hillsboro, OR-WA","53","Washington","011","Clark","45.64336","-122.58737"
"03/29/2020","AirNow","530110024","5","2.7","ug/m3 LC","11","Vancouver-NE 84th Ave","1","100.0000","88101","PM2.5 - Local Conditions","38900","Portland-Vancouver-Hillsboro, OR-WA","53","Washington","011","Clark","45.64336","-122.58737"
"03/30/2020","AirNow","530110024","5","2.5","ug/m3 LC","10","Vancouver-NE 84th Ave","1","100.0000","88101","PM2.5 - Local Conditions","38900","Portland-Vancouver-Hillsboro, OR-WA","53","Washington","011","Clark","45.64336","-122.58737"
"03/31/2020","AirNow","530110024","5","2.2","ug/m3 LC","9","Vancouver-NE 84th Ave","1","100.0000","88101","PM2.5 - Local Conditions","38900","Portland-Vancouver-Hillsboro, OR-WA","53","Washington","011","Clark","45.64336","-122.58737"
"04/01/2020","AirNow","530110024","5","4.2","ug/m3 LC","18","Vancouver-NE 84th Ave","1","100.0000","88101","PM2.5 - Local Conditions","38900","Portland-Vancouver-Hillsboro, OR-WA","53","Washington","011","Clark","45.64336","-122.58737"
"04/02/2020","AirNow","530110024","5","4.3","ug/m3 LC","18","Vancouver-NE 84th Ave","1","100.0000","88101","PM2.5 - Local Conditions","38900","Portland-Vancouver-Hillsboro, OR-WA","53","Washington","011","Clark","45.64336","-122.58737"
"04/03/2020","AirNow","530110024","5","6.1","ug/m3 LC","25","Vancouver-NE 84th Ave","1","100.0000","88101","PM2.5 - Local Conditions","38900","Portland-Vancouver-Hillsboro, OR-WA","53","Washington","011","Clark","45.64336","-122.58737"
"04/04/2020","AirNow","530110024","5","5.5","ug/m3 LC","23","Vancouver-NE 84th Ave","1","100.0000","88101","PM2.5 - Local Conditions","38900","Portland-Vancouver-Hillsboro, OR-WA","53","Washington","011","Clark","45.64336","-122.58737"
"04/05/2020","AirNow","530110024","5","6","ug/m3 LC","25","Vancouver-NE 84th Ave","1","100.0000","88101","PM2.5 - Local Conditions","38900","Portland-Vancouver-Hillsboro, OR-WA","53","Washington","011","Clark","45.64336","-122.58737"
"04/06/2020","AirNow","530110024","5","7.9","ug/m3 LC","33","Vancouver-NE 84th Ave","1","100.0000","88101","PM2.5 - Local Conditions","38900","Portland-Vancouver-Hillsboro, OR-WA","53","Washington","011","Clark","45.64336","-122.58737"
"04/07/2020","AirNow","530110024","5","6.2","ug/m3 LC","26","Vancouver-NE 84th Ave","1","100.0000","88101","PM2.5 - Local Conditions","38900","Portland-Vancouver-Hillsboro, OR-WA","53","Washington","011","Clark","45.64336","-122.58737"
"04/08/2020","AirNow","530110024","5","8.6","ug/m3 LC","36","Vancouver-NE 84th Ave","1","100.0000","88101","PM2.5 - Local Conditions","38900","Portland-Vancouver-Hillsboro, OR-WA","53","Washington","011","Clark","45.64336","-122.58737"
"04/09/2020","AirNow","530110024","5","9.1","ug/m3 LC","38","Vancouver-NE 84th Ave","1","100.0000","88101","PM2.5 - Local Conditions","38900","Portland-Vancouver-Hillsboro, OR-WA","53","Washington","011","Clark","45.64336","-122.58737"
"04/10/2020","AirNow","530110024","5","5.6","ug/m3 LC","23","Vancouver-NE 84th Ave","1","100.0000","88101","PM2.5 - Local Conditions","38900","Portland-Vancouver-Hillsboro, OR-WA","53","Washington","011","Clark","45.64336","-122.58737"
"04/11/2020","AirNow","530110024","5","6.5","ug/m3 LC","27","Vancouver-NE 84th Ave","1","100.0000","88101","PM2.5 - Local Conditions","38900","Portland-Vancouver-Hillsboro, OR-WA","53","Washington","011","Clark","45.64336","-122.58737"
"04/12/2020","AirNow","530110024","5","9.2","ug/m3 LC","38","Vancouver-NE 84th Ave","1","100.0000","88101","PM2.5 - Local Conditions","38900","Portland-Vancouver-Hillsboro, OR-WA","53","Washington","011","Clark","45.64336","-122.58737"
"04/13/2020","AirNow","530110024","5","9.5","ug/m3 LC","40","Vancouver-NE 84th Ave","1","100.0000","88101","PM2.5 - Local Conditions","38900","Portland-Vancouver-Hillsboro, OR-WA","53","Washington","011","Clark","45.64336","-122.58737"
"04/14/2020","AirNow","530110024","5","4.6","ug/m3 LC","19","Vancouver-NE 84th Ave","1","100.0000","88101","PM2.5 - Local Conditions","38900","Portland-Vancouver-Hillsboro, OR-WA","53","Washington","011","Clark","45.64336","-122.58737"
"04/15/2020","AirNow","530110024","5","3","ug/m3 LC","13","Vancouver-NE 84th Ave","1","100.0000","88101","PM2.5 - Local Conditions","38900","Portland-Vancouver-Hillsboro, OR-WA","53","Washington","011","Clark","45.64336","-122.58737"
"04/16/2020","AirNow","530110024","5","3","ug/m3 LC","13","Vancouver-NE 84th Ave","1","100.0000","88101","PM2.5 - Local Conditions","38900","Portland-Vancouver-Hillsboro, OR-WA","53","Washington","011","Clark","45.64336","-122.58737"
"04/17/2020","AirNow","530110024","5","4","ug/m3 LC","17","Vancouver-NE 84th Ave","1","100.0000","88101","PM2.5 - Local Conditions","38900","Portland-Vancouver-Hillsboro, OR-WA","53","Washington","011","Clark","45.64336","-122.58737"
"04/18/2020","AirNow","530110024","5","6.2","ug/m3 LC","26","Vancouver-NE 84th Ave","1","100.0000","88101","PM2.5 - Local Conditions","38900","Portland-Vancouver-Hillsboro, OR-WA","53","Washington","011","Clark","45.64336","-122.58737"
"04/19/2020","AirNow","530110024","5","6.4","ug/m3 LC","27","Vancouver-NE 84th Ave","1","100.0000","88101","PM2.5 - Local Conditions","38900","Portland-Vancouver-Hillsboro, OR-WA","53","Washington","011","Clark","45.64336","-122.58737"
"04/20/2020","AirNow","530110024","5","7.1","ug/m3 LC","30","Vancouver-NE 84th Ave","1","100.0000","88101","PM2.5 - Local Conditions","38900","Portland-Vancouver-Hillsboro, OR-WA","53","Washington","011","Clark","45.64336","-122.58737"
"04/21/2020","AirNow","530110024","5","3.9","ug/m3 LC","16","Vancouver-NE 84th Ave","1","100.0000","88101","PM2.5 - Local Conditions","38900","Portland-Vancouver-Hillsboro, OR-WA","53","Washington","011","Clark","45.64336","-122.58737"
"04/22/2020","AirNow","530110024","5","3.6","ug/m3 LC","15","Vancouver-NE 84th Ave","1","100.0000","88101","PM2.5 - Local Conditions","38900","Portland-Vancouver-Hillsboro, OR-WA","53","Washington","011","Clark","45.64336","-122.58737"
"04/23/2020","AirNow","530110024","5","4.2","ug/m3 LC","18","Vancouver-NE 84th Ave","1","100.0000","88101","PM2.5 - Local Conditions","38900","Portland-Vancouver-Hillsboro, OR-WA","53","Washington","011","Clark","45.64336","-122.58737"
"04/24/2020","AirNow","530110024","5","7.6","ug/m3 LC","32","Vancouver-NE 84th Ave","1","100.0000","88101","PM2.5 - Local Conditions","38900","Portland-Vancouver-Hillsboro, OR-WA","53","Washington","011","Clark","45.64336","-122.58737"
"04/25/2020","AirNow","530110024","5","5.9","ug/m3 LC","25","Vancouver-NE 84th Ave","1","100.0000","88101","PM2.5 - Local Conditions","38900","Portland-Vancouver-Hillsboro, OR-WA","53","Washington","011","Clark","45.64336","-122.58737"
"04/26/2020","AirNow","530110024","5","6","ug/m3 LC","25","Vancouver-NE 84th Ave","1","100.0000","88101","PM2.5 - Local Conditions","38900","Portland-Vancouver-Hillsboro, OR-WA","53","Washington","011","Clark","45.64336","-122.58737"
"04/27/2020","AirNow","530110024","5","2.2","ug/m3 LC","9","Vancouver-NE 84th Ave","1","100.0000","88101","PM2.5 - Local Conditions","38900","Portland-Vancouver-Hillsboro, OR-WA","53","Washington","011","Clark","45.64336","-122.58737"
"04/28/2020","AirNow","530110024","5","5.6","ug/m3 LC","23","Vancouver-NE 84th Ave","1","100.0000","88101","PM2.5 - Local Conditions","38900","Portland-Vancouver-Hillsboro, OR-WA","53","Washington","011","Clark","45.64336","-122.58737"
"04/29/2020","AirNow","530110024","5","5.1","ug/m3 LC","21","Vancouver-NE 84th Ave","1","100.0000","88101","PM2.5 - Local Conditions","38900","Portland-Vancouver-Hillsboro, OR-WA","53","Washington","011","Clark","45.64336","-122.58737"
"04/30/2020","AirNow","530110024","5","3.2","ug/m3 LC","13","Vancouver-NE 84th Ave","1","100.0000","88101","PM2.5 - Local Conditions","38900","Portland-Vancouver-Hillsboro, OR-WA","53","Washington","011","Clark","45.64336","-122.58737"
"05/01/2020","AirNow","530110024","5","5.3","ug/m3 LC","22","Vancouver-NE 84th Ave","1","100.0000","88101","PM2.5 - Local Conditions","38900","Portland-Vancouver-Hillsboro, OR-WA","53","Washington","011","Clark","45.64336","-122.58737"
"05/02/2020","AirNow","530110024","5","3.6","ug/m3 LC","15","Vancouver-NE 84th Ave","1","100.0000","88101","PM2.5 - Local Conditions","38900","Portland-Vancouver-Hillsboro, OR-WA","53","Washington","011","Clark","45.64336","-122.58737"
"01/01/2020","AQS","530130002","4","1.1","ug/m3 LC","5","DAYTON - W MAIN","1","100.0000","88502","Acceptable PM2.5 AQI & Speciation Mass","47460","Walla Walla, WA","53","Washington","013","Columbia","46.318","-117.985"
"01/02/2020","AQS","530130002","4","2.8","ug/m3 LC","12","DAYTON - W MAIN","1","100.0000","88502","Acceptable PM2.5 AQI & Speciation Mass","47460","Walla Walla, WA","53","Washington","013","Columbia","46.318","-117.985"
"01/03/2020","AQS","530130002","4","2.4","ug/m3 LC","10","DAYTON - W MAIN","1","100.0000","88502","Acceptable PM2.5 AQI & Speciation Mass","47460","Walla Walla, WA","53","Washington","013","Columbia","46.318","-117.985"
"01/04/2020","AQS","530130002","4","2.3","ug/m3 LC","10","DAYTON - W MAIN","1","100.0000","88502","Acceptable PM2.5 AQI & Speciation Mass","47460","Walla Walla, WA","53","Washington","013","Columbia","46.318","-117.985"
"01/05/2020","AQS","530130002","4","3","ug/m3 LC","13","DAYTON - W MAIN","1","100.0000","88502","Acceptable PM2.5 AQI & Speciation Mass","47460","Walla Walla, WA","53","Washington","013","Columbia","46.318","-117.985"
"01/06/2020","AQS","530130002","4","0.8","ug/m3 LC","3","DAYTON - W MAIN","1","100.0000","88502","Acceptable PM2.5 AQI & Speciation Mass","47460","Walla Walla, WA","53","Washington","013","Columbia","46.318","-117.985"
"01/07/2020","AQS","530130002","4","3.5","ug/m3 LC","15","DAYTON - W MAIN","1","100.0000","88502","Acceptable PM2.5 AQI & Speciation Mass","47460","Walla Walla, WA","53","Washington","013","Columbia","46.318","-117.985"
"01/08/2020","AQS","530130002","4","1.3","ug/m3 LC","5","DAYTON - W MAIN","1","100.0000","88502","Acceptable PM2.5 AQI & Speciation Mass","47460","Walla Walla, WA","53","Washington","013","Columbia","46.318","-117.985"
"01/09/2020","AQS","530130002","4","6.6","ug/m3 LC","28","DAYTON - W MAIN","1","100.0000","88502","Acceptable PM2.5 AQI & Speciation Mass","47460","Walla Walla, WA","53","Washington","013","Columbia","46.318","-117.985"
"01/10/2020","AQS","530130002","4","3.2","ug/m3 LC","13","DAYTON - W MAIN","1","100.0000","88502","Acceptable PM2.5 AQI & Speciation Mass","47460","Walla Walla, WA","53","Washington","013","Columbia","46.318","-117.985"
"01/11/2020","AQS","530130002","4","1.4","ug/m3 LC","6","DAYTON - W MAIN","1","100.0000","88502","Acceptable PM2.5 AQI & Speciation Mass","47460","Walla Walla, WA","53","Washington","013","Columbia","46.318","-117.985"
"01/12/2020","AQS","530130002","4","0.9","ug/m3 LC","4","DAYTON - W MAIN","1","100.0000","88502","Acceptable PM2.5 AQI & Speciation Mass","47460","Walla Walla, WA","53","Washington","013","Columbia","46.318","-117.985"
"01/13/2020","AQS","530130002","4","3.1","ug/m3 LC","13","DAYTON - W MAIN","1","100.0000","88502","Acceptable PM2.5 AQI & Speciation Mass","47460","Walla Walla, WA","53","Washington","013","Columbia","46.318","-117.985"
"01/15/2020","AQS","530130002","4","3.3","ug/m3 LC","14","DAYTON - W MAIN","1","100.0000","88502","Acceptable PM2.5 AQI & Speciation Mass","47460","Walla Walla, WA","53","Washington","013","Columbia","46.318","-117.985"
"01/16/2020","AQS","530130002","4","5.8","ug/m3 LC","24","DAYTON - W MAIN","1","100.0000","88502","Acceptable PM2.5 AQI & Speciation Mass","47460","Walla Walla, WA","53","Washington","013","Columbia","46.318","-117.985"
"01/17/2020","AQS","530130002","4","5.2","ug/m3 LC","22","DAYTON - W MAIN","1","100.0000","88502","Acceptable PM2.5 AQI & Speciation Mass","47460","Walla Walla, WA","53","Washington","013","Columbia","46.318","-117.985"
"01/18/2020","AQS","530130002","4","6.8","ug/m3 LC","28","DAYTON - W MAIN","1","100.0000","88502","Acceptable PM2.5 AQI & Speciation Mass","47460","Walla Walla, WA","53","Washington","013","Columbia","46.318","-117.985"
"01/19/2020","AQS","530130002","4","9.8","ug/m3 LC","41","DAYTON - W MAIN","1","100.0000","88502","Acceptable PM2.5 AQI & Speciation Mass","47460","Walla Walla, WA","53","Washington","013","Columbia","46.318","-117.985"
"01/20/2020","AQS","530130002","4","12","ug/m3 LC","50","DAYTON - W MAIN","1","100.0000","88502","Acceptable PM2.5 AQI & Speciation Mass","47460","Walla Walla, WA","53","Washington","013","Columbia","46.318","-117.985"
"01/21/2020","AQS","530130002","4","7.5","ug/m3 LC","31","DAYTON - W MAIN","1","100.0000","88502","Acceptable PM2.5 AQI & Speciation Mass","47460","Walla Walla, WA","53","Washington","013","Columbia","46.318","-117.985"
"01/22/2020","AQS","530130002","4","2.9","ug/m3 LC","12","DAYTON - W MAIN","1","100.0000","88502","Acceptable PM2.5 AQI & Speciation Mass","47460","Walla Walla, WA","53","Washington","013","Columbia","46.318","-117.985"
"01/23/2020","AQS","530130002","4","2.6","ug/m3 LC","11","DAYTON - W MAIN","1","100.0000","88502","Acceptable PM2.5 AQI & Speciation Mass","47460","Walla Walla, WA","53","Washington","013","Columbia","46.318","-117.985"
"01/24/2020","AQS","530130002","4","3.2","ug/m3 LC","13","DAYTON - W MAIN","1","100.0000","88502","Acceptable PM2.5 AQI & Speciation Mass","47460","Walla Walla, WA","53","Washington","013","Columbia","46.318","-117.985"
"01/25/2020","AQS","530130002","4","4.9","ug/m3 LC","20","DAYTON - W MAIN","1","100.0000","88502","Acceptable PM2.5 AQI & Speciation Mass","47460","Walla Walla, WA","53","Washington","013","Columbia","46.318","-117.985"
"01/26/2020","AQS","530130002","4","4.1","ug/m3 LC","17","DAYTON - W MAIN","1","100.0000","88502","Acceptable PM2.5 AQI & Speciation Mass","47460","Walla Walla, WA","53","Washington","013","Columbia","46.318","-117.985"
"01/27/2020","AQS","530130002","4","2.8","ug/m3 LC","12","DAYTON - W MAIN","1","100.0000","88502","Acceptable PM2.5 AQI & Speciation Mass","47460","Walla Walla, WA","53","Washington","013","Columbia","46.318","-117.985"
"01/28/2020","AQS","530130002","4","2.2","ug/m3 LC","9","DAYTON - W MAIN","1","100.0000","88502","Acceptable PM2.5 AQI & Speciation Mass","47460","Walla Walla, WA","53","Washington","013","Columbia","46.318","-117.985"
"01/29/2020","AQS","530130002","4","4","ug/m3 LC","17","DAYTON - W MAIN","1","100.0000","88502","Acceptable PM2.5 AQI & Speciation Mass","47460","Walla Walla, WA","53","Washington","013","Columbia","46.318","-117.985"
"01/30/2020","AQS","530130002","4","3.5","ug/m3 LC","15","DAYTON - W MAIN","1","100.0000","88502","Acceptable PM2.5 AQI & Speciation Mass","47460","Walla Walla, WA","53","Washington","013","Columbia","46.318","-117.985"
"01/31/2020","AQS","530130002","4","1.3","ug/m3 LC","5","DAYTON - W MAIN","1","100.0000","88502","Acceptable PM2.5 AQI & Speciation Mass","47460","Walla Walla, WA","53","Washington","013","Columbia","46.318","-117.985"
"02/01/2020","AirNow","530130002","4","1.4","ug/m3 LC","6","DAYTON - W MAIN","1","100.0000","88502","Acceptable PM2.5 AQI & Speciation Mass","47460","Walla Walla, WA","53","Washington","013","Columbia","46.318","-117.985"
"02/02/2020","AirNow","530130002","4","3.9","ug/m3 LC","16","DAYTON - W MAIN","1","100.0000","88502","Acceptable PM2.5 AQI & Speciation Mass","47460","Walla Walla, WA","53","Washington","013","Columbia","46.318","-117.985"
"02/03/2020","AirNow","530130002","4","10.3","ug/m3 LC","43","DAYTON - W MAIN","1","100.0000","88502","Acceptable PM2.5 AQI & Speciation Mass","47460","Walla Walla, WA","53","Washington","013","Columbia","46.318","-117.985"
"02/05/2020","AirNow","530130002","4","1.3","ug/m3 LC","5","DAYTON - W MAIN","1","100.0000","88502","Acceptable PM2.5 AQI & Speciation Mass","47460","Walla Walla, WA","53","Washington","013","Columbia","46.318","-117.985"
"02/06/2020","AirNow","530130002","4","2.9","ug/m3 LC","12","DAYTON - W MAIN","1","100.0000","88502","Acceptable PM2.5 AQI & Speciation Mass","47460","Walla Walla, WA","53","Washington","013","Columbia","46.318","-117.985"
"02/07/2020","AirNow","530130002","4","1.9","ug/m3 LC","8","DAYTON - W MAIN","1","100.0000","88502","Acceptable PM2.5 AQI & Speciation Mass","47460","Walla Walla, WA","53","Washington","013","Columbia","46.318","-117.985"
"02/08/2020","AirNow","530130002","4","3.9","ug/m3 LC","16","DAYTON - W MAIN","1","100.0000","88502","Acceptable PM2.5 AQI & Speciation Mass","47460","Walla Walla, WA","53","Washington","013","Columbia","46.318","-117.985"
"02/09/2020","AirNow","530130002","4","4.3","ug/m3 LC","18","DAYTON - W MAIN","1","100.0000","88502","Acceptable PM2.5 AQI & Speciation Mass","47460","Walla Walla, WA","53","Washington","013","Columbia","46.318","-117.985"
"02/10/2020","AirNow","530130002","4","5.9","ug/m3 LC","25","DAYTON - W MAIN","1","100.0000","88502","Acceptable PM2.5 AQI & Speciation Mass","47460","Walla Walla, WA","53","Washington","013","Columbia","46.318","-117.985"
"02/11/2020","AirNow","530130002","4","4.3","ug/m3 LC","18","DAYTON - W MAIN","1","100.0000","88502","Acceptable PM2.5 AQI & Speciation Mass","47460","Walla Walla, WA","53","Washington","013","Columbia","46.318","-117.985"
"02/12/2020","AirNow","530130002","4","3.5","ug/m3 LC","15","DAYTON - W MAIN","1","100.0000","88502","Acceptable PM2.5 AQI & Speciation Mass","47460","Walla Walla, WA","53","Washington","013","Columbia","46.318","-117.985"
"02/13/2020","AirNow","530130002","4","3","ug/m3 LC","13","DAYTON - W MAIN","1","100.0000","88502","Acceptable PM2.5 AQI & Speciation Mass","47460","Walla Walla, WA","53","Washington","013","Columbia","46.318","-117.985"
"02/14/2020","AirNow","530130002","4","2.4","ug/m3 LC","10","DAYTON - W MAIN","1","100.0000","88502","Acceptable PM2.5 AQI & Speciation Mass","47460","Walla Walla, WA","53","Washington","013","Columbia","46.318","-117.985"
"02/15/2020","AirNow","530130002","4","1.9","ug/m3 LC","8","DAYTON - W MAIN","1","100.0000","88502","Acceptable PM2.5 AQI & Speciation Mass","47460","Walla Walla, WA","53","Washington","013","Columbia","46.318","-117.985"
"02/16/2020","AirNow","530130002","4","1.9","ug/m3 LC","8","DAYTON - W MAIN","1","100.0000","88502","Acceptable PM2.5 AQI & Speciation Mass","47460","Walla Walla, WA","53","Washington","013","Columbia","46.318","-117.985"
"02/17/2020","AirNow","530130002","4","2.9","ug/m3 LC","12","DAYTON - W MAIN","1","100.0000","88502","Acceptable PM2.5 AQI & Speciation Mass","47460","Walla Walla, WA","53","Washington","013","Columbia","46.318","-117.985"
"02/18/2020","AirNow","530130002","4","3.3","ug/m3 LC","14","DAYTON - W MAIN","1","100.0000","88502","Acceptable PM2.5 AQI & Speciation Mass","47460","Walla Walla, WA","53","Washington","013","Columbia","46.318","-117.985"
"02/19/2020","AirNow","530130002","4","4.2","ug/m3 LC","18","DAYTON - W MAIN","1","100.0000","88502","Acceptable PM2.5 AQI & Speciation Mass","47460","Walla Walla, WA","53","Washington","013","Columbia","46.318","-117.985"
"02/20/2020","AirNow","530130002","4","5.6","ug/m3 LC","23","DAYTON - W MAIN","1","100.0000","88502","Acceptable PM2.5 AQI & Speciation Mass","47460","Walla Walla, WA","53","Washington","013","Columbia","46.318","-117.985"
"02/21/2020","AirNow","530130002","4","7.1","ug/m3 LC","30","DAYTON - W MAIN","1","100.0000","88502","Acceptable PM2.5 AQI & Speciation Mass","47460","Walla Walla, WA","53","Washington","013","Columbia","46.318","-117.985"
"02/22/2020","AirNow","530130002","4","7.1","ug/m3 LC","30","DAYTON - W MAIN","1","100.0000","88502","Acceptable PM2.5 AQI & Speciation Mass","47460","Walla Walla, WA","53","Washington","013","Columbia","46.318","-117.985"
"02/23/2020","AirNow","530130002","4","3.8","ug/m3 LC","16","DAYTON - W MAIN","1","100.0000","88502","Acceptable PM2.5 AQI & Speciation Mass","47460","Walla Walla, WA","53","Washington","013","Columbia","46.318","-117.985"
"02/24/2020","AirNow","530130002","4","5.4","ug/m3 LC","23","DAYTON - W MAIN","1","100.0000","88502","Acceptable PM2.5 AQI & Speciation Mass","47460","Walla Walla, WA","53","Washington","013","Columbia","46.318","-117.985"
"02/25/2020","AirNow","530130002","4","4.7","ug/m3 LC","20","DAYTON - W MAIN","1","100.0000","88502","Acceptable PM2.5 AQI & Speciation Mass","47460","Walla Walla, WA","53","Washington","013","Columbia","46.318","-117.985"
"02/26/2020","AirNow","530130002","4","5.6","ug/m3 LC","23","DAYTON - W MAIN","1","100.0000","88502","Acceptable PM2.5 AQI & Speciation Mass","47460","Walla Walla, WA","53","Washington","013","Columbia","46.318","-117.985"
"02/27/2020","AirNow","530130002","4","3.3","ug/m3 LC","14","DAYTON - W MAIN","1","100.0000","88502","Acceptable PM2.5 AQI & Speciation Mass","47460","Walla Walla, WA","53","Washington","013","Columbia","46.318","-117.985"
"02/28/2020","AirNow","530130002","4","3.8","ug/m3 LC","16","DAYTON - W MAIN","1","100.0000","88502","Acceptable PM2.5 AQI & Speciation Mass","47460","Walla Walla, WA","53","Washington","013","Columbia","46.318","-117.985"
"02/29/2020","AirNow","530130002","4","1.6","ug/m3 LC","7","DAYTON - W MAIN","1","100.0000","88502","Acceptable PM2.5 AQI & Speciation Mass","47460","Walla Walla, WA","53","Washington","013","Columbia","46.318","-117.985"
"03/01/2020","AirNow","530130002","4","2.9","ug/m3 LC","12","DAYTON - W MAIN","1","100.0000","88502","Acceptable PM2.5 AQI & Speciation Mass","47460","Walla Walla, WA","53","Washington","013","Columbia","46.318","-117.985"
"03/02/2020","AirNow","530130002","4","2","ug/m3 LC","8","DAYTON - W MAIN","1","100.0000","88502","Acceptable PM2.5 AQI & Speciation Mass","47460","Walla Walla, WA","53","Washington","013","Columbia","46.318","-117.985"
"03/03/2020","AirNow","530130002","4","1.5","ug/m3 LC","6","DAYTON - W MAIN","1","100.0000","88502","Acceptable PM2.5 AQI & Speciation Mass","47460","Walla Walla, WA","53","Washington","013","Columbia","46.318","-117.985"
"03/04/2020","AirNow","530130002","4","2.5","ug/m3 LC","10","DAYTON - W MAIN","1","100.0000","88502","Acceptable PM2.5 AQI & Speciation Mass","47460","Walla Walla, WA","53","Washington","013","Columbia","46.318","-117.985"
"03/05/2020","AirNow","530130002","4","4.4","ug/m3 LC","18","DAYTON - W MAIN","1","100.0000","88502","Acceptable PM2.5 AQI & Speciation Mass","47460","Walla Walla, WA","53","Washington","013","Columbia","46.318","-117.985"
"03/06/2020","AirNow","530130002","4","6.3","ug/m3 LC","26","DAYTON - W MAIN","1","100.0000","88502","Acceptable PM2.5 AQI & Speciation Mass","47460","Walla Walla, WA","53","Washington","013","Columbia","46.318","-117.985"
"03/07/2020","AirNow","530130002","4","3","ug/m3 LC","13","DAYTON - W MAIN","1","100.0000","88502","Acceptable PM2.5 AQI & Speciation Mass","47460","Walla Walla, WA","53","Washington","013","Columbia","46.318","-117.985"
"03/08/2020","AirNow","530130002","4","2.4","ug/m3 LC","10","DAYTON - W MAIN","1","100.0000","88502","Acceptable PM2.5 AQI & Speciation Mass","47460","Walla Walla, WA","53","Washington","013","Columbia","46.318","-117.985"
"03/09/2020","AirNow","530130002","4","2.6","ug/m3 LC","11","DAYTON - W MAIN","1","100.0000","88502","Acceptable PM2.5 AQI & Speciation Mass","47460","Walla Walla, WA","53","Washington","013","Columbia","46.318","-117.985"
"03/10/2020","AirNow","530130002","4","2.8","ug/m3 LC","12","DAYTON - W MAIN","1","100.0000","88502","Acceptable PM2.5 AQI & Speciation Mass","47460","Walla Walla, WA","53","Washington","013","Columbia","46.318","-117.985"
"03/11/2020","AirNow","530130002","4","2.8","ug/m3 LC","12","DAYTON - W MAIN","1","100.0000","88502","Acceptable PM2.5 AQI & Speciation Mass","47460","Walla Walla, WA","53","Washington","013","Columbia","46.318","-117.985"
"03/12/2020","AirNow","530130002","4","3.7","ug/m3 LC","15","DAYTON - W MAIN","1","100.0000","88502","Acceptable PM2.5 AQI & Speciation Mass","47460","Walla Walla, WA","53","Washington","013","Columbia","46.318","-117.985"
"03/13/2020","AirNow","530130002","4","4","ug/m3 LC","17","DAYTON - W MAIN","1","100.0000","88502","Acceptable PM2.5 AQI & Speciation Mass","47460","Walla Walla, WA","53","Washington","013","Columbia","46.318","-117.985"
"03/14/2020","AirNow","530130002","4","4.8","ug/m3 LC","20","DAYTON - W MAIN","1","100.0000","88502","Acceptable PM2.5 AQI & Speciation Mass","47460","Walla Walla, WA","53","Washington","013","Columbia","46.318","-117.985"
"03/15/2020","AirNow","530130002","4","6.1","ug/m3 LC","25","DAYTON - W MAIN","1","100.0000","88502","Acceptable PM2.5 AQI & Speciation Mass","47460","Walla Walla, WA","53","Washington","013","Columbia","46.318","-117.985"
"03/16/2020","AirNow","530130002","4","9.8","ug/m3 LC","41","DAYTON - W MAIN","1","100.0000","88502","Acceptable PM2.5 AQI & Speciation Mass","47460","Walla Walla, WA","53","Washington","013","Columbia","46.318","-117.985"
"03/17/2020","AirNow","530130002","4","8.5","ug/m3 LC","35","DAYTON - W MAIN","1","100.0000","88502","Acceptable PM2.5 AQI & Speciation Mass","47460","Walla Walla, WA","53","Washington","013","Columbia","46.318","-117.985"
"03/18/2020","AirNow","530130002","4","8.3","ug/m3 LC","35","DAYTON - W MAIN","1","100.0000","88502","Acceptable PM2.5 AQI & Speciation Mass","47460","Walla Walla, WA","53","Washington","013","Columbia","46.318","-117.985"
"03/19/2020","AirNow","530130002","4","5.5","ug/m3 LC","23","DAYTON - W MAIN","1","100.0000","88502","Acceptable PM2.5 AQI & Speciation Mass","47460","Walla Walla, WA","53","Washington","013","Columbia","46.318","-117.985"
"03/20/2020","AirNow","530130002","4","6.9","ug/m3 LC","29","DAYTON - W MAIN","1","100.0000","88502","Acceptable PM2.5 AQI & Speciation Mass","47460","Walla Walla, WA","53","Washington","013","Columbia","46.318","-117.985"
"03/21/2020","AirNow","530130002","4","5.4","ug/m3 LC","23","DAYTON - W MAIN","1","100.0000","88502","Acceptable PM2.5 AQI & Speciation Mass","47460","Walla Walla, WA","53","Washington","013","Columbia","46.318","-117.985"
"03/22/2020","AirNow","530130002","4","4.8","ug/m3 LC","20","DAYTON - W MAIN","1","100.0000","88502","Acceptable PM2.5 AQI & Speciation Mass","47460","Walla Walla, WA","53","Washington","013","Columbia","46.318","-117.985"
"03/23/2020","AirNow","530130002","4","3","ug/m3 LC","13","DAYTON - W MAIN","1","100.0000","88502","Acceptable PM2.5 AQI & Speciation Mass","47460","Walla Walla, WA","53","Washington","013","Columbia","46.318","-117.985"
"03/24/2020","AirNow","530130002","4","3","ug/m3 LC","13","DAYTON - W MAIN","1","100.0000","88502","Acceptable PM2.5 AQI & Speciation Mass","47460","Walla Walla, WA","53","Washington","013","Columbia","46.318","-117.985"
"03/25/2020","AirNow","530130002","4","2.8","ug/m3 LC","12","DAYTON - W MAIN","1","100.0000","88502","Acceptable PM2.5 AQI & Speciation Mass","47460","Walla Walla, WA","53","Washington","013","Columbia","46.318","-117.985"
"03/26/2020","AirNow","530130002","4","3","ug/m3 LC","13","DAYTON - W MAIN","1","100.0000","88502","Acceptable PM2.5 AQI & Speciation Mass","47460","Walla Walla, WA","53","Washington","013","Columbia","46.318","-117.985"
"03/27/2020","AirNow","530130002","4","4.3","ug/m3 LC","18","DAYTON - W MAIN","1","100.0000","88502","Acceptable PM2.5 AQI & Speciation Mass","47460","Walla Walla, WA","53","Washington","013","Columbia","46.318","-117.985"
"03/28/2020","AirNow","530130002","4","1.8","ug/m3 LC","8","DAYTON - W MAIN","1","100.0000","88502","Acceptable PM2.5 AQI & Speciation Mass","47460","Walla Walla, WA","53","Washington","013","Columbia","46.318","-117.985"
"03/29/2020","AirNow","530130002","4","1.5","ug/m3 LC","6","DAYTON - W MAIN","1","100.0000","88502","Acceptable PM2.5 AQI & Speciation Mass","47460","Walla Walla, WA","53","Washington","013","Columbia","46.318","-117.985"
"03/30/2020","AirNow","530130002","4","1.5","ug/m3 LC","6","DAYTON - W MAIN","1","100.0000","88502","Acceptable PM2.5 AQI & Speciation Mass","47460","Walla Walla, WA","53","Washington","013","Columbia","46.318","-117.985"
"03/31/2020","AirNow","530130002","4","1.4","ug/m3 LC","6","DAYTON - W MAIN","1","100.0000","88502","Acceptable PM2.5 AQI & Speciation Mass","47460","Walla Walla, WA","53","Washington","013","Columbia","46.318","-117.985"
"04/01/2020","AirNow","530130002","4","2.7","ug/m3 LC","11","DAYTON - W MAIN","1","100.0000","88502","Acceptable PM2.5 AQI & Speciation Mass","47460","Walla Walla, WA","53","Washington","013","Columbia","46.318","-117.985"
"04/02/2020","AirNow","530130002","4","3.1","ug/m3 LC","13","DAYTON - W MAIN","1","100.0000","88502","Acceptable PM2.5 AQI & Speciation Mass","47460","Walla Walla, WA","53","Washington","013","Columbia","46.318","-117.985"
"04/03/2020","AirNow","530130002","4","1.9","ug/m3 LC","8","DAYTON - W MAIN","1","100.0000","88502","Acceptable PM2.5 AQI & Speciation Mass","47460","Walla Walla, WA","53","Washington","013","Columbia","46.318","-117.985"
"04/04/2020","AirNow","530130002","4","2.5","ug/m3 LC","10","DAYTON - W MAIN","1","100.0000","88502","Acceptable PM2.5 AQI & Speciation Mass","47460","Walla Walla, WA","53","Washington","013","Columbia","46.318","-117.985"
"04/05/2020","AirNow","530130002","4","2.6","ug/m3 LC","11","DAYTON - W MAIN","1","100.0000","88502","Acceptable PM2.5 AQI & Speciation Mass","47460","Walla Walla, WA","53","Washington","013","Columbia","46.318","-117.985"
"04/06/2020","AirNow","530130002","4","3.7","ug/m3 LC","15","DAYTON - W MAIN","1","100.0000","88502","Acceptable PM2.5 AQI & Speciation Mass","47460","Walla Walla, WA","53","Washington","013","Columbia","46.318","-117.985"
"04/07/2020","AirNow","530130002","4","4.6","ug/m3 LC","19","DAYTON - W MAIN","1","100.0000","88502","Acceptable PM2.5 AQI & Speciation Mass","47460","Walla Walla, WA","53","Washington","013","Columbia","46.318","-117.985"
"04/08/2020","AirNow","530130002","4","5.6","ug/m3 LC","23","DAYTON - W MAIN","1","100.0000","88502","Acceptable PM2.5 AQI & Speciation Mass","47460","Walla Walla, WA","53","Washington","013","Columbia","46.318","-117.985"
"04/09/2020","AirNow","530130002","4","5.1","ug/m3 LC","21","DAYTON - W MAIN","1","100.0000","88502","Acceptable PM2.5 AQI & Speciation Mass","47460","Walla Walla, WA","53","Washington","013","Columbia","46.318","-117.985"
"04/10/2020","AirNow","530130002","4","4.6","ug/m3 LC","19","DAYTON - W MAIN","1","100.0000","88502","Acceptable PM2.5 AQI & Speciation Mass","47460","Walla Walla, WA","53","Washington","013","Columbia","46.318","-117.985"
"04/11/2020","AirNow","530130002","4","3.1","ug/m3 LC","13","DAYTON - W MAIN","1","100.0000","88502","Acceptable PM2.5 AQI & Speciation Mass","47460","Walla Walla, WA","53","Washington","013","Columbia","46.318","-117.985"
"04/12/2020","AirNow","530130002","4","2.5","ug/m3 LC","10","DAYTON - W MAIN","1","100.0000","88502","Acceptable PM2.5 AQI & Speciation Mass","47460","Walla Walla, WA","53","Washington","013","Columbia","46.318","-117.985"
"04/13/2020","AirNow","530130002","4","4","ug/m3 LC","17","DAYTON - W MAIN","1","100.0000","88502","Acceptable PM2.5 AQI & Speciation Mass","47460","Walla Walla, WA","53","Washington","013","Columbia","46.318","-117.985"
"04/14/2020","AirNow","530130002","4","4.1","ug/m3 LC","17","DAYTON - W MAIN","1","100.0000","88502","Acceptable PM2.5 AQI & Speciation Mass","47460","Walla Walla, WA","53","Washington","013","Columbia","46.318","-117.985"
"04/15/2020","AirNow","530130002","4","3.4","ug/m3 LC","14","DAYTON - W MAIN","1","100.0000","88502","Acceptable PM2.5 AQI & Speciation Mass","47460","Walla Walla, WA","53","Washington","013","Columbia","46.318","-117.985"
"04/16/2020","AirNow","530130002","4","2.8","ug/m3 LC","12","DAYTON - W MAIN","1","100.0000","88502","Acceptable PM2.5 AQI & Speciation Mass","47460","Walla Walla, WA","53","Washington","013","Columbia","46.318","-117.985"
"04/17/2020","AirNow","530130002","4","3.4","ug/m3 LC","14","DAYTON - W MAIN","1","100.0000","88502","Acceptable PM2.5 AQI & Speciation Mass","47460","Walla Walla, WA","53","Washington","013","Columbia","46.318","-117.985"
"04/18/2020","AirNow","530130002","4","3.5","ug/m3 LC","15","DAYTON - W MAIN","1","100.0000","88502","Acceptable PM2.5 AQI & Speciation Mass","47460","Walla Walla, WA","53","Washington","013","Columbia","46.318","-117.985"
"04/19/2020","AirNow","530130002","4","2.3","ug/m3 LC","10","DAYTON - W MAIN","1","100.0000","88502","Acceptable PM2.5 AQI & Speciation Mass","47460","Walla Walla, WA","53","Washington","013","Columbia","46.318","-117.985"
"04/20/2020","AirNow","530130002","4","3.3","ug/m3 LC","14","DAYTON - W MAIN","1","100.0000","88502","Acceptable PM2.5 AQI & Speciation Mass","47460","Walla Walla, WA","53","Washington","013","Columbia","46.318","-117.985"
"04/21/2020","AirNow","530130002","4","3.4","ug/m3 LC","14","DAYTON - W MAIN","1","100.0000","88502","Acceptable PM2.5 AQI & Speciation Mass","47460","Walla Walla, WA","53","Washington","013","Columbia","46.318","-117.985"
"04/22/2020","AirNow","530130002","4","3","ug/m3 LC","13","DAYTON - W MAIN","1","100.0000","88502","Acceptable PM2.5 AQI & Speciation Mass","47460","Walla Walla, WA","53","Washington","013","Columbia","46.318","-117.985"
"04/23/2020","AirNow","530130002","4","1.9","ug/m3 LC","8","DAYTON - W MAIN","1","100.0000","88502","Acceptable PM2.5 AQI & Speciation Mass","47460","Walla Walla, WA","53","Washington","013","Columbia","46.318","-117.985"
"04/24/2020","AirNow","530130002","4","3.7","ug/m3 LC","15","DAYTON - W MAIN","1","100.0000","88502","Acceptable PM2.5 AQI & Speciation Mass","47460","Walla Walla, WA","53","Washington","013","Columbia","46.318","-117.985"
"04/25/2020","AirNow","530130002","4","2.4","ug/m3 LC","10","DAYTON - W MAIN","1","100.0000","88502","Acceptable PM2.5 AQI & Speciation Mass","47460","Walla Walla, WA","53","Washington","013","Columbia","46.318","-117.985"
"04/26/2020","AirNow","530130002","4","3.4","ug/m3 LC","14","DAYTON - W MAIN","1","100.0000","88502","Acceptable PM2.5 AQI & Speciation Mass","47460","Walla Walla, WA","53","Washington","013","Columbia","46.318","-117.985"
"04/27/2020","AirNow","530130002","4","2.5","ug/m3 LC","10","DAYTON - W MAIN","1","100.0000","88502","Acceptable PM2.5 AQI & Speciation Mass","47460","Walla Walla, WA","53","Washington","013","Columbia","46.318","-117.985"
"04/28/2020","AirNow","530130002","4","2.4","ug/m3 LC","10","DAYTON - W MAIN","1","100.0000","88502","Acceptable PM2.5 AQI & Speciation Mass","47460","Walla Walla, WA","53","Washington","013","Columbia","46.318","-117.985"
"04/29/2020","AirNow","530130002","4","3.3","ug/m3 LC","14","DAYTON - W MAIN","1","100.0000","88502","Acceptable PM2.5 AQI & Speciation Mass","47460","Walla Walla, WA","53","Washington","013","Columbia","46.318","-117.985"
"04/30/2020","AirNow","530130002","4","2.5","ug/m3 LC","10","DAYTON - W MAIN","1","100.0000","88502","Acceptable PM2.5 AQI & Speciation Mass","47460","Walla Walla, WA","53","Washington","013","Columbia","46.318","-117.985"
"05/01/2020","AirNow","530130002","4","3.2","ug/m3 LC","13","DAYTON - W MAIN","1","100.0000","88502","Acceptable PM2.5 AQI & Speciation Mass","47460","Walla Walla, WA","53","Washington","013","Columbia","46.318","-117.985"
"05/02/2020","AirNow","530130002","4","3.4","ug/m3 LC","14","DAYTON - W MAIN","1","100.0000","88502","Acceptable PM2.5 AQI & Speciation Mass","47460","Walla Walla, WA","53","Washington","013","Columbia","46.318","-117.985"
"01/01/2020","AQS","530150015","4","2.3","ug/m3 LC","10","LONGVIEW - 30TH AVE","1","100.0000","88502","Acceptable PM2.5 AQI & Speciation Mass","31020","Longview, WA","53","Washington","015","Cowlitz","46.139444","-122.961944"
"01/02/2020","AQS","530150015","4","2.9","ug/m3 LC","12","LONGVIEW - 30TH AVE","1","100.0000","88502","Acceptable PM2.5 AQI & Speciation Mass","31020","Longview, WA","53","Washington","015","Cowlitz","46.139444","-122.961944"
"01/03/2020","AQS","530150015","4","2","ug/m3 LC","8","LONGVIEW - 30TH AVE","1","100.0000","88502","Acceptable PM2.5 AQI & Speciation Mass","31020","Longview, WA","53","Washington","015","Cowlitz","46.139444","-122.961944"
"01/04/2020","AQS","530150015","4","2.7","ug/m3 LC","11","LONGVIEW - 30TH AVE","1","100.0000","88502","Acceptable PM2.5 AQI & Speciation Mass","31020","Longview, WA","53","Washington","015","Cowlitz","46.139444","-122.961944"
"01/05/2020","AQS","530150015","4","2.4","ug/m3 LC","10","LONGVIEW - 30TH AVE","1","100.0000","88502","Acceptable PM2.5 AQI & Speciation Mass","31020","Longview, WA","53","Washington","015","Cowlitz","46.139444","-122.961944"
"01/06/2020","AQS","530150015","4","1.3","ug/m3 LC","5","LONGVIEW - 30TH AVE","1","100.0000","88502","Acceptable PM2.5 AQI & Speciation Mass","31020","Longview, WA","53","Washington","015","Cowlitz","46.139444","-122.961944"
"01/07/2020","AQS","530150015","4","1.8","ug/m3 LC","8","LONGVIEW - 30TH AVE","1","100.0000","88502","Acceptable PM2.5 AQI & Speciation Mass","31020","Longview, WA","53","Washington","015","Cowlitz","46.139444","-122.961944"
"01/08/2020","AQS","530150015","4","3.8","ug/m3 LC","16","LONGVIEW - 30TH AVE","1","100.0000","88502","Acceptable PM2.5 AQI & Speciation Mass","31020","Longview, WA","53","Washington","015","Cowlitz","46.139444","-122.961944"
"01/09/2020","AQS","530150015","4","5.7","ug/m3 LC","24","LONGVIEW - 30TH AVE","1","100.0000","88502","Acceptable PM2.5 AQI & Speciation Mass","31020","Longview, WA","53","Washington","015","Cowlitz","46.139444","-122.961944"
"01/10/2020","AQS","530150015","4","2.4","ug/m3 LC","10","LONGVIEW - 30TH AVE","1","100.0000","88502","Acceptable PM2.5 AQI & Speciation Mass","31020","Longview, WA","53","Washington","015","Cowlitz","46.139444","-122.961944"
"01/11/2020","AQS","530150015","4","2.8","ug/m3 LC","12","LONGVIEW - 30TH AVE","1","100.0000","88502","Acceptable PM2.5 AQI & Speciation Mass","31020","Longview, WA","53","Washington","015","Cowlitz","46.139444","-122.961944"
"01/12/2020","AQS","530150015","4","2.3","ug/m3 LC","10","LONGVIEW - 30TH AVE","1","100.0000","88502","Acceptable PM2.5 AQI & Speciation Mass","31020","Longview, WA","53","Washington","015","Cowlitz","46.139444","-122.961944"
"01/13/2020","AQS","530150015","4","4.4","ug/m3 LC","18","LONGVIEW - 30TH AVE","1","100.0000","88502","Acceptable PM2.5 AQI & Speciation Mass","31020","Longview, WA","53","Washington","015","Cowlitz","46.139444","-122.961944"
"01/14/2020","AQS","530150015","4","3","ug/m3 LC","13","LONGVIEW - 30TH AVE","1","100.0000","88502","Acceptable PM2.5 AQI & Speciation Mass","31020","Longview, WA","53","Washington","015","Cowlitz","46.139444","-122.961944"
"01/15/2020","AQS","530150015","4","2","ug/m3 LC","8","LONGVIEW - 30TH AVE","1","100.0000","88502","Acceptable PM2.5 AQI & Speciation Mass","31020","Longview, WA","53","Washington","015","Cowlitz","46.139444","-122.961944"
"01/16/2020","AQS","530150015","4","6.4","ug/m3 LC","27","LONGVIEW - 30TH AVE","1","100.0000","88502","Acceptable PM2.5 AQI & Speciation Mass","31020","Longview, WA","53","Washington","015","Cowlitz","46.139444","-122.961944"
"01/17/2020","AQS","530150015","4","5.7","ug/m3 LC","24","LONGVIEW - 30TH AVE","1","100.0000","88502","Acceptable PM2.5 AQI & Speciation Mass","31020","Longview, WA","53","Washington","015","Cowlitz","46.139444","-122.961944"
"01/18/2020","AQS","530150015","4","3.4","ug/m3 LC","14","LONGVIEW - 30TH AVE","1","100.0000","88502","Acceptable PM2.5 AQI & Speciation Mass","31020","Longview, WA","53","Washington","015","Cowlitz","46.139444","-122.961944"
"01/19/2020","AQS","530150015","4","7","ug/m3 LC","29","LONGVIEW - 30TH AVE","1","100.0000","88502","Acceptable PM2.5 AQI & Speciation Mass","31020","Longview, WA","53","Washington","015","Cowlitz","46.139444","-122.961944"
"01/20/2020","AQS","530150015","4","8.4","ug/m3 LC","35","LONGVIEW - 30TH AVE","1","100.0000","88502","Acceptable PM2.5 AQI & Speciation Mass","31020","Longview, WA","53","Washington","015","Cowlitz","46.139444","-122.961944"
"01/21/2020","AQS","530150015","4","3.6","ug/m3 LC","15","LONGVIEW - 30TH AVE","1","100.0000","88502","Acceptable PM2.5 AQI & Speciation Mass","31020","Longview, WA","53","Washington","015","Cowlitz","46.139444","-122.961944"
"01/22/2020","AQS","530150015","4","1.9","ug/m3 LC","8","LONGVIEW - 30TH AVE","1","100.0000","88502","Acceptable PM2.5 AQI & Speciation Mass","31020","Longview, WA","53","Washington","015","Cowlitz","46.139444","-122.961944"
"01/23/2020","AQS","530150015","4","1.7","ug/m3 LC","7","LONGVIEW - 30TH AVE","1","100.0000","88502","Acceptable PM2.5 AQI & Speciation Mass","31020","Longview, WA","53","Washington","015","Cowlitz","46.139444","-122.961944"
"01/24/2020","AQS","530150015","4","2.7","ug/m3 LC","11","LONGVIEW - 30TH AVE","1","100.0000","88502","Acceptable PM2.5 AQI & Speciation Mass","31020","Longview, WA","53","Washington","015","Cowlitz","46.139444","-122.961944"
"01/25/2020","AQS","530150015","4","3.9","ug/m3 LC","16","LONGVIEW - 30TH AVE","1","100.0000","88502","Acceptable PM2.5 AQI & Speciation Mass","31020","Longview, WA","53","Washington","015","Cowlitz","46.139444","-122.961944"
"01/26/2020","AQS","530150015","4","2.1","ug/m3 LC","9","LONGVIEW - 30TH AVE","1","100.0000","88502","Acceptable PM2.5 AQI & Speciation Mass","31020","Longview, WA","53","Washington","015","Cowlitz","46.139444","-122.961944"
"01/27/2020","AQS","530150015","4","2.9","ug/m3 LC","12","LONGVIEW - 30TH AVE","1","100.0000","88502","Acceptable PM2.5 AQI & Speciation Mass","31020","Longview, WA","53","Washington","015","Cowlitz","46.139444","-122.961944"
"01/28/2020","AQS","530150015","4","2","ug/m3 LC","8","LONGVIEW - 30TH AVE","1","100.0000","88502","Acceptable PM2.5 AQI & Speciation Mass","31020","Longview, WA","53","Washington","015","Cowlitz","46.139444","-122.961944"
"01/29/2020","AQS","530150015","4","2.8","ug/m3 LC","12","LONGVIEW - 30TH AVE","1","100.0000","88502","Acceptable PM2.5 AQI & Speciation Mass","31020","Longview, WA","53","Washington","015","Cowlitz","46.139444","-122.961944"
"01/30/2020","AQS","530150015","4","2.9","ug/m3 LC","12","LONGVIEW - 30TH AVE","1","100.0000","88502","Acceptable PM2.5 AQI & Speciation Mass","31020","Longview, WA","53","Washington","015","Cowlitz","46.139444","-122.961944"
"01/31/2020","AQS","530150015","4","1.5","ug/m3 LC","6","LONGVIEW - 30TH AVE","1","100.0000","88502","Acceptable PM2.5 AQI & Speciation Mass","31020","Longview, WA","53","Washington","015","Cowlitz","46.139444","-122.961944"
"02/01/2020","AirNow","530150015","4","3.4","ug/m3 LC","14","LONGVIEW - 30TH AVE","1","100.0000","88502","Acceptable PM2.5 AQI & Speciation Mass","31020","Longview, WA","53","Washington","015","Cowlitz","46.139444","-122.961944"
"02/02/2020","AirNow","530150015","4","8.6","ug/m3 LC","36","LONGVIEW - 30TH AVE","1","100.0000","88502","Acceptable PM2.5 AQI & Speciation Mass","31020","Longview, WA","53","Washington","015","Cowlitz","46.139444","-122.961944"
"02/03/2020","AirNow","530150015","4","9","ug/m3 LC","38","LONGVIEW - 30TH AVE","1","100.0000","88502","Acceptable PM2.5 AQI & Speciation Mass","31020","Longview, WA","53","Washington","015","Cowlitz","46.139444","-122.961944"
"02/04/2020","AirNow","530150015","4","6","ug/m3 LC","25","LONGVIEW - 30TH AVE","1","100.0000","88502","Acceptable PM2.5 AQI & Speciation Mass","31020","Longview, WA","53","Washington","015","Cowlitz","46.139444","-122.961944"
"02/05/2020","AirNow","530150015","4","3.6","ug/m3 LC","15","LONGVIEW - 30TH AVE","1","100.0000","88502","Acceptable PM2.5 AQI & Speciation Mass","31020","Longview, WA","53","Washington","015","Cowlitz","46.139444","-122.961944"
"02/06/2020","AirNow","530150015","4","3.1","ug/m3 LC","13","LONGVIEW - 30TH AVE","1","100.0000","88502","Acceptable PM2.5 AQI & Speciation Mass","31020","Longview, WA","53","Washington","015","Cowlitz","46.139444","-122.961944"
"02/07/2020","AirNow","530150015","4","1.7","ug/m3 LC","7","LONGVIEW - 30TH AVE","1","100.0000","88502","Acceptable PM2.5 AQI & Speciation Mass","31020","Longview, WA","53","Washington","015","Cowlitz","46.139444","-122.961944"
"02/08/2020","AirNow","530150015","4","5.2","ug/m3 LC","22","LONGVIEW - 30TH AVE","1","100.0000","88502","Acceptable PM2.5 AQI & Speciation Mass","31020","Longview, WA","53","Washington","015","Cowlitz","46.139444","-122.961944"
"02/09/2020","AirNow","530150015","4","6.3","ug/m3 LC","26","LONGVIEW - 30TH AVE","1","100.0000","88502","Acceptable PM2.5 AQI & Speciation Mass","31020","Longview, WA","53","Washington","015","Cowlitz","46.139444","-122.961944"
"02/10/2020","AirNow","530150015","4","5.1","ug/m3 LC","21","LONGVIEW - 30TH AVE","1","100.0000","88502","Acceptable PM2.5 AQI & Speciation Mass","31020","Longview, WA","53","Washington","015","Cowlitz","46.139444","-122.961944"
"02/11/2020","AirNow","530150015","4","11.9","ug/m3 LC","50","LONGVIEW - 30TH AVE","1","100.0000","88502","Acceptable PM2.5 AQI & Speciation Mass","31020","Longview, WA","53","Washington","015","Cowlitz","46.139444","-122.961944"
"02/12/2020","AirNow","530150015","4","12.9","ug/m3 LC","53","LONGVIEW - 30TH AVE","1","100.0000","88502","Acceptable PM2.5 AQI & Speciation Mass","31020","Longview, WA","53","Washington","015","Cowlitz","46.139444","-122.961944"
"02/13/2020","AirNow","530150015","4","7.1","ug/m3 LC","30","LONGVIEW - 30TH AVE","1","100.0000","88502","Acceptable PM2.5 AQI & Speciation Mass","31020","Longview, WA","53","Washington","015","Cowlitz","46.139444","-122.961944"
"02/14/2020","AirNow","530150015","4","4","ug/m3 LC","17","LONGVIEW - 30TH AVE","1","100.0000","88502","Acceptable PM2.5 AQI & Speciation Mass","31020","Longview, WA","53","Washington","015","Cowlitz","46.139444","-122.961944"
"02/15/2020","AirNow","530150015","4","3.9","ug/m3 LC","16","LONGVIEW - 30TH AVE","1","100.0000","88502","Acceptable PM2.5 AQI & Speciation Mass","31020","Longview, WA","53","Washington","015","Cowlitz","46.139444","-122.961944"
"02/16/2020","AirNow","530150015","4","5.5","ug/m3 LC","23","LONGVIEW - 30TH AVE","1","100.0000","88502","Acceptable PM2.5 AQI & Speciation Mass","31020","Longview, WA","53","Washington","015","Cowlitz","46.139444","-122.961944"
"02/17/2020","AirNow","530150015","4","7.3","ug/m3 LC","30","LONGVIEW - 30TH AVE","1","100.0000","88502","Acceptable PM2.5 AQI & Speciation Mass","31020","Longview, WA","53","Washington","015","Cowlitz","46.139444","-122.961944"
"02/18/2020","AirNow","530150015","4","3.5","ug/m3 LC","15","LONGVIEW - 30TH AVE","1","100.0000","88502","Acceptable PM2.5 AQI & Speciation Mass","31020","Longview, WA","53","Washington","015","Cowlitz","46.139444","-122.961944"
"02/19/2020","AirNow","530150015","4","7.4","ug/m3 LC","31","LONGVIEW - 30TH AVE","1","100.0000","88502","Acceptable PM2.5 AQI & Speciation Mass","31020","Longview, WA","53","Washington","015","Cowlitz","46.139444","-122.961944"
"02/20/2020","AirNow","530150015","4","10.5","ug/m3 LC","44","LONGVIEW - 30TH AVE","1","100.0000","88502","Acceptable PM2.5 AQI & Speciation Mass","31020","Longview, WA","53","Washington","015","Cowlitz","46.139444","-122.961944"
"02/21/2020","AirNow","530150015","4","8.1","ug/m3 LC","34","LONGVIEW - 30TH AVE","1","100.0000","88502","Acceptable PM2.5 AQI & Speciation Mass","31020","Longview, WA","53","Washington","015","Cowlitz","46.139444","-122.961944"
"02/22/2020","AirNow","530150015","4","9.7","ug/m3 LC","40","LONGVIEW - 30TH AVE","1","100.0000","88502","Acceptable PM2.5 AQI & Speciation Mass","31020","Longview, WA","53","Washington","015","Cowlitz","46.139444","-122.961944"
"02/23/2020","AirNow","530150015","4","3.6","ug/m3 LC","15","LONGVIEW - 30TH AVE","1","100.0000","88502","Acceptable PM2.5 AQI & Speciation Mass","31020","Longview, WA","53","Washington","015","Cowlitz","46.139444","-122.961944"
"02/24/2020","AirNow","530150015","4","5.5","ug/m3 LC","23","LONGVIEW - 30TH AVE","1","100.0000","88502","Acceptable PM2.5 AQI & Speciation Mass","31020","Longview, WA","53","Washington","015","Cowlitz","46.139444","-122.961944"
"02/25/2020","AirNow","530150015","4","9.9","ug/m3 LC","41","LONGVIEW - 30TH AVE","1","100.0000","88502","Acceptable PM2.5 AQI & Speciation Mass","31020","Longview, WA","53","Washington","015","Cowlitz","46.139444","-122.961944"
"02/26/2020","AirNow","530150015","4","6.3","ug/m3 LC","26","LONGVIEW - 30TH AVE","1","100.0000","88502","Acceptable PM2.5 AQI & Speciation Mass","31020","Longview, WA","53","Washington","015","Cowlitz","46.139444","-122.961944"
"02/27/2020","AirNow","530150015","4","8.4","ug/m3 LC","35","LONGVIEW - 30TH AVE","1","100.0000","88502","Acceptable PM2.5 AQI & Speciation Mass","31020","Longview, WA","53","Washington","015","Cowlitz","46.139444","-122.961944"
"02/28/2020","AirNow","530150015","4","2.8","ug/m3 LC","12","LONGVIEW - 30TH AVE","1","100.0000","88502","Acceptable PM2.5 AQI & Speciation Mass","31020","Longview, WA","53","Washington","015","Cowlitz","46.139444","-122.961944"
"02/29/2020","AirNow","530150015","4","3.2","ug/m3 LC","13","LONGVIEW - 30TH AVE","1","100.0000","88502","Acceptable PM2.5 AQI & Speciation Mass","31020","Longview, WA","53","Washington","015","Cowlitz","46.139444","-122.961944"
"03/01/2020","AirNow","530150015","4","5.1","ug/m3 LC","21","LONGVIEW - 30TH AVE","1","100.0000","88502","Acceptable PM2.5 AQI & Speciation Mass","31020","Longview, WA","53","Washington","015","Cowlitz","46.139444","-122.961944"
"03/02/2020","AirNow","530150015","4","4.8","ug/m3 LC","20","LONGVIEW - 30TH AVE","1","100.0000","88502","Acceptable PM2.5 AQI & Speciation Mass","31020","Longview, WA","53","Washington","015","Cowlitz","46.139444","-122.961944"
"03/03/2020","AirNow","530150015","4","3.8","ug/m3 LC","16","LONGVIEW - 30TH AVE","1","100.0000","88502","Acceptable PM2.5 AQI & Speciation Mass","31020","Longview, WA","53","Washington","015","Cowlitz","46.139444","-122.961944"
"03/04/2020","AirNow","530150015","4","5.4","ug/m3 LC","23","LONGVIEW - 30TH AVE","1","100.0000","88502","Acceptable PM2.5 AQI & Speciation Mass","31020","Longview, WA","53","Washington","015","Cowlitz","46.139444","-122.961944"
"03/05/2020","AirNow","530150015","4","6.1","ug/m3 LC","25","LONGVIEW - 30TH AVE","1","100.0000","88502","Acceptable PM2.5 AQI & Speciation Mass","31020","Longview, WA","53","Washington","015","Cowlitz","46.139444","-122.961944"
"03/06/2020","AirNow","530150015","4","1.8","ug/m3 LC","8","LONGVIEW - 30TH AVE","1","100.0000","88502","Acceptable PM2.5 AQI & Speciation Mass","31020","Longview, WA","53","Washington","015","Cowlitz","46.139444","-122.961944"
"03/07/2020","AirNow","530150015","4","5","ug/m3 LC","21","LONGVIEW - 30TH AVE","1","100.0000","88502","Acceptable PM2.5 AQI & Speciation Mass","31020","Longview, WA","53","Washington","015","Cowlitz","46.139444","-122.961944"
"03/08/2020","AirNow","530150015","4","6.1","ug/m3 LC","25","LONGVIEW - 30TH AVE","1","100.0000","88502","Acceptable PM2.5 AQI & Speciation Mass","31020","Longview, WA","53","Washington","015","Cowlitz","46.139444","-122.961944"
"03/09/2020","AirNow","530150015","4","9","ug/m3 LC","38","LONGVIEW - 30TH AVE","1","100.0000","88502","Acceptable PM2.5 AQI & Speciation Mass","31020","Longview, WA","53","Washington","015","Cowlitz","46.139444","-122.961944"
"03/10/2020","AirNow","530150015","4","5.8","ug/m3 LC","24","LONGVIEW - 30TH AVE","1","100.0000","88502","Acceptable PM2.5 AQI & Speciation Mass","31020","Longview, WA","53","Washington","015","Cowlitz","46.139444","-122.961944"
"03/11/2020","AirNow","530150015","4","3.4","ug/m3 LC","14","LONGVIEW - 30TH AVE","1","100.0000","88502","Acceptable PM2.5 AQI & Speciation Mass","31020","Longview, WA","53","Washington","015","Cowlitz","46.139444","-122.961944"
"03/12/2020","AirNow","530150015","4","5","ug/m3 LC","21","LONGVIEW - 30TH AVE","1","100.0000","88502","Acceptable PM2.5 AQI & Speciation Mass","31020","Longview, WA","53","Washington","015","Cowlitz","46.139444","-122.961944"
"03/13/2020","AirNow","530150015","4","4","ug/m3 LC","17","LONGVIEW - 30TH AVE","1","100.0000","88502","Acceptable PM2.5 AQI & Speciation Mass","31020","Longview, WA","53","Washington","015","Cowlitz","46.139444","-122.961944"
"03/29/2020","AirNow","530150015","4","1.5","ug/m3 LC","6","LONGVIEW - 30TH AVE","1","100.0000","88502","Acceptable PM2.5 AQI & Speciation Mass","31020","Longview, WA","53","Washington","015","Cowlitz","46.139444","-122.961944"
"03/30/2020","AirNow","530150015","4","1","ug/m3 LC","4","LONGVIEW - 30TH AVE","1","100.0000","88502","Acceptable PM2.5 AQI & Speciation Mass","31020","Longview, WA","53","Washington","015","Cowlitz","46.139444","-122.961944"
"03/31/2020","AirNow","530150015","4","1.9","ug/m3 LC","8","LONGVIEW - 30TH AVE","1","100.0000","88502","Acceptable PM2.5 AQI & Speciation Mass","31020","Longview, WA","53","Washington","015","Cowlitz","46.139444","-122.961944"
"04/01/2020","AirNow","530150015","4","1.5","ug/m3 LC","6","LONGVIEW - 30TH AVE","1","100.0000","88502","Acceptable PM2.5 AQI & Speciation Mass","31020","Longview, WA","53","Washington","015","Cowlitz","46.139444","-122.961944"
"04/02/2020","AirNow","530150015","4","3.2","ug/m3 LC","13","LONGVIEW - 30TH AVE","1","100.0000","88502","Acceptable PM2.5 AQI & Speciation Mass","31020","Longview, WA","53","Washington","015","Cowlitz","46.139444","-122.961944"
"04/03/2020","AirNow","530150015","4","5.8","ug/m3 LC","24","LONGVIEW - 30TH AVE","1","100.0000","88502","Acceptable PM2.5 AQI & Speciation Mass","31020","Longview, WA","53","Washington","015","Cowlitz","46.139444","-122.961944"
"04/04/2020","AirNow","530150015","4","3.7","ug/m3 LC","15","LONGVIEW - 30TH AVE","1","100.0000","88502","Acceptable PM2.5 AQI & Speciation Mass","31020","Longview, WA","53","Washington","015","Cowlitz","46.139444","-122.961944"
"04/05/2020","AirNow","530150015","4","3.3","ug/m3 LC","14","LONGVIEW - 30TH AVE","1","100.0000","88502","Acceptable PM2.5 AQI & Speciation Mass","31020","Longview, WA","53","Washington","015","Cowlitz","46.139444","-122.961944"
"04/06/2020","AirNow","530150015","4","4.4","ug/m3 LC","18","LONGVIEW - 30TH AVE","1","100.0000","88502","Acceptable PM2.5 AQI & Speciation Mass","31020","Longview, WA","53","Washington","015","Cowlitz","46.139444","-122.961944"
"04/07/2020","AirNow","530150015","4","4.1","ug/m3 LC","17","LONGVIEW - 30TH AVE","1","100.0000","88502","Acceptable PM2.5 AQI & Speciation Mass","31020","Longview, WA","53","Washington","015","Cowlitz","46.139444","-122.961944"
"04/08/2020","AirNow","530150015","4","5.9","ug/m3 LC","25","LONGVIEW - 30TH AVE","1","100.0000","88502","Acceptable PM2.5 AQI & Speciation Mass","31020","Longview, WA","53","Washington","015","Cowlitz","46.139444","-122.961944"
"04/09/2020","AirNow","530150015","4","5","ug/m3 LC","21","LONGVIEW - 30TH AVE","1","100.0000","88502","Acceptable PM2.5 AQI & Speciation Mass","31020","Longview, WA","53","Washington","015","Cowlitz","46.139444","-122.961944"
"04/10/2020","AirNow","530150015","4","2","ug/m3 LC","8","LONGVIEW - 30TH AVE","1","100.0000","88502","Acceptable PM2.5 AQI & Speciation Mass","31020","Longview, WA","53","Washington","015","Cowlitz","46.139444","-122.961944"
"04/11/2020","AirNow","530150015","4","4.6","ug/m3 LC","19","LONGVIEW - 30TH AVE","1","100.0000","88502","Acceptable PM2.5 AQI & Speciation Mass","31020","Longview, WA","53","Washington","015","Cowlitz","46.139444","-122.961944"
"04/12/2020","AirNow","530150015","4","5.3","ug/m3 LC","22","LONGVIEW - 30TH AVE","1","100.0000","88502","Acceptable PM2.5 AQI & Speciation Mass","31020","Longview, WA","53","Washington","015","Cowlitz","46.139444","-122.961944"
"04/13/2020","AirNow","530150015","4","3.8","ug/m3 LC","16","LONGVIEW - 30TH AVE","1","100.0000","88502","Acceptable PM2.5 AQI & Speciation Mass","31020","Longview, WA","53","Washington","015","Cowlitz","46.139444","-122.961944"
"04/14/2020","AirNow","530150015","4","9.5","ug/m3 LC","40","LONGVIEW - 30TH AVE","1","100.0000","88502","Acceptable PM2.5 AQI & Speciation Mass","31020","Longview, WA","53","Washington","015","Cowlitz","46.139444","-122.961944"
"04/15/2020","AirNow","530150015","4","1.8","ug/m3 LC","8","LONGVIEW - 30TH AVE","1","100.0000","88502","Acceptable PM2.5 AQI & Speciation Mass","31020","Longview, WA","53","Washington","015","Cowlitz","46.139444","-122.961944"
"04/16/2020","AirNow","530150015","4","4.5","ug/m3 LC","19","LONGVIEW - 30TH AVE","1","100.0000","88502","Acceptable PM2.5 AQI & Speciation Mass","31020","Longview, WA","53","Washington","015","Cowlitz","46.139444","-122.961944"
"04/17/2020","AirNow","530150015","4","3.5","ug/m3 LC","15","LONGVIEW - 30TH AVE","1","100.0000","88502","Acceptable PM2.5 AQI & Speciation Mass","31020","Longview, WA","53","Washington","015","Cowlitz","46.139444","-122.961944"
"04/18/2020","AirNow","530150015","4","3","ug/m3 LC","13","LONGVIEW - 30TH AVE","1","100.0000","88502","Acceptable PM2.5 AQI & Speciation Mass","31020","Longview, WA","53","Washington","015","Cowlitz","46.139444","-122.961944"
"04/19/2020","AirNow","530150015","4","3.4","ug/m3 LC","14","LONGVIEW - 30TH AVE","1","100.0000","88502","Acceptable PM2.5 AQI & Speciation Mass","31020","Longview, WA","53","Washington","015","Cowlitz","46.139444","-122.961944"
"04/20/2020","AirNow","530150015","4","3.1","ug/m3 LC","13","LONGVIEW - 30TH AVE","1","100.0000","88502","Acceptable PM2.5 AQI & Speciation Mass","31020","Longview, WA","53","Washington","015","Cowlitz","46.139444","-122.961944"
"04/21/2020","AirNow","530150015","4","1.8","ug/m3 LC","8","LONGVIEW - 30TH AVE","1","100.0000","88502","Acceptable PM2.5 AQI & Speciation Mass","31020","Longview, WA","53","Washington","015","Cowlitz","46.139444","-122.961944"
"04/22/2020","AirNow","530150015","4","3.4","ug/m3 LC","14","LONGVIEW - 30TH AVE","1","100.0000","88502","Acceptable PM2.5 AQI & Speciation Mass","31020","Longview, WA","53","Washington","015","Cowlitz","46.139444","-122.961944"
"04/23/2020","AirNow","530150015","4","1.7","ug/m3 LC","7","LONGVIEW - 30TH AVE","1","100.0000","88502","Acceptable PM2.5 AQI & Speciation Mass","31020","Longview, WA","53","Washington","015","Cowlitz","46.139444","-122.961944"
"04/24/2020","AirNow","530150015","4","5","ug/m3 LC","21","LONGVIEW - 30TH AVE","1","100.0000","88502","Acceptable PM2.5 AQI & Speciation Mass","31020","Longview, WA","53","Washington","015","Cowlitz","46.139444","-122.961944"
"04/25/2020","AirNow","530150015","4","4.6","ug/m3 LC","19","LONGVIEW - 30TH AVE","1","100.0000","88502","Acceptable PM2.5 AQI & Speciation Mass","31020","Longview, WA","53","Washington","015","Cowlitz","46.139444","-122.961944"
"04/26/2020","AirNow","530150015","4","3.7","ug/m3 LC","15","LONGVIEW - 30TH AVE","1","100.0000","88502","Acceptable PM2.5 AQI & Speciation Mass","31020","Longview, WA","53","Washington","015","Cowlitz","46.139444","-122.961944"
"04/27/2020","AirNow","530150015","4","2.1","ug/m3 LC","9","LONGVIEW - 30TH AVE","1","100.0000","88502","Acceptable PM2.5 AQI & Speciation Mass","31020","Longview, WA","53","Washington","015","Cowlitz","46.139444","-122.961944"
"04/28/2020","AirNow","530150015","4","3.6","ug/m3 LC","15","LONGVIEW - 30TH AVE","1","100.0000","88502","Acceptable PM2.5 AQI & Speciation Mass","31020","Longview, WA","53","Washington","015","Cowlitz","46.139444","-122.961944"
"04/29/2020","AirNow","530150015","4","3.3","ug/m3 LC","14","LONGVIEW - 30TH AVE","1","100.0000","88502","Acceptable PM2.5 AQI & Speciation Mass","31020","Longview, WA","53","Washington","015","Cowlitz","46.139444","-122.961944"
"04/30/2020","AirNow","530150015","4","2.5","ug/m3 LC","10","LONGVIEW - 30TH AVE","1","100.0000","88502","Acceptable PM2.5 AQI & Speciation Mass","31020","Longview, WA","53","Washington","015","Cowlitz","46.139444","-122.961944"
"05/01/2020","AirNow","530150015","4","4","ug/m3 LC","17","LONGVIEW - 30TH AVE","1","100.0000","88502","Acceptable PM2.5 AQI & Speciation Mass","31020","Longview, WA","53","Washington","015","Cowlitz","46.139444","-122.961944"
"05/02/2020","AirNow","530150015","4","4.2","ug/m3 LC","18","LONGVIEW - 30TH AVE","1","100.0000","88502","Acceptable PM2.5 AQI & Speciation Mass","31020","Longview, WA","53","Washington","015","Cowlitz","46.139444","-122.961944"
"01/01/2020","AQS","530210002","4","0.6","ug/m3 LC","3","MESA - PEPOIT WAY","1","100.0000","88502","Acceptable PM2.5 AQI & Speciation Mass","28420","Kennewick-Richland, WA","53","Washington","021","Franklin","46.5754","-119.0021"
"01/02/2020","AQS","530210002","4","1.5","ug/m3 LC","6","MESA - PEPOIT WAY","1","100.0000","88502","Acceptable PM2.5 AQI & Speciation Mass","28420","Kennewick-Richland, WA","53","Washington","021","Franklin","46.5754","-119.0021"
"01/03/2020","AQS","530210002","4","2.1","ug/m3 LC","9","MESA - PEPOIT WAY","1","100.0000","88502","Acceptable PM2.5 AQI & Speciation Mass","28420","Kennewick-Richland, WA","53","Washington","021","Franklin","46.5754","-119.0021"
"01/04/2020","AQS","530210002","4","1.6","ug/m3 LC","7","MESA - PEPOIT WAY","1","100.0000","88502","Acceptable PM2.5 AQI & Speciation Mass","28420","Kennewick-Richland, WA","53","Washington","021","Franklin","46.5754","-119.0021"
"01/05/2020","AQS","530210002","4","1.6","ug/m3 LC","7","MESA - PEPOIT WAY","1","100.0000","88502","Acceptable PM2.5 AQI & Speciation Mass","28420","Kennewick-Richland, WA","53","Washington","021","Franklin","46.5754","-119.0021"
"01/06/2020","AQS","530210002","4","1.1","ug/m3 LC","5","MESA - PEPOIT WAY","1","100.0000","88502","Acceptable PM2.5 AQI & Speciation Mass","28420","Kennewick-Richland, WA","53","Washington","021","Franklin","46.5754","-119.0021"
"01/07/2020","AQS","530210002","4","1.4","ug/m3 LC","6","MESA - PEPOIT WAY","1","100.0000","88502","Acceptable PM2.5 AQI & Speciation Mass","28420","Kennewick-Richland, WA","53","Washington","021","Franklin","46.5754","-119.0021"
"01/08/2020","AQS","530210002","4","1","ug/m3 LC","4","MESA - PEPOIT WAY","1","100.0000","88502","Acceptable PM2.5 AQI & Speciation Mass","28420","Kennewick-Richland, WA","53","Washington","021","Franklin","46.5754","-119.0021"
"01/09/2020","AQS","530210002","4","2.6","ug/m3 LC","11","MESA - PEPOIT WAY","1","100.0000","88502","Acceptable PM2.5 AQI & Speciation Mass","28420","Kennewick-Richland, WA","53","Washington","021","Franklin","46.5754","-119.0021"
"01/10/2020","AQS","530210002","4","2.4","ug/m3 LC","10","MESA - PEPOIT WAY","1","100.0000","88502","Acceptable PM2.5 AQI & Speciation Mass","28420","Kennewick-Richland, WA","53","Washington","021","Franklin","46.5754","-119.0021"
"01/11/2020","AQS","530210002","4","0.8","ug/m3 LC","3","MESA - PEPOIT WAY","1","100.0000","88502","Acceptable PM2.5 AQI & Speciation Mass","28420","Kennewick-Richland, WA","53","Washington","021","Franklin","46.5754","-119.0021"
"01/12/2020","AQS","530210002","4","0.5","ug/m3 LC","2","MESA - PEPOIT WAY","1","100.0000","88502","Acceptable PM2.5 AQI & Speciation Mass","28420","Kennewick-Richland, WA","53","Washington","021","Franklin","46.5754","-119.0021"
"01/13/2020","AQS","530210002","4","1.8","ug/m3 LC","8","MESA - PEPOIT WAY","1","100.0000","88502","Acceptable PM2.5 AQI & Speciation Mass","28420","Kennewick-Richland, WA","53","Washington","021","Franklin","46.5754","-119.0021"
"01/14/2020","AQS","530210002","4","4.1","ug/m3 LC","17","MESA - PEPOIT WAY","1","100.0000","88502","Acceptable PM2.5 AQI & Speciation Mass","28420","Kennewick-Richland, WA","53","Washington","021","Franklin","46.5754","-119.0021"
"01/15/2020","AQS","530210002","4","6.2","ug/m3 LC","26","MESA - PEPOIT WAY","1","100.0000","88502","Acceptable PM2.5 AQI & Speciation Mass","28420","Kennewick-Richland, WA","53","Washington","021","Franklin","46.5754","-119.0021"
"01/16/2020","AQS","530210002","4","7.1","ug/m3 LC","30","MESA - PEPOIT WAY","1","100.0000","88502","Acceptable PM2.5 AQI & Speciation Mass","28420","Kennewick-Richland, WA","53","Washington","021","Franklin","46.5754","-119.0021"
"01/17/2020","AQS","530210002","4","13.6","ug/m3 LC","54","MESA - PEPOIT WAY","1","100.0000","88502","Acceptable PM2.5 AQI & Speciation Mass","28420","Kennewick-Richland, WA","53","Washington","021","Franklin","46.5754","-119.0021"
"01/18/2020","AQS","530210002","4","8.1","ug/m3 LC","34","MESA - PEPOIT WAY","1","100.0000","88502","Acceptable PM2.5 AQI & Speciation Mass","28420","Kennewick-Richland, WA","53","Washington","021","Franklin","46.5754","-119.0021"
"01/19/2020","AQS","530210002","4","5.2","ug/m3 LC","22","MESA - PEPOIT WAY","1","100.0000","88502","Acceptable PM2.5 AQI & Speciation Mass","28420","Kennewick-Richland, WA","53","Washington","021","Franklin","46.5754","-119.0021"
"01/20/2020","AQS","530210002","4","6.4","ug/m3 LC","27","MESA - PEPOIT WAY","1","100.0000","88502","Acceptable PM2.5 AQI & Speciation Mass","28420","Kennewick-Richland, WA","53","Washington","021","Franklin","46.5754","-119.0021"
"01/21/2020","AQS","530210002","4","7.5","ug/m3 LC","31","MESA - PEPOIT WAY","1","100.0000","88502","Acceptable PM2.5 AQI & Speciation Mass","28420","Kennewick-Richland, WA","53","Washington","021","Franklin","46.5754","-119.0021"
"01/22/2020","AQS","530210002","4","2","ug/m3 LC","8","MESA - PEPOIT WAY","1","100.0000","88502","Acceptable PM2.5 AQI & Speciation Mass","28420","Kennewick-Richland, WA","53","Washington","021","Franklin","46.5754","-119.0021"
"01/23/2020","AQS","530210002","4","5.2","ug/m3 LC","22","MESA - PEPOIT WAY","1","100.0000","88502","Acceptable PM2.5 AQI & Speciation Mass","28420","Kennewick-Richland, WA","53","Washington","021","Franklin","46.5754","-119.0021"
"01/24/2020","AQS","530210002","4","3.5","ug/m3 LC","15","MESA - PEPOIT WAY","1","100.0000","88502","Acceptable PM2.5 AQI & Speciation Mass","28420","Kennewick-Richland, WA","53","Washington","021","Franklin","46.5754","-119.0021"
"01/25/2020","AQS","530210002","4","3.6","ug/m3 LC","15","MESA - PEPOIT WAY","1","100.0000","88502","Acceptable PM2.5 AQI & Speciation Mass","28420","Kennewick-Richland, WA","53","Washington","021","Franklin","46.5754","-119.0021"
"01/26/2020","AQS","530210002","4","4","ug/m3 LC","17","MESA - PEPOIT WAY","1","100.0000","88502","Acceptable PM2.5 AQI & Speciation Mass","28420","Kennewick-Richland, WA","53","Washington","021","Franklin","46.5754","-119.0021"
"01/27/2020","AQS","530210002","4","2.1","ug/m3 LC","9","MESA - PEPOIT WAY","1","100.0000","88502","Acceptable PM2.5 AQI & Speciation Mass","28420","Kennewick-Richland, WA","53","Washington","021","Franklin","46.5754","-119.0021"
"01/28/2020","AQS","530210002","4","5.1","ug/m3 LC","21","MESA - PEPOIT WAY","1","100.0000","88502","Acceptable PM2.5 AQI & Speciation Mass","28420","Kennewick-Richland, WA","53","Washington","021","Franklin","46.5754","-119.0021"
"01/29/2020","AQS","530210002","4","4","ug/m3 LC","17","MESA - PEPOIT WAY","1","100.0000","88502","Acceptable PM2.5 AQI & Speciation Mass","28420","Kennewick-Richland, WA","53","Washington","021","Franklin","46.5754","-119.0021"
"01/30/2020","AQS","530210002","4","6.5","ug/m3 LC","27","MESA - PEPOIT WAY","1","100.0000","88502","Acceptable PM2.5 AQI & Speciation Mass","28420","Kennewick-Richland, WA","53","Washington","021","Franklin","46.5754","-119.0021"
"01/31/2020","AQS","530210002","4","2.4","ug/m3 LC","10","MESA - PEPOIT WAY","1","100.0000","88502","Acceptable PM2.5 AQI & Speciation Mass","28420","Kennewick-Richland, WA","53","Washington","021","Franklin","46.5754","-119.0021"
"02/01/2020","AirNow","530210002","4","1.3","ug/m3 LC","5","MESA - PEPOIT WAY","1","100.0000","88502","Acceptable PM2.5 AQI & Speciation Mass","28420","Kennewick-Richland, WA","53","Washington","021","Franklin","46.5754","-119.0021"
"02/02/2020","AirNow","530210002","4","3.4","ug/m3 LC","14","MESA - PEPOIT WAY","1","100.0000","88502","Acceptable PM2.5 AQI & Speciation Mass","28420","Kennewick-Richland, WA","53","Washington","021","Franklin","46.5754","-119.0021"
"02/03/2020","AirNow","530210002","4","3.4","ug/m3 LC","14","MESA - PEPOIT WAY","1","100.0000","88502","Acceptable PM2.5 AQI & Speciation Mass","28420","Kennewick-Richland, WA","53","Washington","021","Franklin","46.5754","-119.0021"
"02/04/2020","AirNow","530210002","4","2.8","ug/m3 LC","12","MESA - PEPOIT WAY","1","100.0000","88502","Acceptable PM2.5 AQI & Speciation Mass","28420","Kennewick-Richland, WA","53","Washington","021","Franklin","46.5754","-119.0021"
"02/05/2020","AirNow","530210002","4","3.1","ug/m3 LC","13","MESA - PEPOIT WAY","1","100.0000","88502","Acceptable PM2.5 AQI & Speciation Mass","28420","Kennewick-Richland, WA","53","Washington","021","Franklin","46.5754","-119.0021"
"02/06/2020","AirNow","530210002","4","3","ug/m3 LC","13","MESA - PEPOIT WAY","1","100.0000","88502","Acceptable PM2.5 AQI & Speciation Mass","28420","Kennewick-Richland, WA","53","Washington","021","Franklin","46.5754","-119.0021"
"02/07/2020","AirNow","530210002","4","4","ug/m3 LC","17","MESA - PEPOIT WAY","1","100.0000","88502","Acceptable PM2.5 AQI & Speciation Mass","28420","Kennewick-Richland, WA","53","Washington","021","Franklin","46.5754","-119.0021"
"02/08/2020","AirNow","530210002","4","0.7","ug/m3 LC","3","MESA - PEPOIT WAY","1","100.0000","88502","Acceptable PM2.5 AQI & Speciation Mass","28420","Kennewick-Richland, WA","53","Washington","021","Franklin","46.5754","-119.0021"
"02/09/2020","AirNow","530210002","4","1.3","ug/m3 LC","5","MESA - PEPOIT WAY","1","100.0000","88502","Acceptable PM2.5 AQI & Speciation Mass","28420","Kennewick-Richland, WA","53","Washington","021","Franklin","46.5754","-119.0021"
"02/10/2020","AirNow","530210002","4","2.1","ug/m3 LC","9","MESA - PEPOIT WAY","1","100.0000","88502","Acceptable PM2.5 AQI & Speciation Mass","28420","Kennewick-Richland, WA","53","Washington","021","Franklin","46.5754","-119.0021"
"02/11/2020","AirNow","530210002","4","1.8","ug/m3 LC","8","MESA - PEPOIT WAY","1","100.0000","88502","Acceptable PM2.5 AQI & Speciation Mass","28420","Kennewick-Richland, WA","53","Washington","021","Franklin","46.5754","-119.0021"
"02/12/2020","AirNow","530210002","4","1.8","ug/m3 LC","8","MESA - PEPOIT WAY","1","100.0000","88502","Acceptable PM2.5 AQI & Speciation Mass","28420","Kennewick-Richland, WA","53","Washington","021","Franklin","46.5754","-119.0021"
"02/13/2020","AirNow","530210002","4","4.1","ug/m3 LC","17","MESA - PEPOIT WAY","1","100.0000","88502","Acceptable PM2.5 AQI & Speciation Mass","28420","Kennewick-Richland, WA","53","Washington","021","Franklin","46.5754","-119.0021"
"02/14/2020","AirNow","530210002","4","1.5","ug/m3 LC","6","MESA - PEPOIT WAY","1","100.0000","88502","Acceptable PM2.5 AQI & Speciation Mass","28420","Kennewick-Richland, WA","53","Washington","021","Franklin","46.5754","-119.0021"
"02/15/2020","AirNow","530210002","4","1.4","ug/m3 LC","6","MESA - PEPOIT WAY","1","100.0000","88502","Acceptable PM2.5 AQI & Speciation Mass","28420","Kennewick-Richland, WA","53","Washington","021","Franklin","46.5754","-119.0021"
"02/16/2020","AirNow","530210002","4","1.2","ug/m3 LC","5","MESA - PEPOIT WAY","1","100.0000","88502","Acceptable PM2.5 AQI & Speciation Mass","28420","Kennewick-Richland, WA","53","Washington","021","Franklin","46.5754","-119.0021"
"02/17/2020","AirNow","530210002","4","1.6","ug/m3 LC","7","MESA - PEPOIT WAY","1","100.0000","88502","Acceptable PM2.5 AQI & Speciation Mass","28420","Kennewick-Richland, WA","53","Washington","021","Franklin","46.5754","-119.0021"
"02/18/2020","AirNow","530210002","4","2.6","ug/m3 LC","11","MESA - PEPOIT WAY","1","100.0000","88502","Acceptable PM2.5 AQI & Speciation Mass","28420","Kennewick-Richland, WA","53","Washington","021","Franklin","46.5754","-119.0021"
"02/19/2020","AirNow","530210002","4","2.7","ug/m3 LC","11","MESA - PEPOIT WAY","1","100.0000","88502","Acceptable PM2.5 AQI & Speciation Mass","28420","Kennewick-Richland, WA","53","Washington","021","Franklin","46.5754","-119.0021"
"02/20/2020","AirNow","530210002","4","4.4","ug/m3 LC","18","MESA - PEPOIT WAY","1","100.0000","88502","Acceptable PM2.5 AQI & Speciation Mass","28420","Kennewick-Richland, WA","53","Washington","021","Franklin","46.5754","-119.0021"
"02/21/2020","AirNow","530210002","4","6.2","ug/m3 LC","26","MESA - PEPOIT WAY","1","100.0000","88502","Acceptable PM2.5 AQI & Speciation Mass","28420","Kennewick-Richland, WA","53","Washington","021","Franklin","46.5754","-119.0021"
"02/22/2020","AirNow","530210002","4","7.2","ug/m3 LC","30","MESA - PEPOIT WAY","1","100.0000","88502","Acceptable PM2.5 AQI & Speciation Mass","28420","Kennewick-Richland, WA","53","Washington","021","Franklin","46.5754","-119.0021"
"02/23/2020","AirNow","530210002","4","3","ug/m3 LC","13","MESA - PEPOIT WAY","1","100.0000","88502","Acceptable PM2.5 AQI & Speciation Mass","28420","Kennewick-Richland, WA","53","Washington","021","Franklin","46.5754","-119.0021"
"02/24/2020","AirNow","530210002","4","1.9","ug/m3 LC","8","MESA - PEPOIT WAY","1","100.0000","88502","Acceptable PM2.5 AQI & Speciation Mass","28420","Kennewick-Richland, WA","53","Washington","021","Franklin","46.5754","-119.0021"
"02/25/2020","AirNow","530210002","4","3.3","ug/m3 LC","14","MESA - PEPOIT WAY","1","100.0000","88502","Acceptable PM2.5 AQI & Speciation Mass","28420","Kennewick-Richland, WA","53","Washington","021","Franklin","46.5754","-119.0021"
"02/26/2020","AirNow","530210002","4","4.9","ug/m3 LC","20","MESA - PEPOIT WAY","1","100.0000","88502","Acceptable PM2.5 AQI & Speciation Mass","28420","Kennewick-Richland, WA","53","Washington","021","Franklin","46.5754","-119.0021"
"02/27/2020","AirNow","530210002","4","3.2","ug/m3 LC","13","MESA - PEPOIT WAY","1","100.0000","88502","Acceptable PM2.5 AQI & Speciation Mass","28420","Kennewick-Richland, WA","53","Washington","021","Franklin","46.5754","-119.0021"
"02/28/2020","AirNow","530210002","4","3.7","ug/m3 LC","15","MESA - PEPOIT WAY","1","100.0000","88502","Acceptable PM2.5 AQI & Speciation Mass","28420","Kennewick-Richland, WA","53","Washington","021","Franklin","46.5754","-119.0021"
"02/29/2020","AirNow","530210002","4","1.1","ug/m3 LC","5","MESA - PEPOIT WAY","1","100.0000","88502","Acceptable PM2.5 AQI & Speciation Mass","28420","Kennewick-Richland, WA","53","Washington","021","Franklin","46.5754","-119.0021"
"03/01/2020","AirNow","530210002","4","2.1","ug/m3 LC","9","MESA - PEPOIT WAY","1","100.0000","88502","Acceptable PM2.5 AQI & Speciation Mass","28420","Kennewick-Richland, WA","53","Washington","021","Franklin","46.5754","-119.0021"
"03/02/2020","AirNow","530210002","4","2.4","ug/m3 LC","10","MESA - PEPOIT WAY","1","100.0000","88502","Acceptable PM2.5 AQI & Speciation Mass","28420","Kennewick-Richland, WA","53","Washington","021","Franklin","46.5754","-119.0021"
"03/03/2020","AirNow","530210002","4","1.7","ug/m3 LC","7","MESA - PEPOIT WAY","1","100.0000","88502","Acceptable PM2.5 AQI & Speciation Mass","28420","Kennewick-Richland, WA","53","Washington","021","Franklin","46.5754","-119.0021"
"03/04/2020","AirNow","530210002","4","2.1","ug/m3 LC","9","MESA - PEPOIT WAY","1","100.0000","88502","Acceptable PM2.5 AQI & Speciation Mass","28420","Kennewick-Richland, WA","53","Washington","021","Franklin","46.5754","-119.0021"
"03/05/2020","AirNow","530210002","4","2.8","ug/m3 LC","12","MESA - PEPOIT WAY","1","100.0000","88502","Acceptable PM2.5 AQI & Speciation Mass","28420","Kennewick-Richland, WA","53","Washington","021","Franklin","46.5754","-119.0021"
"03/06/2020","AirNow","530210002","4","3.5","ug/m3 LC","15","MESA - PEPOIT WAY","1","100.0000","88502","Acceptable PM2.5 AQI & Speciation Mass","28420","Kennewick-Richland, WA","53","Washington","021","Franklin","46.5754","-119.0021"
"03/07/2020","AirNow","530210002","4","1.9","ug/m3 LC","8","MESA - PEPOIT WAY","1","100.0000","88502","Acceptable PM2.5 AQI & Speciation Mass","28420","Kennewick-Richland, WA","53","Washington","021","Franklin","46.5754","-119.0021"
"03/08/2020","AirNow","530210002","4","2.4","ug/m3 LC","10","MESA - PEPOIT WAY","1","100.0000","88502","Acceptable PM2.5 AQI & Speciation Mass","28420","Kennewick-Richland, WA","53","Washington","021","Franklin","46.5754","-119.0021"
"03/09/2020","AirNow","530210002","4","2.9","ug/m3 LC","12","MESA - PEPOIT WAY","1","100.0000","88502","Acceptable PM2.5 AQI & Speciation Mass","28420","Kennewick-Richland, WA","53","Washington","021","Franklin","46.5754","-119.0021"
"03/10/2020","AirNow","530210002","4","2.9","ug/m3 LC","12","MESA - PEPOIT WAY","1","100.0000","88502","Acceptable PM2.5 AQI & Speciation Mass","28420","Kennewick-Richland, WA","53","Washington","021","Franklin","46.5754","-119.0021"
"03/11/2020","AirNow","530210002","4","2.5","ug/m3 LC","10","MESA - PEPOIT WAY","1","100.0000","88502","Acceptable PM2.5 AQI & Speciation Mass","28420","Kennewick-Richland, WA","53","Washington","021","Franklin","46.5754","-119.0021"
"03/12/2020","AirNow","530210002","4","2.1","ug/m3 LC","9","MESA - PEPOIT WAY","1","100.0000","88502","Acceptable PM2.5 AQI & Speciation Mass","28420","Kennewick-Richland, WA","53","Washington","021","Franklin","46.5754","-119.0021"
"03/13/2020","AirNow","530210002","4","1.7","ug/m3 LC","7","MESA - PEPOIT WAY","1","100.0000","88502","Acceptable PM2.5 AQI & Speciation Mass","28420","Kennewick-Richland, WA","53","Washington","021","Franklin","46.5754","-119.0021"
"03/14/2020","AirNow","530210002","4","2.2","ug/m3 LC","9","MESA - PEPOIT WAY","1","100.0000","88502","Acceptable PM2.5 AQI & Speciation Mass","28420","Kennewick-Richland, WA","53","Washington","021","Franklin","46.5754","-119.0021"
"03/15/2020","AirNow","530210002","4","1.8","ug/m3 LC","8","MESA - PEPOIT WAY","1","100.0000","88502","Acceptable PM2.5 AQI & Speciation Mass","28420","Kennewick-Richland, WA","53","Washington","021","Franklin","46.5754","-119.0021"
"03/16/2020","AirNow","530210002","4","4.5","ug/m3 LC","19","MESA - PEPOIT WAY","1","100.0000","88502","Acceptable PM2.5 AQI & Speciation Mass","28420","Kennewick-Richland, WA","53","Washington","021","Franklin","46.5754","-119.0021"
"03/17/2020","AirNow","530210002","4","7.3","ug/m3 LC","30","MESA - PEPOIT WAY","1","100.0000","88502","Acceptable PM2.5 AQI & Speciation Mass","28420","Kennewick-Richland, WA","53","Washington","021","Franklin","46.5754","-119.0021"
"03/18/2020","AirNow","530210002","4","8.3","ug/m3 LC","35","MESA - PEPOIT WAY","1","100.0000","88502","Acceptable PM2.5 AQI & Speciation Mass","28420","Kennewick-Richland, WA","53","Washington","021","Franklin","46.5754","-119.0021"
"03/19/2020","AirNow","530210002","4","9","ug/m3 LC","38","MESA - PEPOIT WAY","1","100.0000","88502","Acceptable PM2.5 AQI & Speciation Mass","28420","Kennewick-Richland, WA","53","Washington","021","Franklin","46.5754","-119.0021"
"03/20/2020","AirNow","530210002","4","7.8","ug/m3 LC","33","MESA - PEPOIT WAY","1","100.0000","88502","Acceptable PM2.5 AQI & Speciation Mass","28420","Kennewick-Richland, WA","53","Washington","021","Franklin","46.5754","-119.0021"
"03/21/2020","AirNow","530210002","4","6.2","ug/m3 LC","26","MESA - PEPOIT WAY","1","100.0000","88502","Acceptable PM2.5 AQI & Speciation Mass","28420","Kennewick-Richland, WA","53","Washington","021","Franklin","46.5754","-119.0021"
"03/22/2020","AirNow","530210002","4","6.2","ug/m3 LC","26","MESA - PEPOIT WAY","1","100.0000","88502","Acceptable PM2.5 AQI & Speciation Mass","28420","Kennewick-Richland, WA","53","Washington","021","Franklin","46.5754","-119.0021"
"03/23/2020","AirNow","530210002","4","2.9","ug/m3 LC","12","MESA - PEPOIT WAY","1","100.0000","88502","Acceptable PM2.5 AQI & Speciation Mass","28420","Kennewick-Richland, WA","53","Washington","021","Franklin","46.5754","-119.0021"
"03/24/2020","AirNow","530210002","4","1.6","ug/m3 LC","7","MESA - PEPOIT WAY","1","100.0000","88502","Acceptable PM2.5 AQI & Speciation Mass","28420","Kennewick-Richland, WA","53","Washington","021","Franklin","46.5754","-119.0021"
"03/25/2020","AirNow","530210002","4","1.6","ug/m3 LC","7","MESA - PEPOIT WAY","1","100.0000","88502","Acceptable PM2.5 AQI & Speciation Mass","28420","Kennewick-Richland, WA","53","Washington","021","Franklin","46.5754","-119.0021"
"03/26/2020","AirNow","530210002","4","2.9","ug/m3 LC","12","MESA - PEPOIT WAY","1","100.0000","88502","Acceptable PM2.5 AQI & Speciation Mass","28420","Kennewick-Richland, WA","53","Washington","021","Franklin","46.5754","-119.0021"
"03/27/2020","AirNow","530210002","4","4.1","ug/m3 LC","17","MESA - PEPOIT WAY","1","100.0000","88502","Acceptable PM2.5 AQI & Speciation Mass","28420","Kennewick-Richland, WA","53","Washington","021","Franklin","46.5754","-119.0021"
"03/28/2020","AirNow","530210002","4","1.3","ug/m3 LC","5","MESA - PEPOIT WAY","1","100.0000","88502","Acceptable PM2.5 AQI & Speciation Mass","28420","Kennewick-Richland, WA","53","Washington","021","Franklin","46.5754","-119.0021"
"03/29/2020","AirNow","530210002","4","1.1","ug/m3 LC","5","MESA - PEPOIT WAY","1","100.0000","88502","Acceptable PM2.5 AQI & Speciation Mass","28420","Kennewick-Richland, WA","53","Washington","021","Franklin","46.5754","-119.0021"
"03/30/2020","AirNow","530210002","4","0.9","ug/m3 LC","4","MESA - PEPOIT WAY","1","100.0000","88502","Acceptable PM2.5 AQI & Speciation Mass","28420","Kennewick-Richland, WA","53","Washington","021","Franklin","46.5754","-119.0021"
"03/31/2020","AirNow","530210002","4","0.6","ug/m3 LC","3","MESA - PEPOIT WAY","1","100.0000","88502","Acceptable PM2.5 AQI & Speciation Mass","28420","Kennewick-Richland, WA","53","Washington","021","Franklin","46.5754","-119.0021"
"04/01/2020","AirNow","530210002","4","1","ug/m3 LC","4","MESA - PEPOIT WAY","1","100.0000","88502","Acceptable PM2.5 AQI & Speciation Mass","28420","Kennewick-Richland, WA","53","Washington","021","Franklin","46.5754","-119.0021"
"04/02/2020","AirNow","530210002","4","1.4","ug/m3 LC","6","MESA - PEPOIT WAY","1","100.0000","88502","Acceptable PM2.5 AQI & Speciation Mass","28420","Kennewick-Richland, WA","53","Washington","021","Franklin","46.5754","-119.0021"
"04/03/2020","AirNow","530210002","4","1","ug/m3 LC","4","MESA - PEPOIT WAY","1","100.0000","88502","Acceptable PM2.5 AQI & Speciation Mass","28420","Kennewick-Richland, WA","53","Washington","021","Franklin","46.5754","-119.0021"
"04/04/2020","AirNow","530210002","4","1","ug/m3 LC","4","MESA - PEPOIT WAY","1","100.0000","88502","Acceptable PM2.5 AQI & Speciation Mass","28420","Kennewick-Richland, WA","53","Washington","021","Franklin","46.5754","-119.0021"
"04/05/2020","AirNow","530210002","4","2.1","ug/m3 LC","9","MESA - PEPOIT WAY","1","100.0000","88502","Acceptable PM2.5 AQI & Speciation Mass","28420","Kennewick-Richland, WA","53","Washington","021","Franklin","46.5754","-119.0021"
"04/06/2020","AirNow","530210002","4","1.7","ug/m3 LC","7","MESA - PEPOIT WAY","1","100.0000","88502","Acceptable PM2.5 AQI & Speciation Mass","28420","Kennewick-Richland, WA","53","Washington","021","Franklin","46.5754","-119.0021"
"04/07/2020","AirNow","530210002","4","3","ug/m3 LC","13","MESA - PEPOIT WAY","1","100.0000","88502","Acceptable PM2.5 AQI & Speciation Mass","28420","Kennewick-Richland, WA","53","Washington","021","Franklin","46.5754","-119.0021"
"04/08/2020","AirNow","530210002","4","3.5","ug/m3 LC","15","MESA - PEPOIT WAY","1","100.0000","88502","Acceptable PM2.5 AQI & Speciation Mass","28420","Kennewick-Richland, WA","53","Washington","021","Franklin","46.5754","-119.0021"
"04/09/2020","AirNow","530210002","4","3.1","ug/m3 LC","13","MESA - PEPOIT WAY","1","100.0000","88502","Acceptable PM2.5 AQI & Speciation Mass","28420","Kennewick-Richland, WA","53","Washington","021","Franklin","46.5754","-119.0021"
"04/10/2020","AirNow","530210002","4","3","ug/m3 LC","13","MESA - PEPOIT WAY","1","100.0000","88502","Acceptable PM2.5 AQI & Speciation Mass","28420","Kennewick-Richland, WA","53","Washington","021","Franklin","46.5754","-119.0021"
"04/11/2020","AirNow","530210002","4","3.6","ug/m3 LC","15","MESA - PEPOIT WAY","1","100.0000","88502","Acceptable PM2.5 AQI & Speciation Mass","28420","Kennewick-Richland, WA","53","Washington","021","Franklin","46.5754","-119.0021"
"04/12/2020","AirNow","530210002","4","1.5","ug/m3 LC","6","MESA - PEPOIT WAY","1","100.0000","88502","Acceptable PM2.5 AQI & Speciation Mass","28420","Kennewick-Richland, WA","53","Washington","021","Franklin","46.5754","-119.0021"
"04/13/2020","AirNow","530210002","4","3.9","ug/m3 LC","16","MESA - PEPOIT WAY","1","100.0000","88502","Acceptable PM2.5 AQI & Speciation Mass","28420","Kennewick-Richland, WA","53","Washington","021","Franklin","46.5754","-119.0021"
"04/14/2020","AirNow","530210002","4","4","ug/m3 LC","17","MESA - PEPOIT WAY","1","100.0000","88502","Acceptable PM2.5 AQI & Speciation Mass","28420","Kennewick-Richland, WA","53","Washington","021","Franklin","46.5754","-119.0021"
"04/15/2020","AirNow","530210002","4","2.3","ug/m3 LC","10","MESA - PEPOIT WAY","1","100.0000","88502","Acceptable PM2.5 AQI & Speciation Mass","28420","Kennewick-Richland, WA","53","Washington","021","Franklin","46.5754","-119.0021"
"04/16/2020","AirNow","530210002","4","1.7","ug/m3 LC","7","MESA - PEPOIT WAY","1","100.0000","88502","Acceptable PM2.5 AQI & Speciation Mass","28420","Kennewick-Richland, WA","53","Washington","021","Franklin","46.5754","-119.0021"
"04/17/2020","AirNow","530210002","4","1.9","ug/m3 LC","8","MESA - PEPOIT WAY","1","100.0000","88502","Acceptable PM2.5 AQI & Speciation Mass","28420","Kennewick-Richland, WA","53","Washington","021","Franklin","46.5754","-119.0021"
"04/18/2020","AirNow","530210002","4","3.6","ug/m3 LC","15","MESA - PEPOIT WAY","1","100.0000","88502","Acceptable PM2.5 AQI & Speciation Mass","28420","Kennewick-Richland, WA","53","Washington","021","Franklin","46.5754","-119.0021"
"04/19/2020","AirNow","530210002","4","3.2","ug/m3 LC","13","MESA - PEPOIT WAY","1","100.0000","88502","Acceptable PM2.5 AQI & Speciation Mass","28420","Kennewick-Richland, WA","53","Washington","021","Franklin","46.5754","-119.0021"
"04/20/2020","AirNow","530210002","4","3.6","ug/m3 LC","15","MESA - PEPOIT WAY","1","100.0000","88502","Acceptable PM2.5 AQI & Speciation Mass","28420","Kennewick-Richland, WA","53","Washington","021","Franklin","46.5754","-119.0021"
"04/21/2020","AirNow","530210002","4","3.1","ug/m3 LC","13","MESA - PEPOIT WAY","1","100.0000","88502","Acceptable PM2.5 AQI & Speciation Mass","28420","Kennewick-Richland, WA","53","Washington","021","Franklin","46.5754","-119.0021"
"04/22/2020","AirNow","530210002","4","1.9","ug/m3 LC","8","MESA - PEPOIT WAY","1","100.0000","88502","Acceptable PM2.5 AQI & Speciation Mass","28420","Kennewick-Richland, WA","53","Washington","021","Franklin","46.5754","-119.0021"
"04/23/2020","AirNow","530210002","4","1.1","ug/m3 LC","5","MESA - PEPOIT WAY","1","100.0000","88502","Acceptable PM2.5 AQI & Speciation Mass","28420","Kennewick-Richland, WA","53","Washington","021","Franklin","46.5754","-119.0021"
"04/24/2020","AirNow","530210002","4","2.6","ug/m3 LC","11","MESA - PEPOIT WAY","1","100.0000","88502","Acceptable PM2.5 AQI & Speciation Mass","28420","Kennewick-Richland, WA","53","Washington","021","Franklin","46.5754","-119.0021"
"04/25/2020","AirNow","530210002","4","2.3","ug/m3 LC","10","MESA - PEPOIT WAY","1","100.0000","88502","Acceptable PM2.5 AQI & Speciation Mass","28420","Kennewick-Richland, WA","53","Washington","021","Franklin","46.5754","-119.0021"
"04/26/2020","AirNow","530210002","4","3.1","ug/m3 LC","13","MESA - PEPOIT WAY","1","100.0000","88502","Acceptable PM2.5 AQI & Speciation Mass","28420","Kennewick-Richland, WA","53","Washington","021","Franklin","46.5754","-119.0021"
"04/27/2020","AirNow","530210002","4","2.5","ug/m3 LC","10","MESA - PEPOIT WAY","1","100.0000","88502","Acceptable PM2.5 AQI & Speciation Mass","28420","Kennewick-Richland, WA","53","Washington","021","Franklin","46.5754","-119.0021"
"04/28/2020","AirNow","530210002","4","3.3","ug/m3 LC","14","MESA - PEPOIT WAY","1","100.0000","88502","Acceptable PM2.5 AQI & Speciation Mass","28420","Kennewick-Richland, WA","53","Washington","021","Franklin","46.5754","-119.0021"
"04/29/2020","AirNow","530210002","4","3.7","ug/m3 LC","15","MESA - PEPOIT WAY","1","100.0000","88502","Acceptable PM2.5 AQI & Speciation Mass","28420","Kennewick-Richland, WA","53","Washington","021","Franklin","46.5754","-119.0021"
"04/30/2020","AirNow","530210002","4","1.7","ug/m3 LC","7","MESA - PEPOIT WAY","1","100.0000","88502","Acceptable PM2.5 AQI & Speciation Mass","28420","Kennewick-Richland, WA","53","Washington","021","Franklin","46.5754","-119.0021"
"05/01/2020","AirNow","530210002","4","2.6","ug/m3 LC","11","MESA - PEPOIT WAY","1","100.0000","88502","Acceptable PM2.5 AQI & Speciation Mass","28420","Kennewick-Richland, WA","53","Washington","021","Franklin","46.5754","-119.0021"
"05/02/2020","AirNow","530210002","4","2.1","ug/m3 LC","9","MESA - PEPOIT WAY","1","100.0000","88502","Acceptable PM2.5 AQI & Speciation Mass","28420","Kennewick-Richland, WA","53","Washington","021","Franklin","46.5754","-119.0021"
"01/01/2020","AQS","530230001","4","0.9","ug/m3 LC","4","Pomeroy Sewage Treatment Plant","1","100.0000","88502","Acceptable PM2.5 AQI & Speciation Mass","","","53","Washington","023","Garfield","46.4744380009419","-117.614764"
"01/02/2020","AQS","530230001","4","1.9","ug/m3 LC","8","Pomeroy Sewage Treatment Plant","1","100.0000","88502","Acceptable PM2.5 AQI & Speciation Mass","","","53","Washington","023","Garfield","46.4744380009419","-117.614764"
"01/03/2020","AQS","530230001","4","1.5","ug/m3 LC","6","Pomeroy Sewage Treatment Plant","1","100.0000","88502","Acceptable PM2.5 AQI & Speciation Mass","","","53","Washington","023","Garfield","46.4744380009419","-117.614764"
"01/04/2020","AQS","530230001","4","1.6","ug/m3 LC","7","Pomeroy Sewage Treatment Plant","1","100.0000","88502","Acceptable PM2.5 AQI & Speciation Mass","","","53","Washington","023","Garfield","46.4744380009419","-117.614764"
"01/05/2020","AQS","530230001","4","2.6","ug/m3 LC","11","Pomeroy Sewage Treatment Plant","1","100.0000","88502","Acceptable PM2.5 AQI & Speciation Mass","","","53","Washington","023","Garfield","46.4744380009419","-117.614764"
"01/06/2020","AQS","530230001","4","0.5","ug/m3 LC","2","Pomeroy Sewage Treatment Plant","1","100.0000","88502","Acceptable PM2.5 AQI & Speciation Mass","","","53","Washington","023","Garfield","46.4744380009419","-117.614764"
"01/07/2020","AQS","530230001","4","2.2","ug/m3 LC","9","Pomeroy Sewage Treatment Plant","1","100.0000","88502","Acceptable PM2.5 AQI & Speciation Mass","","","53","Washington","023","Garfield","46.4744380009419","-117.614764"
"01/08/2020","AQS","530230001","4","0.8","ug/m3 LC","3","Pomeroy Sewage Treatment Plant","1","100.0000","88502","Acceptable PM2.5 AQI & Speciation Mass","","","53","Washington","023","Garfield","46.4744380009419","-117.614764"
"01/09/2020","AQS","530230001","4","4.7","ug/m3 LC","20","Pomeroy Sewage Treatment Plant","1","100.0000","88502","Acceptable PM2.5 AQI & Speciation Mass","","","53","Washington","023","Garfield","46.4744380009419","-117.614764"
"01/10/2020","AQS","530230001","4","3.5","ug/m3 LC","15","Pomeroy Sewage Treatment Plant","1","100.0000","88502","Acceptable PM2.5 AQI & Speciation Mass","","","53","Washington","023","Garfield","46.4744380009419","-117.614764"
"01/11/2020","AQS","530230001","4","0.8","ug/m3 LC","3","Pomeroy Sewage Treatment Plant","1","100.0000","88502","Acceptable PM2.5 AQI & Speciation Mass","","","53","Washington","023","Garfield","46.4744380009419","-117.614764"
"01/12/2020","AQS","530230001","4","0.5","ug/m3 LC","2","Pomeroy Sewage Treatment Plant","1","100.0000","88502","Acceptable PM2.5 AQI & Speciation Mass","","","53","Washington","023","Garfield","46.4744380009419","-117.614764"
"01/13/2020","AQS","530230001","4","2.1","ug/m3 LC","9","Pomeroy Sewage Treatment Plant","1","100.0000","88502","Acceptable PM2.5 AQI & Speciation Mass","","","53","Washington","023","Garfield","46.4744380009419","-117.614764"
"01/14/2020","AQS","530230001","4","3.3","ug/m3 LC","14","Pomeroy Sewage Treatment Plant","1","100.0000","88502","Acceptable PM2.5 AQI & Speciation Mass","","","53","Washington","023","Garfield","46.4744380009419","-117.614764"
"01/15/2020","AQS","530230001","4","2.6","ug/m3 LC","11","Pomeroy Sewage Treatment Plant","1","100.0000","88502","Acceptable PM2.5 AQI & Speciation Mass","","","53","Washington","023","Garfield","46.4744380009419","-117.614764"
"01/16/2020","AQS","530230001","4","3.4","ug/m3 LC","14","Pomeroy Sewage Treatment Plant","1","100.0000","88502","Acceptable PM2.5 AQI & Speciation Mass","","","53","Washington","023","Garfield","46.4744380009419","-117.614764"
"01/17/2020","AQS","530230001","4","5.8","ug/m3 LC","24","Pomeroy Sewage Treatment Plant","1","100.0000","88502","Acceptable PM2.5 AQI & Speciation Mass","","","53","Washington","023","Garfield","46.4744380009419","-117.614764"
"01/18/2020","AQS","530230001","4","3.5","ug/m3 LC","15","Pomeroy Sewage Treatment Plant","1","100.0000","88502","Acceptable PM2.5 AQI & Speciation Mass","","","53","Washington","023","Garfield","46.4744380009419","-117.614764"
"01/19/2020","AQS","530230001","4","2.6","ug/m3 LC","11","Pomeroy Sewage Treatment Plant","1","100.0000","88502","Acceptable PM2.5 AQI & Speciation Mass","","","53","Washington","023","Garfield","46.4744380009419","-117.614764"
"01/20/2020","AQS","530230001","4","3.7","ug/m3 LC","15","Pomeroy Sewage Treatment Plant","1","100.0000","88502","Acceptable PM2.5 AQI & Speciation Mass","","","53","Washington","023","Garfield","46.4744380009419","-117.614764"
"01/21/2020","AQS","530230001","4","2.1","ug/m3 LC","9","Pomeroy Sewage Treatment Plant","1","100.0000","88502","Acceptable PM2.5 AQI & Speciation Mass","","","53","Washington","023","Garfield","46.4744380009419","-117.614764"
"01/22/2020","AQS","530230001","4","2","ug/m3 LC","8","Pomeroy Sewage Treatment Plant","1","100.0000","88502","Acceptable PM2.5 AQI & Speciation Mass","","","53","Washington","023","Garfield","46.4744380009419","-117.614764"
"01/23/2020","AQS","530230001","4","3","ug/m3 LC","13","Pomeroy Sewage Treatment Plant","1","100.0000","88502","Acceptable PM2.5 AQI & Speciation Mass","","","53","Washington","023","Garfield","46.4744380009419","-117.614764"
"01/24/2020","AQS","530230001","4","3.5","ug/m3 LC","15","Pomeroy Sewage Treatment Plant","1","100.0000","88502","Acceptable PM2.5 AQI & Speciation Mass","","","53","Washington","023","Garfield","46.4744380009419","-117.614764"
"01/25/2020","AQS","530230001","4","3.6","ug/m3 LC","15","Pomeroy Sewage Treatment Plant","1","100.0000","88502","Acceptable PM2.5 AQI & Speciation Mass","","","53","Washington","023","Garfield","46.4744380009419","-117.614764"
"01/26/2020","AQS","530230001","4","3.1","ug/m3 LC","13","Pomeroy Sewage Treatment Plant","1","100.0000","88502","Acceptable PM2.5 AQI & Speciation Mass","","","53","Washington","023","Garfield","46.4744380009419","-117.614764"
"01/27/2020","AQS","530230001","4","2.1","ug/m3 LC","9","Pomeroy Sewage Treatment Plant","1","100.0000","88502","Acceptable PM2.5 AQI & Speciation Mass","","","53","Washington","023","Garfield","46.4744380009419","-117.614764"
"01/28/2020","AQS","530230001","4","1.8","ug/m3 LC","8","Pomeroy Sewage Treatment Plant","1","100.0000","88502","Acceptable PM2.5 AQI & Speciation Mass","","","53","Washington","023","Garfield","46.4744380009419","-117.614764"
"01/29/2020","AQS","530230001","4","2.9","ug/m3 LC","12","Pomeroy Sewage Treatment Plant","1","100.0000","88502","Acceptable PM2.5 AQI & Speciation Mass","","","53","Washington","023","Garfield","46.4744380009419","-117.614764"
"01/30/2020","AQS","530230001","4","4.8","ug/m3 LC","20","Pomeroy Sewage Treatment Plant","1","100.0000","88502","Acceptable PM2.5 AQI & Speciation Mass","","","53","Washington","023","Garfield","46.4744380009419","-117.614764"
"01/31/2020","AQS","530230001","4","1.1","ug/m3 LC","5","Pomeroy Sewage Treatment Plant","1","100.0000","88502","Acceptable PM2.5 AQI & Speciation Mass","","","53","Washington","023","Garfield","46.4744380009419","-117.614764"
"02/01/2020","AirNow","530230001","4","0.6","ug/m3 LC","3","Pomeroy Sewage Treatment Plant","1","100.0000","88502","Acceptable PM2.5 AQI & Speciation Mass","","","53","Washington","023","Garfield","46.4744380009419","-117.614764"
"02/02/2020","AirNow","530230001","4","4.8","ug/m3 LC","20","Pomeroy Sewage Treatment Plant","1","100.0000","88502","Acceptable PM2.5 AQI & Speciation Mass","","","53","Washington","023","Garfield","46.4744380009419","-117.614764"
"02/03/2020","AirNow","530230001","4","6.2","ug/m3 LC","26","Pomeroy Sewage Treatment Plant","1","100.0000","88502","Acceptable PM2.5 AQI & Speciation Mass","","","53","Washington","023","Garfield","46.4744380009419","-117.614764"
"02/04/2020","AirNow","530230001","4","4.6","ug/m3 LC","19","Pomeroy Sewage Treatment Plant","1","100.0000","88502","Acceptable PM2.5 AQI & Speciation Mass","","","53","Washington","023","Garfield","46.4744380009419","-117.614764"
"02/05/2020","AirNow","530230001","4","0.9","ug/m3 LC","4","Pomeroy Sewage Treatment Plant","1","100.0000","88502","Acceptable PM2.5 AQI & Speciation Mass","","","53","Washington","023","Garfield","46.4744380009419","-117.614764"
"02/06/2020","AirNow","530230001","4","1.2","ug/m3 LC","5","Pomeroy Sewage Treatment Plant","1","100.0000","88502","Acceptable PM2.5 AQI & Speciation Mass","","","53","Washington","023","Garfield","46.4744380009419","-117.614764"
"02/07/2020","AirNow","530230001","4","0.4","ug/m3 LC","2","Pomeroy Sewage Treatment Plant","1","100.0000","88502","Acceptable PM2.5 AQI & Speciation Mass","","","53","Washington","023","Garfield","46.4744380009419","-117.614764"
"02/08/2020","AirNow","530230001","4","0.7","ug/m3 LC","3","Pomeroy Sewage Treatment Plant","1","100.0000","88502","Acceptable PM2.5 AQI & Speciation Mass","","","53","Washington","023","Garfield","46.4744380009419","-117.614764"
"02/09/2020","AirNow","530230001","4","3.1","ug/m3 LC","13","Pomeroy Sewage Treatment Plant","1","100.0000","88502","Acceptable PM2.5 AQI & Speciation Mass","","","53","Washington","023","Garfield","46.4744380009419","-117.614764"
"02/10/2020","AirNow","530230001","4","3.8","ug/m3 LC","16","Pomeroy Sewage Treatment Plant","1","100.0000","88502","Acceptable PM2.5 AQI & Speciation Mass","","","53","Washington","023","Garfield","46.4744380009419","-117.614764"
"02/11/2020","AirNow","530230001","4","3.4","ug/m3 LC","14","Pomeroy Sewage Treatment Plant","1","100.0000","88502","Acceptable PM2.5 AQI & Speciation Mass","","","53","Washington","023","Garfield","46.4744380009419","-117.614764"
"02/12/2020","AirNow","530230001","4","3.3","ug/m3 LC","14","Pomeroy Sewage Treatment Plant","1","100.0000","88502","Acceptable PM2.5 AQI & Speciation Mass","","","53","Washington","023","Garfield","46.4744380009419","-117.614764"
"02/13/2020","AirNow","530230001","4","2","ug/m3 LC","8","Pomeroy Sewage Treatment Plant","1","100.0000","88502","Acceptable PM2.5 AQI & Speciation Mass","","","53","Washington","023","Garfield","46.4744380009419","-117.614764"
"02/14/2020","AirNow","530230001","4","0.7","ug/m3 LC","3","Pomeroy Sewage Treatment Plant","1","100.0000","88502","Acceptable PM2.5 AQI & Speciation Mass","","","53","Washington","023","Garfield","46.4744380009419","-117.614764"
"02/15/2020","AirNow","530230001","4","0.2","ug/m3 LC","1","Pomeroy Sewage Treatment Plant","1","100.0000","88502","Acceptable PM2.5 AQI & Speciation Mass","","","53","Washington","023","Garfield","46.4744380009419","-117.614764"
"02/16/2020","AirNow","530230001","4","0.8","ug/m3 LC","3","Pomeroy Sewage Treatment Plant","1","100.0000","88502","Acceptable PM2.5 AQI & Speciation Mass","","","53","Washington","023","Garfield","46.4744380009419","-117.614764"
"02/17/2020","AirNow","530230001","4","3.5","ug/m3 LC","15","Pomeroy Sewage Treatment Plant","1","100.0000","88502","Acceptable PM2.5 AQI & Speciation Mass","","","53","Washington","023","Garfield","46.4744380009419","-117.614764"
"02/18/2020","AirNow","530230001","4","7.4","ug/m3 LC","31","Pomeroy Sewage Treatment Plant","1","100.0000","88502","Acceptable PM2.5 AQI & Speciation Mass","","","53","Washington","023","Garfield","46.4744380009419","-117.614764"
"02/19/2020","AirNow","530230001","4","3","ug/m3 LC","13","Pomeroy Sewage Treatment Plant","1","100.0000","88502","Acceptable PM2.5 AQI & Speciation Mass","","","53","Washington","023","Garfield","46.4744380009419","-117.614764"
"02/20/2020","AirNow","530230001","4","4.7","ug/m3 LC","20","Pomeroy Sewage Treatment Plant","1","100.0000","88502","Acceptable PM2.5 AQI & Speciation Mass","","","53","Washington","023","Garfield","46.4744380009419","-117.614764"
"02/21/2020","AirNow","530230001","4","5.2","ug/m3 LC","22","Pomeroy Sewage Treatment Plant","1","100.0000","88502","Acceptable PM2.5 AQI & Speciation Mass","","","53","Washington","023","Garfield","46.4744380009419","-117.614764"
"02/22/2020","AirNow","530230001","4","5.9","ug/m3 LC","25","Pomeroy Sewage Treatment Plant","1","100.0000","88502","Acceptable PM2.5 AQI & Speciation Mass","","","53","Washington","023","Garfield","46.4744380009419","-117.614764"
"02/23/2020","AirNow","530230001","4","3.5","ug/m3 LC","15","Pomeroy Sewage Treatment Plant","1","100.0000","88502","Acceptable PM2.5 AQI & Speciation Mass","","","53","Washington","023","Garfield","46.4744380009419","-117.614764"
"02/24/2020","AirNow","530230001","4","4.7","ug/m3 LC","20","Pomeroy Sewage Treatment Plant","1","100.0000","88502","Acceptable PM2.5 AQI & Speciation Mass","","","53","Washington","023","Garfield","46.4744380009419","-117.614764"
"02/25/2020","AirNow","530230001","4","5.4","ug/m3 LC","23","Pomeroy Sewage Treatment Plant","1","100.0000","88502","Acceptable PM2.5 AQI & Speciation Mass","","","53","Washington","023","Garfield","46.4744380009419","-117.614764"
"02/26/2020","AirNow","530230001","4","5.7","ug/m3 LC","24","Pomeroy Sewage Treatment Plant","1","100.0000","88502","Acceptable PM2.5 AQI & Speciation Mass","","","53","Washington","023","Garfield","46.4744380009419","-117.614764"
"02/27/2020","AirNow","530230001","4","4.4","ug/m3 LC","18","Pomeroy Sewage Treatment Plant","1","100.0000","88502","Acceptable PM2.5 AQI & Speciation Mass","","","53","Washington","023","Garfield","46.4744380009419","-117.614764"
"02/28/2020","AirNow","530230001","4","2.5","ug/m3 LC","10","Pomeroy Sewage Treatment Plant","1","100.0000","88502","Acceptable PM2.5 AQI & Speciation Mass","","","53","Washington","023","Garfield","46.4744380009419","-117.614764"
"02/29/2020","AirNow","530230001","4","0.6","ug/m3 LC","3","Pomeroy Sewage Treatment Plant","1","100.0000","88502","Acceptable PM2.5 AQI & Speciation Mass","","","53","Washington","023","Garfield","46.4744380009419","-117.614764"
"03/01/2020","AirNow","530230001","4","1.5","ug/m3 LC","6","Pomeroy Sewage Treatment Plant","1","100.0000","88502","Acceptable PM2.5 AQI & Speciation Mass","","","53","Washington","023","Garfield","46.4744380009419","-117.614764"
"03/02/2020","AirNow","530230001","4","1","ug/m3 LC","4","Pomeroy Sewage Treatment Plant","1","100.0000","88502","Acceptable PM2.5 AQI & Speciation Mass","","","53","Washington","023","Garfield","46.4744380009419","-117.614764"
"03/03/2020","AirNow","530230001","4","0.6","ug/m3 LC","3","Pomeroy Sewage Treatment Plant","1","100.0000","88502","Acceptable PM2.5 AQI & Speciation Mass","","","53","Washington","023","Garfield","46.4744380009419","-117.614764"
"03/04/2020","AirNow","530230001","4","2.4","ug/m3 LC","10","Pomeroy Sewage Treatment Plant","1","100.0000","88502","Acceptable PM2.5 AQI & Speciation Mass","","","53","Washington","023","Garfield","46.4744380009419","-117.614764"
"03/05/2020","AirNow","530230001","4","3.9","ug/m3 LC","16","Pomeroy Sewage Treatment Plant","1","100.0000","88502","Acceptable PM2.5 AQI & Speciation Mass","","","53","Washington","023","Garfield","46.4744380009419","-117.614764"
"03/06/2020","AirNow","530230001","4","5.6","ug/m3 LC","23","Pomeroy Sewage Treatment Plant","1","100.0000","88502","Acceptable PM2.5 AQI & Speciation Mass","","","53","Washington","023","Garfield","46.4744380009419","-117.614764"
"03/07/2020","AirNow","530230001","4","2.8","ug/m3 LC","12","Pomeroy Sewage Treatment Plant","1","100.0000","88502","Acceptable PM2.5 AQI & Speciation Mass","","","53","Washington","023","Garfield","46.4744380009419","-117.614764"
"03/08/2020","AirNow","530230001","4","3","ug/m3 LC","13","Pomeroy Sewage Treatment Plant","1","100.0000","88502","Acceptable PM2.5 AQI & Speciation Mass","","","53","Washington","023","Garfield","46.4744380009419","-117.614764"
"03/09/2020","AirNow","530230001","4","4.5","ug/m3 LC","19","Pomeroy Sewage Treatment Plant","1","100.0000","88502","Acceptable PM2.5 AQI & Speciation Mass","","","53","Washington","023","Garfield","46.4744380009419","-117.614764"
"03/10/2020","AirNow","530230001","4","3.4","ug/m3 LC","14","Pomeroy Sewage Treatment Plant","1","100.0000","88502","Acceptable PM2.5 AQI & Speciation Mass","","","53","Washington","023","Garfield","46.4744380009419","-117.614764"
"03/11/2020","AirNow","530230001","4","3.5","ug/m3 LC","15","Pomeroy Sewage Treatment Plant","1","100.0000","88502","Acceptable PM2.5 AQI & Speciation Mass","","","53","Washington","023","Garfield","46.4744380009419","-117.614764"
"03/12/2020","AirNow","530230001","4","5.1","ug/m3 LC","21","Pomeroy Sewage Treatment Plant","1","100.0000","88502","Acceptable PM2.5 AQI & Speciation Mass","","","53","Washington","023","Garfield","46.4744380009419","-117.614764"
"03/13/2020","AirNow","530230001","4","3.5","ug/m3 LC","15","Pomeroy Sewage Treatment Plant","1","100.0000","88502","Acceptable PM2.5 AQI & Speciation Mass","","","53","Washington","023","Garfield","46.4744380009419","-117.614764"
"03/14/2020","AirNow","530230001","4","3.3","ug/m3 LC","14","Pomeroy Sewage Treatment Plant","1","100.0000","88502","Acceptable PM2.5 AQI & Speciation Mass","","","53","Washington","023","Garfield","46.4744380009419","-117.614764"
"03/15/2020","AirNow","530230001","4","4.3","ug/m3 LC","18","Pomeroy Sewage Treatment Plant","1","100.0000","88502","Acceptable PM2.5 AQI & Speciation Mass","","","53","Washington","023","Garfield","46.4744380009419","-117.614764"
"03/16/2020","AirNow","530230001","4","8.3","ug/m3 LC","35","Pomeroy Sewage Treatment Plant","1","100.0000","88502","Acceptable PM2.5 AQI & Speciation Mass","","","53","Washington","023","Garfield","46.4744380009419","-117.614764"
"03/17/2020","AirNow","530230001","4","7.5","ug/m3 LC","31","Pomeroy Sewage Treatment Plant","1","100.0000","88502","Acceptable PM2.5 AQI & Speciation Mass","","","53","Washington","023","Garfield","46.4744380009419","-117.614764"
"03/18/2020","AirNow","530230001","4","7.6","ug/m3 LC","32","Pomeroy Sewage Treatment Plant","1","100.0000","88502","Acceptable PM2.5 AQI & Speciation Mass","","","53","Washington","023","Garfield","46.4744380009419","-117.614764"
"03/19/2020","AirNow","530230001","4","6.5","ug/m3 LC","27","Pomeroy Sewage Treatment Plant","1","100.0000","88502","Acceptable PM2.5 AQI & Speciation Mass","","","53","Washington","023","Garfield","46.4744380009419","-117.614764"
"03/20/2020","AirNow","530230001","4","7.1","ug/m3 LC","30","Pomeroy Sewage Treatment Plant","1","100.0000","88502","Acceptable PM2.5 AQI & Speciation Mass","","","53","Washington","023","Garfield","46.4744380009419","-117.614764"
"03/21/2020","AirNow","530230001","4","7.6","ug/m3 LC","32","Pomeroy Sewage Treatment Plant","1","100.0000","88502","Acceptable PM2.5 AQI & Speciation Mass","","","53","Washington","023","Garfield","46.4744380009419","-117.614764"
"03/22/2020","AirNow","530230001","4","5.4","ug/m3 LC","23","Pomeroy Sewage Treatment Plant","1","100.0000","88502","Acceptable PM2.5 AQI & Speciation Mass","","","53","Washington","023","Garfield","46.4744380009419","-117.614764"
"03/23/2020","AirNow","530230001","4","2.4","ug/m3 LC","10","Pomeroy Sewage Treatment Plant","1","100.0000","88502","Acceptable PM2.5 AQI & Speciation Mass","","","53","Washington","023","Garfield","46.4744380009419","-117.614764"
"03/24/2020","AirNow","530230001","4","2.3","ug/m3 LC","10","Pomeroy Sewage Treatment Plant","1","100.0000","88502","Acceptable PM2.5 AQI & Speciation Mass","","","53","Washington","023","Garfield","46.4744380009419","-117.614764"
"03/25/2020","AirNow","530230001","4","2.1","ug/m3 LC","9","Pomeroy Sewage Treatment Plant","1","100.0000","88502","Acceptable PM2.5 AQI & Speciation Mass","","","53","Washington","023","Garfield","46.4744380009419","-117.614764"
"03/26/2020","AirNow","530230001","4","3","ug/m3 LC","13","Pomeroy Sewage Treatment Plant","1","100.0000","88502","Acceptable PM2.5 AQI & Speciation Mass","","","53","Washington","023","Garfield","46.4744380009419","-117.614764"
"03/27/2020","AirNow","530230001","4","3.3","ug/m3 LC","14","Pomeroy Sewage Treatment Plant","1","100.0000","88502","Acceptable PM2.5 AQI & Speciation Mass","","","53","Washington","023","Garfield","46.4744380009419","-117.614764"
"03/28/2020","AirNow","530230001","4","0.3","ug/m3 LC","1","Pomeroy Sewage Treatment Plant","1","100.0000","88502","Acceptable PM2.5 AQI & Speciation Mass","","","53","Washington","023","Garfield","46.4744380009419","-117.614764"
"03/29/2020","AirNow","530230001","4","1.2","ug/m3 LC","5","Pomeroy Sewage Treatment Plant","1","100.0000","88502","Acceptable PM2.5 AQI & Speciation Mass","","","53","Washington","023","Garfield","46.4744380009419","-117.614764"
"03/30/2020","AirNow","530230001","4","0.3","ug/m3 LC","1","Pomeroy Sewage Treatment Plant","1","100.0000","88502","Acceptable PM2.5 AQI & Speciation Mass","","","53","Washington","023","Garfield","46.4744380009419","-117.614764"
"03/31/2020","AirNow","530230001","4","0.3","ug/m3 LC","1","Pomeroy Sewage Treatment Plant","1","100.0000","88502","Acceptable PM2.5 AQI & Speciation Mass","","","53","Washington","023","Garfield","46.4744380009419","-117.614764"
"04/01/2020","AirNow","530230001","4","1.1","ug/m3 LC","5","Pomeroy Sewage Treatment Plant","1","100.0000","88502","Acceptable PM2.5 AQI & Speciation Mass","","","53","Washington","023","Garfield","46.4744380009419","-117.614764"
"01/01/2020","AQS","530251002","4","1.2","ug/m3 LC","5","MOSES LAKE - BALSAM ST","1","100.0000","88502","Acceptable PM2.5 AQI & Speciation Mass","34180","Moses Lake, WA","53","Washington","025","Grant","47.1303","-119.2737"
"01/02/2020","AQS","530251002","4","1.9","ug/m3 LC","8","MOSES LAKE - BALSAM ST","1","100.0000","88502","Acceptable PM2.5 AQI & Speciation Mass","34180","Moses Lake, WA","53","Washington","025","Grant","47.1303","-119.2737"
"01/03/2020","AQS","530251002","4","2.1","ug/m3 LC","9","MOSES LAKE - BALSAM ST","1","100.0000","88502","Acceptable PM2.5 AQI & Speciation Mass","34180","Moses Lake, WA","53","Washington","025","Grant","47.1303","-119.2737"
"01/04/2020","AQS","530251002","4","2.4","ug/m3 LC","10","MOSES LAKE - BALSAM ST","1","100.0000","88502","Acceptable PM2.5 AQI & Speciation Mass","34180","Moses Lake, WA","53","Washington","025","Grant","47.1303","-119.2737"
"01/05/2020","AQS","530251002","4","2","ug/m3 LC","8","MOSES LAKE - BALSAM ST","1","100.0000","88502","Acceptable PM2.5 AQI & Speciation Mass","34180","Moses Lake, WA","53","Washington","025","Grant","47.1303","-119.2737"
"01/06/2020","AQS","530251002","4","1","ug/m3 LC","4","MOSES LAKE - BALSAM ST","1","100.0000","88502","Acceptable PM2.5 AQI & Speciation Mass","34180","Moses Lake, WA","53","Washington","025","Grant","47.1303","-119.2737"
"01/07/2020","AQS","530251002","4","1.2","ug/m3 LC","5","MOSES LAKE - BALSAM ST","1","100.0000","88502","Acceptable PM2.5 AQI & Speciation Mass","34180","Moses Lake, WA","53","Washington","025","Grant","47.1303","-119.2737"
"01/08/2020","AQS","530251002","4","2.1","ug/m3 LC","9","MOSES LAKE - BALSAM ST","1","100.0000","88502","Acceptable PM2.5 AQI & Speciation Mass","34180","Moses Lake, WA","53","Washington","025","Grant","47.1303","-119.2737"
"01/09/2020","AQS","530251002","4","3.8","ug/m3 LC","16","MOSES LAKE - BALSAM ST","1","100.0000","88502","Acceptable PM2.5 AQI & Speciation Mass","34180","Moses Lake, WA","53","Washington","025","Grant","47.1303","-119.2737"
"01/10/2020","AQS","530251002","4","3.9","ug/m3 LC","16","MOSES LAKE - BALSAM ST","1","100.0000","88502","Acceptable PM2.5 AQI & Speciation Mass","34180","Moses Lake, WA","53","Washington","025","Grant","47.1303","-119.2737"
"01/11/2020","AQS","530251002","4","5.7","ug/m3 LC","24","MOSES LAKE - BALSAM ST","1","100.0000","88502","Acceptable PM2.5 AQI & Speciation Mass","34180","Moses Lake, WA","53","Washington","025","Grant","47.1303","-119.2737"
"01/12/2020","AQS","530251002","4","1.2","ug/m3 LC","5","MOSES LAKE - BALSAM ST","1","100.0000","88502","Acceptable PM2.5 AQI & Speciation Mass","34180","Moses Lake, WA","53","Washington","025","Grant","47.1303","-119.2737"
"01/13/2020","AQS","530251002","4","2.5","ug/m3 LC","10","MOSES LAKE - BALSAM ST","1","100.0000","88502","Acceptable PM2.5 AQI & Speciation Mass","34180","Moses Lake, WA","53","Washington","025","Grant","47.1303","-119.2737"
"01/14/2020","AQS","530251002","4","3.1","ug/m3 LC","13","MOSES LAKE - BALSAM ST","1","100.0000","88502","Acceptable PM2.5 AQI & Speciation Mass","34180","Moses Lake, WA","53","Washington","025","Grant","47.1303","-119.2737"
"01/15/2020","AQS","530251002","4","5.1","ug/m3 LC","21","MOSES LAKE - BALSAM ST","1","100.0000","88502","Acceptable PM2.5 AQI & Speciation Mass","34180","Moses Lake, WA","53","Washington","025","Grant","47.1303","-119.2737"
"01/16/2020","AQS","530251002","4","5.5","ug/m3 LC","23","MOSES LAKE - BALSAM ST","1","100.0000","88502","Acceptable PM2.5 AQI & Speciation Mass","34180","Moses Lake, WA","53","Washington","025","Grant","47.1303","-119.2737"
"01/17/2020","AQS","530251002","4","13.1","ug/m3 LC","53","MOSES LAKE - BALSAM ST","1","100.0000","88502","Acceptable PM2.5 AQI & Speciation Mass","34180","Moses Lake, WA","53","Washington","025","Grant","47.1303","-119.2737"
"01/18/2020","AQS","530251002","4","7.3","ug/m3 LC","30","MOSES LAKE - BALSAM ST","1","100.0000","88502","Acceptable PM2.5 AQI & Speciation Mass","34180","Moses Lake, WA","53","Washington","025","Grant","47.1303","-119.2737"
"01/19/2020","AQS","530251002","4","5.9","ug/m3 LC","25","MOSES LAKE - BALSAM ST","1","100.0000","88502","Acceptable PM2.5 AQI & Speciation Mass","34180","Moses Lake, WA","53","Washington","025","Grant","47.1303","-119.2737"
"01/20/2020","AQS","530251002","4","5.5","ug/m3 LC","23","MOSES LAKE - BALSAM ST","1","100.0000","88502","Acceptable PM2.5 AQI & Speciation Mass","34180","Moses Lake, WA","53","Washington","025","Grant","47.1303","-119.2737"
"01/21/2020","AQS","530251002","4","7","ug/m3 LC","29","MOSES LAKE - BALSAM ST","1","100.0000","88502","Acceptable PM2.5 AQI & Speciation Mass","34180","Moses Lake, WA","53","Washington","025","Grant","47.1303","-119.2737"
"01/22/2020","AQS","530251002","4","3.1","ug/m3 LC","13","MOSES LAKE - BALSAM ST","1","100.0000","88502","Acceptable PM2.5 AQI & Speciation Mass","34180","Moses Lake, WA","53","Washington","025","Grant","47.1303","-119.2737"
"01/23/2020","AQS","530251002","4","7.4","ug/m3 LC","31","MOSES LAKE - BALSAM ST","1","100.0000","88502","Acceptable PM2.5 AQI & Speciation Mass","34180","Moses Lake, WA","53","Washington","025","Grant","47.1303","-119.2737"
"01/24/2020","AQS","530251002","4","8.1","ug/m3 LC","34","MOSES LAKE - BALSAM ST","1","100.0000","88502","Acceptable PM2.5 AQI & Speciation Mass","34180","Moses Lake, WA","53","Washington","025","Grant","47.1303","-119.2737"
"01/25/2020","AQS","530251002","4","5.5","ug/m3 LC","23","MOSES LAKE - BALSAM ST","1","100.0000","88502","Acceptable PM2.5 AQI & Speciation Mass","34180","Moses Lake, WA","53","Washington","025","Grant","47.1303","-119.2737"
"01/26/2020","AQS","530251002","4","4.8","ug/m3 LC","20","MOSES LAKE - BALSAM ST","1","100.0000","88502","Acceptable PM2.5 AQI & Speciation Mass","34180","Moses Lake, WA","53","Washington","025","Grant","47.1303","-119.2737"
"01/27/2020","AQS","530251002","4","3.3","ug/m3 LC","14","MOSES LAKE - BALSAM ST","1","100.0000","88502","Acceptable PM2.5 AQI & Speciation Mass","34180","Moses Lake, WA","53","Washington","025","Grant","47.1303","-119.2737"
"01/28/2020","AQS","530251002","4","3.2","ug/m3 LC","13","MOSES LAKE - BALSAM ST","1","100.0000","88502","Acceptable PM2.5 AQI & Speciation Mass","34180","Moses Lake, WA","53","Washington","025","Grant","47.1303","-119.2737"
"01/29/2020","AQS","530251002","4","6.2","ug/m3 LC","26","MOSES LAKE - BALSAM ST","1","100.0000","88502","Acceptable PM2.5 AQI & Speciation Mass","34180","Moses Lake, WA","53","Washington","025","Grant","47.1303","-119.2737"
"01/30/2020","AQS","530251002","4","5.3","ug/m3 LC","22","MOSES LAKE - BALSAM ST","1","100.0000","88502","Acceptable PM2.5 AQI & Speciation Mass","34180","Moses Lake, WA","53","Washington","025","Grant","47.1303","-119.2737"
"01/31/2020","AQS","530251002","4","6.7","ug/m3 LC","28","MOSES LAKE - BALSAM ST","1","100.0000","88502","Acceptable PM2.5 AQI & Speciation Mass","34180","Moses Lake, WA","53","Washington","025","Grant","47.1303","-119.2737"
"02/01/2020","AirNow","530251002","4","1.8","ug/m3 LC","8","MOSES LAKE - BALSAM ST","1","100.0000","88502","Acceptable PM2.5 AQI & Speciation Mass","34180","Moses Lake, WA","53","Washington","025","Grant","47.1303","-119.2737"
"02/02/2020","AirNow","530251002","4","3.7","ug/m3 LC","15","MOSES LAKE - BALSAM ST","1","100.0000","88502","Acceptable PM2.5 AQI & Speciation Mass","34180","Moses Lake, WA","53","Washington","025","Grant","47.1303","-119.2737"
"02/03/2020","AirNow","530251002","4","4","ug/m3 LC","17","MOSES LAKE - BALSAM ST","1","100.0000","88502","Acceptable PM2.5 AQI & Speciation Mass","34180","Moses Lake, WA","53","Washington","025","Grant","47.1303","-119.2737"
"02/04/2020","AirNow","530251002","4","3.1","ug/m3 LC","13","MOSES LAKE - BALSAM ST","1","100.0000","88502","Acceptable PM2.5 AQI & Speciation Mass","34180","Moses Lake, WA","53","Washington","025","Grant","47.1303","-119.2737"
"02/05/2020","AirNow","530251002","4","6","ug/m3 LC","25","MOSES LAKE - BALSAM ST","1","100.0000","88502","Acceptable PM2.5 AQI & Speciation Mass","34180","Moses Lake, WA","53","Washington","025","Grant","47.1303","-119.2737"
"02/06/2020","AirNow","530251002","4","8.1","ug/m3 LC","34","MOSES LAKE - BALSAM ST","1","100.0000","88502","Acceptable PM2.5 AQI & Speciation Mass","34180","Moses Lake, WA","53","Washington","025","Grant","47.1303","-119.2737"
"02/07/2020","AirNow","530251002","4","5.6","ug/m3 LC","23","MOSES LAKE - BALSAM ST","1","100.0000","88502","Acceptable PM2.5 AQI & Speciation Mass","34180","Moses Lake, WA","53","Washington","025","Grant","47.1303","-119.2737"
"02/08/2020","AirNow","530251002","4","1.6","ug/m3 LC","7","MOSES LAKE - BALSAM ST","1","100.0000","88502","Acceptable PM2.5 AQI & Speciation Mass","34180","Moses Lake, WA","53","Washington","025","Grant","47.1303","-119.2737"
"02/09/2020","AirNow","530251002","4","2.6","ug/m3 LC","11","MOSES LAKE - BALSAM ST","1","100.0000","88502","Acceptable PM2.5 AQI & Speciation Mass","34180","Moses Lake, WA","53","Washington","025","Grant","47.1303","-119.2737"
"02/10/2020","AirNow","530251002","4","4","ug/m3 LC","17","MOSES LAKE - BALSAM ST","1","100.0000","88502","Acceptable PM2.5 AQI & Speciation Mass","34180","Moses Lake, WA","53","Washington","025","Grant","47.1303","-119.2737"
"02/11/2020","AirNow","530251002","4","3.5","ug/m3 LC","15","MOSES LAKE - BALSAM ST","1","100.0000","88502","Acceptable PM2.5 AQI & Speciation Mass","34180","Moses Lake, WA","53","Washington","025","Grant","47.1303","-119.2737"
"02/12/2020","AirNow","530251002","4","2.5","ug/m3 LC","10","MOSES LAKE - BALSAM ST","1","100.0000","88502","Acceptable PM2.5 AQI & Speciation Mass","34180","Moses Lake, WA","53","Washington","025","Grant","47.1303","-119.2737"
"02/13/2020","AirNow","530251002","4","3.3","ug/m3 LC","14","MOSES LAKE - BALSAM ST","1","100.0000","88502","Acceptable PM2.5 AQI & Speciation Mass","34180","Moses Lake, WA","53","Washington","025","Grant","47.1303","-119.2737"
"02/14/2020","AirNow","530251002","4","2","ug/m3 LC","8","MOSES LAKE - BALSAM ST","1","100.0000","88502","Acceptable PM2.5 AQI & Speciation Mass","34180","Moses Lake, WA","53","Washington","025","Grant","47.1303","-119.2737"
"02/15/2020","AirNow","530251002","4","1.4","ug/m3 LC","6","MOSES LAKE - BALSAM ST","1","100.0000","88502","Acceptable PM2.5 AQI & Speciation Mass","34180","Moses Lake, WA","53","Washington","025","Grant","47.1303","-119.2737"
"02/16/2020","AirNow","530251002","4","1.5","ug/m3 LC","6","MOSES LAKE - BALSAM ST","1","100.0000","88502","Acceptable PM2.5 AQI & Speciation Mass","34180","Moses Lake, WA","53","Washington","025","Grant","47.1303","-119.2737"
"02/17/2020","AirNow","530251002","4","2.2","ug/m3 LC","9","MOSES LAKE - BALSAM ST","1","100.0000","88502","Acceptable PM2.5 AQI & Speciation Mass","34180","Moses Lake, WA","53","Washington","025","Grant","47.1303","-119.2737"
"02/18/2020","AirNow","530251002","4","2.8","ug/m3 LC","12","MOSES LAKE - BALSAM ST","1","100.0000","88502","Acceptable PM2.5 AQI & Speciation Mass","34180","Moses Lake, WA","53","Washington","025","Grant","47.1303","-119.2737"
"02/19/2020","AirNow","530251002","4","3.4","ug/m3 LC","14","MOSES LAKE - BALSAM ST","1","100.0000","88502","Acceptable PM2.5 AQI & Speciation Mass","34180","Moses Lake, WA","53","Washington","025","Grant","47.1303","-119.2737"
"02/20/2020","AirNow","530251002","4","5.2","ug/m3 LC","22","MOSES LAKE - BALSAM ST","1","100.0000","88502","Acceptable PM2.5 AQI & Speciation Mass","34180","Moses Lake, WA","53","Washington","025","Grant","47.1303","-119.2737"
"02/21/2020","AirNow","530251002","4","7.2","ug/m3 LC","30","MOSES LAKE - BALSAM ST","1","100.0000","88502","Acceptable PM2.5 AQI & Speciation Mass","34180","Moses Lake, WA","53","Washington","025","Grant","47.1303","-119.2737"
"02/22/2020","AirNow","530251002","4","7.8","ug/m3 LC","33","MOSES LAKE - BALSAM ST","1","100.0000","88502","Acceptable PM2.5 AQI & Speciation Mass","34180","Moses Lake, WA","53","Washington","025","Grant","47.1303","-119.2737"
"02/23/2020","AirNow","530251002","4","3.9","ug/m3 LC","16","MOSES LAKE - BALSAM ST","1","100.0000","88502","Acceptable PM2.5 AQI & Speciation Mass","34180","Moses Lake, WA","53","Washington","025","Grant","47.1303","-119.2737"
"02/24/2020","AirNow","530251002","4","4.2","ug/m3 LC","18","MOSES LAKE - BALSAM ST","1","100.0000","88502","Acceptable PM2.5 AQI & Speciation Mass","34180","Moses Lake, WA","53","Washington","025","Grant","47.1303","-119.2737"
"02/25/2020","AirNow","530251002","4","4.8","ug/m3 LC","20","MOSES LAKE - BALSAM ST","1","100.0000","88502","Acceptable PM2.5 AQI & Speciation Mass","34180","Moses Lake, WA","53","Washington","025","Grant","47.1303","-119.2737"
"02/26/2020","AirNow","530251002","4","5.1","ug/m3 LC","21","MOSES LAKE - BALSAM ST","1","100.0000","88502","Acceptable PM2.5 AQI & Speciation Mass","34180","Moses Lake, WA","53","Washington","025","Grant","47.1303","-119.2737"
"02/27/2020","AirNow","530251002","4","4.3","ug/m3 LC","18","MOSES LAKE - BALSAM ST","1","100.0000","88502","Acceptable PM2.5 AQI & Speciation Mass","34180","Moses Lake, WA","53","Washington","025","Grant","47.1303","-119.2737"
"02/28/2020","AirNow","530251002","4","4.3","ug/m3 LC","18","MOSES LAKE - BALSAM ST","1","100.0000","88502","Acceptable PM2.5 AQI & Speciation Mass","34180","Moses Lake, WA","53","Washington","025","Grant","47.1303","-119.2737"
"02/29/2020","AirNow","530251002","4","1.3","ug/m3 LC","5","MOSES LAKE - BALSAM ST","1","100.0000","88502","Acceptable PM2.5 AQI & Speciation Mass","34180","Moses Lake, WA","53","Washington","025","Grant","47.1303","-119.2737"
"03/01/2020","AirNow","530251002","4","2","ug/m3 LC","8","MOSES LAKE - BALSAM ST","1","100.0000","88502","Acceptable PM2.5 AQI & Speciation Mass","34180","Moses Lake, WA","53","Washington","025","Grant","47.1303","-119.2737"
"03/02/2020","AirNow","530251002","4","2","ug/m3 LC","8","MOSES LAKE - BALSAM ST","1","100.0000","88502","Acceptable PM2.5 AQI & Speciation Mass","34180","Moses Lake, WA","53","Washington","025","Grant","47.1303","-119.2737"
"03/03/2020","AirNow","530251002","4","1.5","ug/m3 LC","6","MOSES LAKE - BALSAM ST","1","100.0000","88502","Acceptable PM2.5 AQI & Speciation Mass","34180","Moses Lake, WA","53","Washington","025","Grant","47.1303","-119.2737"
"03/04/2020","AirNow","530251002","4","2.5","ug/m3 LC","10","MOSES LAKE - BALSAM ST","1","100.0000","88502","Acceptable PM2.5 AQI & Speciation Mass","34180","Moses Lake, WA","53","Washington","025","Grant","47.1303","-119.2737"
"03/05/2020","AirNow","530251002","4","5.1","ug/m3 LC","21","MOSES LAKE - BALSAM ST","1","100.0000","88502","Acceptable PM2.5 AQI & Speciation Mass","34180","Moses Lake, WA","53","Washington","025","Grant","47.1303","-119.2737"
"03/06/2020","AirNow","530251002","4","6.2","ug/m3 LC","26","MOSES LAKE - BALSAM ST","1","100.0000","88502","Acceptable PM2.5 AQI & Speciation Mass","34180","Moses Lake, WA","53","Washington","025","Grant","47.1303","-119.2737"
"03/07/2020","AirNow","530251002","4","2.3","ug/m3 LC","10","MOSES LAKE - BALSAM ST","1","100.0000","88502","Acceptable PM2.5 AQI & Speciation Mass","34180","Moses Lake, WA","53","Washington","025","Grant","47.1303","-119.2737"
"03/08/2020","AirNow","530251002","4","2.3","ug/m3 LC","10","MOSES LAKE - BALSAM ST","1","100.0000","88502","Acceptable PM2.5 AQI & Speciation Mass","34180","Moses Lake, WA","53","Washington","025","Grant","47.1303","-119.2737"
"03/09/2020","AirNow","530251002","4","3.1","ug/m3 LC","13","MOSES LAKE - BALSAM ST","1","100.0000","88502","Acceptable PM2.5 AQI & Speciation Mass","34180","Moses Lake, WA","53","Washington","025","Grant","47.1303","-119.2737"
"03/10/2020","AirNow","530251002","4","4.3","ug/m3 LC","18","MOSES LAKE - BALSAM ST","1","100.0000","88502","Acceptable PM2.5 AQI & Speciation Mass","34180","Moses Lake, WA","53","Washington","025","Grant","47.1303","-119.2737"
"03/11/2020","AirNow","530251002","4","1.8","ug/m3 LC","8","MOSES LAKE - BALSAM ST","1","100.0000","88502","Acceptable PM2.5 AQI & Speciation Mass","34180","Moses Lake, WA","53","Washington","025","Grant","47.1303","-119.2737"
"03/12/2020","AirNow","530251002","4","3.2","ug/m3 LC","13","MOSES LAKE - BALSAM ST","1","100.0000","88502","Acceptable PM2.5 AQI & Speciation Mass","34180","Moses Lake, WA","53","Washington","025","Grant","47.1303","-119.2737"
"03/13/2020","AirNow","530251002","4","3.5","ug/m3 LC","15","MOSES LAKE - BALSAM ST","1","100.0000","88502","Acceptable PM2.5 AQI & Speciation Mass","34180","Moses Lake, WA","53","Washington","025","Grant","47.1303","-119.2737"
"03/14/2020","AirNow","530251002","4","2.7","ug/m3 LC","11","MOSES LAKE - BALSAM ST","1","100.0000","88502","Acceptable PM2.5 AQI & Speciation Mass","34180","Moses Lake, WA","53","Washington","025","Grant","47.1303","-119.2737"
"03/15/2020","AirNow","530251002","4","3.1","ug/m3 LC","13","MOSES LAKE - BALSAM ST","1","100.0000","88502","Acceptable PM2.5 AQI & Speciation Mass","34180","Moses Lake, WA","53","Washington","025","Grant","47.1303","-119.2737"
"03/16/2020","AirNow","530251002","4","3.4","ug/m3 LC","14","MOSES LAKE - BALSAM ST","1","100.0000","88502","Acceptable PM2.5 AQI & Speciation Mass","34180","Moses Lake, WA","53","Washington","025","Grant","47.1303","-119.2737"
"03/17/2020","AirNow","530251002","4","8.3","ug/m3 LC","35","MOSES LAKE - BALSAM ST","1","100.0000","88502","Acceptable PM2.5 AQI & Speciation Mass","34180","Moses Lake, WA","53","Washington","025","Grant","47.1303","-119.2737"
"03/18/2020","AirNow","530251002","4","4.6","ug/m3 LC","19","MOSES LAKE - BALSAM ST","1","100.0000","88502","Acceptable PM2.5 AQI & Speciation Mass","34180","Moses Lake, WA","53","Washington","025","Grant","47.1303","-119.2737"
"03/19/2020","AirNow","530251002","4","9","ug/m3 LC","38","MOSES LAKE - BALSAM ST","1","100.0000","88502","Acceptable PM2.5 AQI & Speciation Mass","34180","Moses Lake, WA","53","Washington","025","Grant","47.1303","-119.2737"
"03/20/2020","AirNow","530251002","4","6.5","ug/m3 LC","27","MOSES LAKE - BALSAM ST","1","100.0000","88502","Acceptable PM2.5 AQI & Speciation Mass","34180","Moses Lake, WA","53","Washington","025","Grant","47.1303","-119.2737"
"03/21/2020","AirNow","530251002","4","7","ug/m3 LC","29","MOSES LAKE - BALSAM ST","1","100.0000","88502","Acceptable PM2.5 AQI & Speciation Mass","34180","Moses Lake, WA","53","Washington","025","Grant","47.1303","-119.2737"
"03/22/2020","AirNow","530251002","4","5","ug/m3 LC","21","MOSES LAKE - BALSAM ST","1","100.0000","88502","Acceptable PM2.5 AQI & Speciation Mass","34180","Moses Lake, WA","53","Washington","025","Grant","47.1303","-119.2737"
"03/23/2020","AirNow","530251002","4","2.7","ug/m3 LC","11","MOSES LAKE - BALSAM ST","1","100.0000","88502","Acceptable PM2.5 AQI & Speciation Mass","34180","Moses Lake, WA","53","Washington","025","Grant","47.1303","-119.2737"
"03/24/2020","AirNow","530251002","4","1.7","ug/m3 LC","7","MOSES LAKE - BALSAM ST","1","100.0000","88502","Acceptable PM2.5 AQI & Speciation Mass","34180","Moses Lake, WA","53","Washington","025","Grant","47.1303","-119.2737"
"03/25/2020","AirNow","530251002","4","2.5","ug/m3 LC","10","MOSES LAKE - BALSAM ST","1","100.0000","88502","Acceptable PM2.5 AQI & Speciation Mass","34180","Moses Lake, WA","53","Washington","025","Grant","47.1303","-119.2737"
"03/26/2020","AirNow","530251002","4","3.3","ug/m3 LC","14","MOSES LAKE - BALSAM ST","1","100.0000","88502","Acceptable PM2.5 AQI & Speciation Mass","34180","Moses Lake, WA","53","Washington","025","Grant","47.1303","-119.2737"
"03/27/2020","AirNow","530251002","4","3.3","ug/m3 LC","14","MOSES LAKE - BALSAM ST","1","100.0000","88502","Acceptable PM2.5 AQI & Speciation Mass","34180","Moses Lake, WA","53","Washington","025","Grant","47.1303","-119.2737"
"03/28/2020","AirNow","530251002","4","0.7","ug/m3 LC","3","MOSES LAKE - BALSAM ST","1","100.0000","88502","Acceptable PM2.5 AQI & Speciation Mass","34180","Moses Lake, WA","53","Washington","025","Grant","47.1303","-119.2737"
"03/30/2020","AirNow","530251002","4","1","ug/m3 LC","4","MOSES LAKE - BALSAM ST","1","100.0000","88502","Acceptable PM2.5 AQI & Speciation Mass","34180","Moses Lake, WA","53","Washington","025","Grant","47.1303","-119.2737"
"03/31/2020","AirNow","530251002","4","1.9","ug/m3 LC","8","MOSES LAKE - BALSAM ST","1","100.0000","88502","Acceptable PM2.5 AQI & Speciation Mass","34180","Moses Lake, WA","53","Washington","025","Grant","47.1303","-119.2737"
"04/01/2020","AirNow","530251002","4","2.6","ug/m3 LC","11","MOSES LAKE - BALSAM ST","1","100.0000","88502","Acceptable PM2.5 AQI & Speciation Mass","34180","Moses Lake, WA","53","Washington","025","Grant","47.1303","-119.2737"
"04/02/2020","AirNow","530251002","4","3.6","ug/m3 LC","15","MOSES LAKE - BALSAM ST","1","100.0000","88502","Acceptable PM2.5 AQI & Speciation Mass","34180","Moses Lake, WA","53","Washington","025","Grant","47.1303","-119.2737"
"04/03/2020","AirNow","530251002","4","1.4","ug/m3 LC","6","MOSES LAKE - BALSAM ST","1","100.0000","88502","Acceptable PM2.5 AQI & Speciation Mass","34180","Moses Lake, WA","53","Washington","025","Grant","47.1303","-119.2737"
"04/04/2020","AirNow","530251002","4","2.5","ug/m3 LC","10","MOSES LAKE - BALSAM ST","1","100.0000","88502","Acceptable PM2.5 AQI & Speciation Mass","34180","Moses Lake, WA","53","Washington","025","Grant","47.1303","-119.2737"
"04/05/2020","AirNow","530251002","4","3.2","ug/m3 LC","13","MOSES LAKE - BALSAM ST","1","100.0000","88502","Acceptable PM2.5 AQI & Speciation Mass","34180","Moses Lake, WA","53","Washington","025","Grant","47.1303","-119.2737"
"04/06/2020","AirNow","530251002","4","4.3","ug/m3 LC","18","MOSES LAKE - BALSAM ST","1","100.0000","88502","Acceptable PM2.5 AQI & Speciation Mass","34180","Moses Lake, WA","53","Washington","025","Grant","47.1303","-119.2737"
"04/07/2020","AirNow","530251002","4","5.2","ug/m3 LC","22","MOSES LAKE - BALSAM ST","1","100.0000","88502","Acceptable PM2.5 AQI & Speciation Mass","34180","Moses Lake, WA","53","Washington","025","Grant","47.1303","-119.2737"
"04/08/2020","AirNow","530251002","4","6.5","ug/m3 LC","27","MOSES LAKE - BALSAM ST","1","100.0000","88502","Acceptable PM2.5 AQI & Speciation Mass","34180","Moses Lake, WA","53","Washington","025","Grant","47.1303","-119.2737"
"04/09/2020","AirNow","530251002","4","5.8","ug/m3 LC","24","MOSES LAKE - BALSAM ST","1","100.0000","88502","Acceptable PM2.5 AQI & Speciation Mass","34180","Moses Lake, WA","53","Washington","025","Grant","47.1303","-119.2737"
"04/10/2020","AirNow","530251002","4","4.9","ug/m3 LC","20","MOSES LAKE - BALSAM ST","1","100.0000","88502","Acceptable PM2.5 AQI & Speciation Mass","34180","Moses Lake, WA","53","Washington","025","Grant","47.1303","-119.2737"
"04/11/2020","AirNow","530251002","4","3","ug/m3 LC","13","MOSES LAKE - BALSAM ST","1","100.0000","88502","Acceptable PM2.5 AQI & Speciation Mass","34180","Moses Lake, WA","53","Washington","025","Grant","47.1303","-119.2737"
"04/12/2020","AirNow","530251002","4","4.8","ug/m3 LC","20","MOSES LAKE - BALSAM ST","1","100.0000","88502","Acceptable PM2.5 AQI & Speciation Mass","34180","Moses Lake, WA","53","Washington","025","Grant","47.1303","-119.2737"
"04/13/2020","AirNow","530251002","4","4.1","ug/m3 LC","17","MOSES LAKE - BALSAM ST","1","100.0000","88502","Acceptable PM2.5 AQI & Speciation Mass","34180","Moses Lake, WA","53","Washington","025","Grant","47.1303","-119.2737"
"04/14/2020","AirNow","530251002","4","3.8","ug/m3 LC","16","MOSES LAKE - BALSAM ST","1","100.0000","88502","Acceptable PM2.5 AQI & Speciation Mass","34180","Moses Lake, WA","53","Washington","025","Grant","47.1303","-119.2737"
"04/15/2020","AirNow","530251002","4","2.2","ug/m3 LC","9","MOSES LAKE - BALSAM ST","1","100.0000","88502","Acceptable PM2.5 AQI & Speciation Mass","34180","Moses Lake, WA","53","Washington","025","Grant","47.1303","-119.2737"
"04/16/2020","AirNow","530251002","4","3.7","ug/m3 LC","15","MOSES LAKE - BALSAM ST","1","100.0000","88502","Acceptable PM2.5 AQI & Speciation Mass","34180","Moses Lake, WA","53","Washington","025","Grant","47.1303","-119.2737"
"04/17/2020","AirNow","530251002","4","3.8","ug/m3 LC","16","MOSES LAKE - BALSAM ST","1","100.0000","88502","Acceptable PM2.5 AQI & Speciation Mass","34180","Moses Lake, WA","53","Washington","025","Grant","47.1303","-119.2737"
"04/18/2020","AirNow","530251002","4","3.1","ug/m3 LC","13","MOSES LAKE - BALSAM ST","1","100.0000","88502","Acceptable PM2.5 AQI & Speciation Mass","34180","Moses Lake, WA","53","Washington","025","Grant","47.1303","-119.2737"
"04/19/2020","AirNow","530251002","4","3.9","ug/m3 LC","16","MOSES LAKE - BALSAM ST","1","100.0000","88502","Acceptable PM2.5 AQI & Speciation Mass","34180","Moses Lake, WA","53","Washington","025","Grant","47.1303","-119.2737"
"04/20/2020","AirNow","530251002","4","4","ug/m3 LC","17","MOSES LAKE - BALSAM ST","1","100.0000","88502","Acceptable PM2.5 AQI & Speciation Mass","34180","Moses Lake, WA","53","Washington","025","Grant","47.1303","-119.2737"
"04/21/2020","AirNow","530251002","4","3.5","ug/m3 LC","15","MOSES LAKE - BALSAM ST","1","100.0000","88502","Acceptable PM2.5 AQI & Speciation Mass","34180","Moses Lake, WA","53","Washington","025","Grant","47.1303","-119.2737"
"04/22/2020","AirNow","530251002","4","2.6","ug/m3 LC","11","MOSES LAKE - BALSAM ST","1","100.0000","88502","Acceptable PM2.5 AQI & Speciation Mass","34180","Moses Lake, WA","53","Washington","025","Grant","47.1303","-119.2737"
"04/23/2020","AirNow","530251002","4","1.4","ug/m3 LC","6","MOSES LAKE - BALSAM ST","1","100.0000","88502","Acceptable PM2.5 AQI & Speciation Mass","34180","Moses Lake, WA","53","Washington","025","Grant","47.1303","-119.2737"
"04/24/2020","AirNow","530251002","4","2.9","ug/m3 LC","12","MOSES LAKE - BALSAM ST","1","100.0000","88502","Acceptable PM2.5 AQI & Speciation Mass","34180","Moses Lake, WA","53","Washington","025","Grant","47.1303","-119.2737"
"04/25/2020","AirNow","530251002","4","3.4","ug/m3 LC","14","MOSES LAKE - BALSAM ST","1","100.0000","88502","Acceptable PM2.5 AQI & Speciation Mass","34180","Moses Lake, WA","53","Washington","025","Grant","47.1303","-119.2737"
"04/26/2020","AirNow","530251002","4","3.4","ug/m3 LC","14","MOSES LAKE - BALSAM ST","1","100.0000","88502","Acceptable PM2.5 AQI & Speciation Mass","34180","Moses Lake, WA","53","Washington","025","Grant","47.1303","-119.2737"
"04/27/2020","AirNow","530251002","4","2.4","ug/m3 LC","10","MOSES LAKE - BALSAM ST","1","100.0000","88502","Acceptable PM2.5 AQI & Speciation Mass","34180","Moses Lake, WA","53","Washington","025","Grant","47.1303","-119.2737"
"04/28/2020","AirNow","530251002","4","4.8","ug/m3 LC","20","MOSES LAKE - BALSAM ST","1","100.0000","88502","Acceptable PM2.5 AQI & Speciation Mass","34180","Moses Lake, WA","53","Washington","025","Grant","47.1303","-119.2737"
"04/29/2020","AirNow","530251002","4","4.7","ug/m3 LC","20","MOSES LAKE - BALSAM ST","1","100.0000","88502","Acceptable PM2.5 AQI & Speciation Mass","34180","Moses Lake, WA","53","Washington","025","Grant","47.1303","-119.2737"
"04/30/2020","AirNow","530251002","4","1.5","ug/m3 LC","6","MOSES LAKE - BALSAM ST","1","100.0000","88502","Acceptable PM2.5 AQI & Speciation Mass","34180","Moses Lake, WA","53","Washington","025","Grant","47.1303","-119.2737"
"05/01/2020","AirNow","530251002","4","2.5","ug/m3 LC","10","MOSES LAKE - BALSAM ST","1","100.0000","88502","Acceptable PM2.5 AQI & Speciation Mass","34180","Moses Lake, WA","53","Washington","025","Grant","47.1303","-119.2737"
"05/02/2020","AirNow","530251002","4","3.3","ug/m3 LC","14","MOSES LAKE - BALSAM ST","1","100.0000","88502","Acceptable PM2.5 AQI & Speciation Mass","34180","Moses Lake, WA","53","Washington","025","Grant","47.1303","-119.2737"
"01/01/2020","AQS","530251003","4","1","ug/m3 LC","4","Quincy-3rd Ave NE","1","100.0000","88502","Acceptable PM2.5 AQI & Speciation Mass","34180","Moses Lake, WA","53","Washington","025","Grant","47.2411530009402","-119.847824"
"01/02/2020","AQS","530251003","4","1.8","ug/m3 LC","8","Quincy-3rd Ave NE","1","100.0000","88502","Acceptable PM2.5 AQI & Speciation Mass","34180","Moses Lake, WA","53","Washington","025","Grant","47.2411530009402","-119.847824"
"01/03/2020","AQS","530251003","4","2.8","ug/m3 LC","12","Quincy-3rd Ave NE","1","100.0000","88502","Acceptable PM2.5 AQI & Speciation Mass","34180","Moses Lake, WA","53","Washington","025","Grant","47.2411530009402","-119.847824"
"01/04/2020","AQS","530251003","4","1.3","ug/m3 LC","5","Quincy-3rd Ave NE","1","100.0000","88502","Acceptable PM2.5 AQI & Speciation Mass","34180","Moses Lake, WA","53","Washington","025","Grant","47.2411530009402","-119.847824"
"01/05/2020","AQS","530251003","4","1.3","ug/m3 LC","5","Quincy-3rd Ave NE","1","100.0000","88502","Acceptable PM2.5 AQI & Speciation Mass","34180","Moses Lake, WA","53","Washington","025","Grant","47.2411530009402","-119.847824"
"01/06/2020","AQS","530251003","4","1.3","ug/m3 LC","5","Quincy-3rd Ave NE","1","100.0000","88502","Acceptable PM2.5 AQI & Speciation Mass","34180","Moses Lake, WA","53","Washington","025","Grant","47.2411530009402","-119.847824"
"01/07/2020","AQS","530251003","4","0.8","ug/m3 LC","3","Quincy-3rd Ave NE","1","100.0000","88502","Acceptable PM2.5 AQI & Speciation Mass","34180","Moses Lake, WA","53","Washington","025","Grant","47.2411530009402","-119.847824"
"01/08/2020","AQS","530251003","4","1.5","ug/m3 LC","6","Quincy-3rd Ave NE","1","100.0000","88502","Acceptable PM2.5 AQI & Speciation Mass","34180","Moses Lake, WA","53","Washington","025","Grant","47.2411530009402","-119.847824"
"01/09/2020","AQS","530251003","4","2.1","ug/m3 LC","9","Quincy-3rd Ave NE","1","100.0000","88502","Acceptable PM2.5 AQI & Speciation Mass","34180","Moses Lake, WA","53","Washington","025","Grant","47.2411530009402","-119.847824"
"01/10/2020","AQS","530251003","4","3.6","ug/m3 LC","15","Quincy-3rd Ave NE","1","100.0000","88502","Acceptable PM2.5 AQI & Speciation Mass","34180","Moses Lake, WA","53","Washington","025","Grant","47.2411530009402","-119.847824"
"01/11/2020","AQS","530251003","4","3.9","ug/m3 LC","16","Quincy-3rd Ave NE","1","100.0000","88502","Acceptable PM2.5 AQI & Speciation Mass","34180","Moses Lake, WA","53","Washington","025","Grant","47.2411530009402","-119.847824"
"01/12/2020","AQS","530251003","4","1.2","ug/m3 LC","5","Quincy-3rd Ave NE","1","100.0000","88502","Acceptable PM2.5 AQI & Speciation Mass","34180","Moses Lake, WA","53","Washington","025","Grant","47.2411530009402","-119.847824"
"01/13/2020","AQS","530251003","4","1.7","ug/m3 LC","7","Quincy-3rd Ave NE","1","100.0000","88502","Acceptable PM2.5 AQI & Speciation Mass","34180","Moses Lake, WA","53","Washington","025","Grant","47.2411530009402","-119.847824"
"01/14/2020","AQS","530251003","4","2.5","ug/m3 LC","10","Quincy-3rd Ave NE","1","100.0000","88502","Acceptable PM2.5 AQI & Speciation Mass","34180","Moses Lake, WA","53","Washington","025","Grant","47.2411530009402","-119.847824"
"01/15/2020","AQS","530251003","4","4.4","ug/m3 LC","18","Quincy-3rd Ave NE","1","100.0000","88502","Acceptable PM2.5 AQI & Speciation Mass","34180","Moses Lake, WA","53","Washington","025","Grant","47.2411530009402","-119.847824"
"01/16/2020","AQS","530251003","4","2.4","ug/m3 LC","10","Quincy-3rd Ave NE","1","100.0000","88502","Acceptable PM2.5 AQI & Speciation Mass","34180","Moses Lake, WA","53","Washington","025","Grant","47.2411530009402","-119.847824"
"01/17/2020","AQS","530251003","4","6.6","ug/m3 LC","28","Quincy-3rd Ave NE","1","100.0000","88502","Acceptable PM2.5 AQI & Speciation Mass","34180","Moses Lake, WA","53","Washington","025","Grant","47.2411530009402","-119.847824"
"01/18/2020","AQS","530251003","4","4.5","ug/m3 LC","19","Quincy-3rd Ave NE","1","100.0000","88502","Acceptable PM2.5 AQI & Speciation Mass","34180","Moses Lake, WA","53","Washington","025","Grant","47.2411530009402","-119.847824"
"01/19/2020","AQS","530251003","4","2.4","ug/m3 LC","10","Quincy-3rd Ave NE","1","100.0000","88502","Acceptable PM2.5 AQI & Speciation Mass","34180","Moses Lake, WA","53","Washington","025","Grant","47.2411530009402","-119.847824"
"01/20/2020","AQS","530251003","4","3.4","ug/m3 LC","14","Quincy-3rd Ave NE","1","100.0000","88502","Acceptable PM2.5 AQI & Speciation Mass","34180","Moses Lake, WA","53","Washington","025","Grant","47.2411530009402","-119.847824"
"01/21/2020","AQS","530251003","4","6.1","ug/m3 LC","25","Quincy-3rd Ave NE","1","100.0000","88502","Acceptable PM2.5 AQI & Speciation Mass","34180","Moses Lake, WA","53","Washington","025","Grant","47.2411530009402","-119.847824"
"01/22/2020","AQS","530251003","4","3.9","ug/m3 LC","16","Quincy-3rd Ave NE","1","100.0000","88502","Acceptable PM2.5 AQI & Speciation Mass","34180","Moses Lake, WA","53","Washington","025","Grant","47.2411530009402","-119.847824"
"01/23/2020","AQS","530251003","4","5.3","ug/m3 LC","22","Quincy-3rd Ave NE","1","100.0000","88502","Acceptable PM2.5 AQI & Speciation Mass","34180","Moses Lake, WA","53","Washington","025","Grant","47.2411530009402","-119.847824"
"01/24/2020","AQS","530251003","4","4.1","ug/m3 LC","17","Quincy-3rd Ave NE","1","100.0000","88502","Acceptable PM2.5 AQI & Speciation Mass","34180","Moses Lake, WA","53","Washington","025","Grant","47.2411530009402","-119.847824"
"01/25/2020","AQS","530251003","4","3.9","ug/m3 LC","16","Quincy-3rd Ave NE","1","100.0000","88502","Acceptable PM2.5 AQI & Speciation Mass","34180","Moses Lake, WA","53","Washington","025","Grant","47.2411530009402","-119.847824"
"01/26/2020","AQS","530251003","4","2","ug/m3 LC","8","Quincy-3rd Ave NE","1","100.0000","88502","Acceptable PM2.5 AQI & Speciation Mass","34180","Moses Lake, WA","53","Washington","025","Grant","47.2411530009402","-119.847824"
"01/27/2020","AQS","530251003","4","3.2","ug/m3 LC","13","Quincy-3rd Ave NE","1","100.0000","88502","Acceptable PM2.5 AQI & Speciation Mass","34180","Moses Lake, WA","53","Washington","025","Grant","47.2411530009402","-119.847824"
"01/28/2020","AQS","530251003","4","0.9","ug/m3 LC","4","Quincy-3rd Ave NE","1","100.0000","88502","Acceptable PM2.5 AQI & Speciation Mass","34180","Moses Lake, WA","53","Washington","025","Grant","47.2411530009402","-119.847824"
"01/29/2020","AQS","530251003","4","4.2","ug/m3 LC","18","Quincy-3rd Ave NE","1","100.0000","88502","Acceptable PM2.5 AQI & Speciation Mass","34180","Moses Lake, WA","53","Washington","025","Grant","47.2411530009402","-119.847824"
"01/30/2020","AQS","530251003","4","4.3","ug/m3 LC","18","Quincy-3rd Ave NE","1","100.0000","88502","Acceptable PM2.5 AQI & Speciation Mass","34180","Moses Lake, WA","53","Washington","025","Grant","47.2411530009402","-119.847824"
"01/31/2020","AQS","530251003","4","3.9","ug/m3 LC","16","Quincy-3rd Ave NE","1","100.0000","88502","Acceptable PM2.5 AQI & Speciation Mass","34180","Moses Lake, WA","53","Washington","025","Grant","47.2411530009402","-119.847824"
"02/01/2020","AirNow","530251003","4","0.8","ug/m3 LC","3","Quincy-3rd Ave NE","1","100.0000","88502","Acceptable PM2.5 AQI & Speciation Mass","34180","Moses Lake, WA","53","Washington","025","Grant","47.2411530009402","-119.847824"
"02/02/2020","AirNow","530251003","4","1.2","ug/m3 LC","5","Quincy-3rd Ave NE","1","100.0000","88502","Acceptable PM2.5 AQI & Speciation Mass","34180","Moses Lake, WA","53","Washington","025","Grant","47.2411530009402","-119.847824"
"02/03/2020","AirNow","530251003","4","1.1","ug/m3 LC","5","Quincy-3rd Ave NE","1","100.0000","88502","Acceptable PM2.5 AQI & Speciation Mass","34180","Moses Lake, WA","53","Washington","025","Grant","47.2411530009402","-119.847824"
"02/04/2020","AirNow","530251003","4","2.4","ug/m3 LC","10","Quincy-3rd Ave NE","1","100.0000","88502","Acceptable PM2.5 AQI & Speciation Mass","34180","Moses Lake, WA","53","Washington","025","Grant","47.2411530009402","-119.847824"
"02/05/2020","AirNow","530251003","4","5.5","ug/m3 LC","23","Quincy-3rd Ave NE","1","100.0000","88502","Acceptable PM2.5 AQI & Speciation Mass","34180","Moses Lake, WA","53","Washington","025","Grant","47.2411530009402","-119.847824"
"02/06/2020","AirNow","530251003","4","6.6","ug/m3 LC","28","Quincy-3rd Ave NE","1","100.0000","88502","Acceptable PM2.5 AQI & Speciation Mass","34180","Moses Lake, WA","53","Washington","025","Grant","47.2411530009402","-119.847824"
"02/07/2020","AirNow","530251003","4","4.8","ug/m3 LC","20","Quincy-3rd Ave NE","1","100.0000","88502","Acceptable PM2.5 AQI & Speciation Mass","34180","Moses Lake, WA","53","Washington","025","Grant","47.2411530009402","-119.847824"
"02/08/2020","AirNow","530251003","4","1","ug/m3 LC","4","Quincy-3rd Ave NE","1","100.0000","88502","Acceptable PM2.5 AQI & Speciation Mass","34180","Moses Lake, WA","53","Washington","025","Grant","47.2411530009402","-119.847824"
"02/09/2020","AirNow","530251003","4","1.4","ug/m3 LC","6","Quincy-3rd Ave NE","1","100.0000","88502","Acceptable PM2.5 AQI & Speciation Mass","34180","Moses Lake, WA","53","Washington","025","Grant","47.2411530009402","-119.847824"
"02/10/2020","AirNow","530251003","4","2.1","ug/m3 LC","9","Quincy-3rd Ave NE","1","100.0000","88502","Acceptable PM2.5 AQI & Speciation Mass","34180","Moses Lake, WA","53","Washington","025","Grant","47.2411530009402","-119.847824"
"02/11/2020","AirNow","530251003","4","2.1","ug/m3 LC","9","Quincy-3rd Ave NE","1","100.0000","88502","Acceptable PM2.5 AQI & Speciation Mass","34180","Moses Lake, WA","53","Washington","025","Grant","47.2411530009402","-119.847824"
"02/12/2020","AirNow","530251003","4","0.9","ug/m3 LC","4","Quincy-3rd Ave NE","1","100.0000","88502","Acceptable PM2.5 AQI & Speciation Mass","34180","Moses Lake, WA","53","Washington","025","Grant","47.2411530009402","-119.847824"
"02/13/2020","AirNow","530251003","4","3.1","ug/m3 LC","13","Quincy-3rd Ave NE","1","100.0000","88502","Acceptable PM2.5 AQI & Speciation Mass","34180","Moses Lake, WA","53","Washington","025","Grant","47.2411530009402","-119.847824"
"02/14/2020","AirNow","530251003","4","1.4","ug/m3 LC","6","Quincy-3rd Ave NE","1","100.0000","88502","Acceptable PM2.5 AQI & Speciation Mass","34180","Moses Lake, WA","53","Washington","025","Grant","47.2411530009402","-119.847824"
"02/15/2020","AirNow","530251003","4","1.6","ug/m3 LC","7","Quincy-3rd Ave NE","1","100.0000","88502","Acceptable PM2.5 AQI & Speciation Mass","34180","Moses Lake, WA","53","Washington","025","Grant","47.2411530009402","-119.847824"
"02/16/2020","AirNow","530251003","4","0.8","ug/m3 LC","3","Quincy-3rd Ave NE","1","100.0000","88502","Acceptable PM2.5 AQI & Speciation Mass","34180","Moses Lake, WA","53","Washington","025","Grant","47.2411530009402","-119.847824"
"02/17/2020","AirNow","530251003","4","1.3","ug/m3 LC","5","Quincy-3rd Ave NE","1","100.0000","88502","Acceptable PM2.5 AQI & Speciation Mass","34180","Moses Lake, WA","53","Washington","025","Grant","47.2411530009402","-119.847824"
"02/18/2020","AirNow","530251003","4","1.1","ug/m3 LC","5","Quincy-3rd Ave NE","1","100.0000","88502","Acceptable PM2.5 AQI & Speciation Mass","34180","Moses Lake, WA","53","Washington","025","Grant","47.2411530009402","-119.847824"
"02/19/2020","AirNow","530251003","4","2.9","ug/m3 LC","12","Quincy-3rd Ave NE","1","100.0000","88502","Acceptable PM2.5 AQI & Speciation Mass","34180","Moses Lake, WA","53","Washington","025","Grant","47.2411530009402","-119.847824"
"02/20/2020","AirNow","530251003","4","3.7","ug/m3 LC","15","Quincy-3rd Ave NE","1","100.0000","88502","Acceptable PM2.5 AQI & Speciation Mass","34180","Moses Lake, WA","53","Washington","025","Grant","47.2411530009402","-119.847824"
"02/21/2020","AirNow","530251003","4","6.5","ug/m3 LC","27","Quincy-3rd Ave NE","1","100.0000","88502","Acceptable PM2.5 AQI & Speciation Mass","34180","Moses Lake, WA","53","Washington","025","Grant","47.2411530009402","-119.847824"
"02/22/2020","AirNow","530251003","4","6.4","ug/m3 LC","27","Quincy-3rd Ave NE","1","100.0000","88502","Acceptable PM2.5 AQI & Speciation Mass","34180","Moses Lake, WA","53","Washington","025","Grant","47.2411530009402","-119.847824"
"02/23/2020","AirNow","530251003","4","2","ug/m3 LC","8","Quincy-3rd Ave NE","1","100.0000","88502","Acceptable PM2.5 AQI & Speciation Mass","34180","Moses Lake, WA","53","Washington","025","Grant","47.2411530009402","-119.847824"
"02/24/2020","AirNow","530251003","4","1.3","ug/m3 LC","5","Quincy-3rd Ave NE","1","100.0000","88502","Acceptable PM2.5 AQI & Speciation Mass","34180","Moses Lake, WA","53","Washington","025","Grant","47.2411530009402","-119.847824"
"02/25/2020","AirNow","530251003","4","3.2","ug/m3 LC","13","Quincy-3rd Ave NE","1","100.0000","88502","Acceptable PM2.5 AQI & Speciation Mass","34180","Moses Lake, WA","53","Washington","025","Grant","47.2411530009402","-119.847824"
"02/26/2020","AirNow","530251003","4","4","ug/m3 LC","17","Quincy-3rd Ave NE","1","100.0000","88502","Acceptable PM2.5 AQI & Speciation Mass","34180","Moses Lake, WA","53","Washington","025","Grant","47.2411530009402","-119.847824"
"02/27/2020","AirNow","530251003","4","3.5","ug/m3 LC","15","Quincy-3rd Ave NE","1","100.0000","88502","Acceptable PM2.5 AQI & Speciation Mass","34180","Moses Lake, WA","53","Washington","025","Grant","47.2411530009402","-119.847824"
"02/28/2020","AirNow","530251003","4","4.2","ug/m3 LC","18","Quincy-3rd Ave NE","1","100.0000","88502","Acceptable PM2.5 AQI & Speciation Mass","34180","Moses Lake, WA","53","Washington","025","Grant","47.2411530009402","-119.847824"
"02/29/2020","AirNow","530251003","4","0.8","ug/m3 LC","3","Quincy-3rd Ave NE","1","100.0000","88502","Acceptable PM2.5 AQI & Speciation Mass","34180","Moses Lake, WA","53","Washington","025","Grant","47.2411530009402","-119.847824"
"03/01/2020","AirNow","530251003","4","1.3","ug/m3 LC","5","Quincy-3rd Ave NE","1","100.0000","88502","Acceptable PM2.5 AQI & Speciation Mass","34180","Moses Lake, WA","53","Washington","025","Grant","47.2411530009402","-119.847824"
"03/02/2020","AirNow","530251003","4","1","ug/m3 LC","4","Quincy-3rd Ave NE","1","100.0000","88502","Acceptable PM2.5 AQI & Speciation Mass","34180","Moses Lake, WA","53","Washington","025","Grant","47.2411530009402","-119.847824"
"03/03/2020","AirNow","530251003","4","1.5","ug/m3 LC","6","Quincy-3rd Ave NE","1","100.0000","88502","Acceptable PM2.5 AQI & Speciation Mass","34180","Moses Lake, WA","53","Washington","025","Grant","47.2411530009402","-119.847824"
"03/04/2020","AirNow","530251003","4","1.8","ug/m3 LC","8","Quincy-3rd Ave NE","1","100.0000","88502","Acceptable PM2.5 AQI & Speciation Mass","34180","Moses Lake, WA","53","Washington","025","Grant","47.2411530009402","-119.847824"
"03/05/2020","AirNow","530251003","4","3.2","ug/m3 LC","13","Quincy-3rd Ave NE","1","100.0000","88502","Acceptable PM2.5 AQI & Speciation Mass","34180","Moses Lake, WA","53","Washington","025","Grant","47.2411530009402","-119.847824"
"03/06/2020","AirNow","530251003","4","3.7","ug/m3 LC","15","Quincy-3rd Ave NE","1","100.0000","88502","Acceptable PM2.5 AQI & Speciation Mass","34180","Moses Lake, WA","53","Washington","025","Grant","47.2411530009402","-119.847824"
"03/07/2020","AirNow","530251003","4","1.2","ug/m3 LC","5","Quincy-3rd Ave NE","1","100.0000","88502","Acceptable PM2.5 AQI & Speciation Mass","34180","Moses Lake, WA","53","Washington","025","Grant","47.2411530009402","-119.847824"
"03/08/2020","AirNow","530251003","4","0.9","ug/m3 LC","4","Quincy-3rd Ave NE","1","100.0000","88502","Acceptable PM2.5 AQI & Speciation Mass","34180","Moses Lake, WA","53","Washington","025","Grant","47.2411530009402","-119.847824"
"03/09/2020","AirNow","530251003","4","1.4","ug/m3 LC","6","Quincy-3rd Ave NE","1","100.0000","88502","Acceptable PM2.5 AQI & Speciation Mass","34180","Moses Lake, WA","53","Washington","025","Grant","47.2411530009402","-119.847824"
"03/10/2020","AirNow","530251003","4","2.7","ug/m3 LC","11","Quincy-3rd Ave NE","1","100.0000","88502","Acceptable PM2.5 AQI & Speciation Mass","34180","Moses Lake, WA","53","Washington","025","Grant","47.2411530009402","-119.847824"
"03/11/2020","AirNow","530251003","4","1.1","ug/m3 LC","5","Quincy-3rd Ave NE","1","100.0000","88502","Acceptable PM2.5 AQI & Speciation Mass","34180","Moses Lake, WA","53","Washington","025","Grant","47.2411530009402","-119.847824"
"03/12/2020","AirNow","530251003","4","1.9","ug/m3 LC","8","Quincy-3rd Ave NE","1","100.0000","88502","Acceptable PM2.5 AQI & Speciation Mass","34180","Moses Lake, WA","53","Washington","025","Grant","47.2411530009402","-119.847824"
"03/13/2020","AirNow","530251003","4","1.6","ug/m3 LC","7","Quincy-3rd Ave NE","1","100.0000","88502","Acceptable PM2.5 AQI & Speciation Mass","34180","Moses Lake, WA","53","Washington","025","Grant","47.2411530009402","-119.847824"
"03/14/2020","AirNow","530251003","4","2.6","ug/m3 LC","11","Quincy-3rd Ave NE","1","100.0000","88502","Acceptable PM2.5 AQI & Speciation Mass","34180","Moses Lake, WA","53","Washington","025","Grant","47.2411530009402","-119.847824"
"03/15/2020","AirNow","530251003","4","3.2","ug/m3 LC","13","Quincy-3rd Ave NE","1","100.0000","88502","Acceptable PM2.5 AQI & Speciation Mass","34180","Moses Lake, WA","53","Washington","025","Grant","47.2411530009402","-119.847824"
"03/16/2020","AirNow","530251003","4","1.9","ug/m3 LC","8","Quincy-3rd Ave NE","1","100.0000","88502","Acceptable PM2.5 AQI & Speciation Mass","34180","Moses Lake, WA","53","Washington","025","Grant","47.2411530009402","-119.847824"
"03/17/2020","AirNow","530251003","4","3","ug/m3 LC","13","Quincy-3rd Ave NE","1","100.0000","88502","Acceptable PM2.5 AQI & Speciation Mass","34180","Moses Lake, WA","53","Washington","025","Grant","47.2411530009402","-119.847824"
"03/18/2020","AirNow","530251003","4","3.1","ug/m3 LC","13","Quincy-3rd Ave NE","1","100.0000","88502","Acceptable PM2.5 AQI & Speciation Mass","34180","Moses Lake, WA","53","Washington","025","Grant","47.2411530009402","-119.847824"
"03/19/2020","AirNow","530251003","4","5.7","ug/m3 LC","24","Quincy-3rd Ave NE","1","100.0000","88502","Acceptable PM2.5 AQI & Speciation Mass","34180","Moses Lake, WA","53","Washington","025","Grant","47.2411530009402","-119.847824"
"03/20/2020","AirNow","530251003","4","4.7","ug/m3 LC","20","Quincy-3rd Ave NE","1","100.0000","88502","Acceptable PM2.5 AQI & Speciation Mass","34180","Moses Lake, WA","53","Washington","025","Grant","47.2411530009402","-119.847824"
"03/21/2020","AirNow","530251003","4","3.3","ug/m3 LC","14","Quincy-3rd Ave NE","1","100.0000","88502","Acceptable PM2.5 AQI & Speciation Mass","34180","Moses Lake, WA","53","Washington","025","Grant","47.2411530009402","-119.847824"
"03/22/2020","AirNow","530251003","4","3.8","ug/m3 LC","16","Quincy-3rd Ave NE","1","100.0000","88502","Acceptable PM2.5 AQI & Speciation Mass","34180","Moses Lake, WA","53","Washington","025","Grant","47.2411530009402","-119.847824"
"03/23/2020","AirNow","530251003","4","2","ug/m3 LC","8","Quincy-3rd Ave NE","1","100.0000","88502","Acceptable PM2.5 AQI & Speciation Mass","34180","Moses Lake, WA","53","Washington","025","Grant","47.2411530009402","-119.847824"
"03/24/2020","AirNow","530251003","4","1.1","ug/m3 LC","5","Quincy-3rd Ave NE","1","100.0000","88502","Acceptable PM2.5 AQI & Speciation Mass","34180","Moses Lake, WA","53","Washington","025","Grant","47.2411530009402","-119.847824"
"03/25/2020","AirNow","530251003","4","1.2","ug/m3 LC","5","Quincy-3rd Ave NE","1","100.0000","88502","Acceptable PM2.5 AQI & Speciation Mass","34180","Moses Lake, WA","53","Washington","025","Grant","47.2411530009402","-119.847824"
"03/26/2020","AirNow","530251003","4","2.5","ug/m3 LC","10","Quincy-3rd Ave NE","1","100.0000","88502","Acceptable PM2.5 AQI & Speciation Mass","34180","Moses Lake, WA","53","Washington","025","Grant","47.2411530009402","-119.847824"
"03/27/2020","AirNow","530251003","4","2.9","ug/m3 LC","12","Quincy-3rd Ave NE","1","100.0000","88502","Acceptable PM2.5 AQI & Speciation Mass","34180","Moses Lake, WA","53","Washington","025","Grant","47.2411530009402","-119.847824"
"03/28/2020","AirNow","530251003","4","1","ug/m3 LC","4","Quincy-3rd Ave NE","1","100.0000","88502","Acceptable PM2.5 AQI & Speciation Mass","34180","Moses Lake, WA","53","Washington","025","Grant","47.2411530009402","-119.847824"
"03/29/2020","AirNow","530251003","4","0.7","ug/m3 LC","3","Quincy-3rd Ave NE","1","100.0000","88502","Acceptable PM2.5 AQI & Speciation Mass","34180","Moses Lake, WA","53","Washington","025","Grant","47.2411530009402","-119.847824"
"03/30/2020","AirNow","530251003","4","0.8","ug/m3 LC","3","Quincy-3rd Ave NE","1","100.0000","88502","Acceptable PM2.5 AQI & Speciation Mass","34180","Moses Lake, WA","53","Washington","025","Grant","47.2411530009402","-119.847824"
"03/31/2020","AirNow","530251003","4","0.8","ug/m3 LC","3","Quincy-3rd Ave NE","1","100.0000","88502","Acceptable PM2.5 AQI & Speciation Mass","34180","Moses Lake, WA","53","Washington","025","Grant","47.2411530009402","-119.847824"
"04/01/2020","AirNow","530251003","4","1.2","ug/m3 LC","5","Quincy-3rd Ave NE","1","100.0000","88502","Acceptable PM2.5 AQI & Speciation Mass","34180","Moses Lake, WA","53","Washington","025","Grant","47.2411530009402","-119.847824"
"04/02/2020","AirNow","530251003","4","2.4","ug/m3 LC","10","Quincy-3rd Ave NE","1","100.0000","88502","Acceptable PM2.5 AQI & Speciation Mass","34180","Moses Lake, WA","53","Washington","025","Grant","47.2411530009402","-119.847824"
"04/03/2020","AirNow","530251003","4","1.1","ug/m3 LC","5","Quincy-3rd Ave NE","1","100.0000","88502","Acceptable PM2.5 AQI & Speciation Mass","34180","Moses Lake, WA","53","Washington","025","Grant","47.2411530009402","-119.847824"
"04/04/2020","AirNow","530251003","4","1.8","ug/m3 LC","8","Quincy-3rd Ave NE","1","100.0000","88502","Acceptable PM2.5 AQI & Speciation Mass","34180","Moses Lake, WA","53","Washington","025","Grant","47.2411530009402","-119.847824"
"04/05/2020","AirNow","530251003","4","2.8","ug/m3 LC","12","Quincy-3rd Ave NE","1","100.0000","88502","Acceptable PM2.5 AQI & Speciation Mass","34180","Moses Lake, WA","53","Washington","025","Grant","47.2411530009402","-119.847824"
"04/06/2020","AirNow","530251003","4","3.5","ug/m3 LC","15","Quincy-3rd Ave NE","1","100.0000","88502","Acceptable PM2.5 AQI & Speciation Mass","34180","Moses Lake, WA","53","Washington","025","Grant","47.2411530009402","-119.847824"
"04/07/2020","AirNow","530251003","4","3.6","ug/m3 LC","15","Quincy-3rd Ave NE","1","100.0000","88502","Acceptable PM2.5 AQI & Speciation Mass","34180","Moses Lake, WA","53","Washington","025","Grant","47.2411530009402","-119.847824"
"04/08/2020","AirNow","530251003","4","4.3","ug/m3 LC","18","Quincy-3rd Ave NE","1","100.0000","88502","Acceptable PM2.5 AQI & Speciation Mass","34180","Moses Lake, WA","53","Washington","025","Grant","47.2411530009402","-119.847824"
"04/09/2020","AirNow","530251003","4","5.6","ug/m3 LC","23","Quincy-3rd Ave NE","1","100.0000","88502","Acceptable PM2.5 AQI & Speciation Mass","34180","Moses Lake, WA","53","Washington","025","Grant","47.2411530009402","-119.847824"
"04/10/2020","AirNow","530251003","4","2.4","ug/m3 LC","10","Quincy-3rd Ave NE","1","100.0000","88502","Acceptable PM2.5 AQI & Speciation Mass","34180","Moses Lake, WA","53","Washington","025","Grant","47.2411530009402","-119.847824"
"04/11/2020","AirNow","530251003","4","1.9","ug/m3 LC","8","Quincy-3rd Ave NE","1","100.0000","88502","Acceptable PM2.5 AQI & Speciation Mass","34180","Moses Lake, WA","53","Washington","025","Grant","47.2411530009402","-119.847824"
"04/12/2020","AirNow","530251003","4","2.7","ug/m3 LC","11","Quincy-3rd Ave NE","1","100.0000","88502","Acceptable PM2.5 AQI & Speciation Mass","34180","Moses Lake, WA","53","Washington","025","Grant","47.2411530009402","-119.847824"
"04/13/2020","AirNow","530251003","4","3.5","ug/m3 LC","15","Quincy-3rd Ave NE","1","100.0000","88502","Acceptable PM2.5 AQI & Speciation Mass","34180","Moses Lake, WA","53","Washington","025","Grant","47.2411530009402","-119.847824"
"04/14/2020","AirNow","530251003","4","2.3","ug/m3 LC","10","Quincy-3rd Ave NE","1","100.0000","88502","Acceptable PM2.5 AQI & Speciation Mass","34180","Moses Lake, WA","53","Washington","025","Grant","47.2411530009402","-119.847824"
"04/15/2020","AirNow","530251003","4","1.6","ug/m3 LC","7","Quincy-3rd Ave NE","1","100.0000","88502","Acceptable PM2.5 AQI & Speciation Mass","34180","Moses Lake, WA","53","Washington","025","Grant","47.2411530009402","-119.847824"
"04/16/2020","AirNow","530251003","4","2.5","ug/m3 LC","10","Quincy-3rd Ave NE","1","100.0000","88502","Acceptable PM2.5 AQI & Speciation Mass","34180","Moses Lake, WA","53","Washington","025","Grant","47.2411530009402","-119.847824"
"04/17/2020","AirNow","530251003","4","3.6","ug/m3 LC","15","Quincy-3rd Ave NE","1","100.0000","88502","Acceptable PM2.5 AQI & Speciation Mass","34180","Moses Lake, WA","53","Washington","025","Grant","47.2411530009402","-119.847824"
"04/18/2020","AirNow","530251003","4","2.5","ug/m3 LC","10","Quincy-3rd Ave NE","1","100.0000","88502","Acceptable PM2.5 AQI & Speciation Mass","34180","Moses Lake, WA","53","Washington","025","Grant","47.2411530009402","-119.847824"
"04/19/2020","AirNow","530251003","4","2.6","ug/m3 LC","11","Quincy-3rd Ave NE","1","100.0000","88502","Acceptable PM2.5 AQI & Speciation Mass","34180","Moses Lake, WA","53","Washington","025","Grant","47.2411530009402","-119.847824"
"04/20/2020","AirNow","530251003","4","2.5","ug/m3 LC","10","Quincy-3rd Ave NE","1","100.0000","88502","Acceptable PM2.5 AQI & Speciation Mass","34180","Moses Lake, WA","53","Washington","025","Grant","47.2411530009402","-119.847824"
"04/21/2020","AirNow","530251003","4","2","ug/m3 LC","8","Quincy-3rd Ave NE","1","100.0000","88502","Acceptable PM2.5 AQI & Speciation Mass","34180","Moses Lake, WA","53","Washington","025","Grant","47.2411530009402","-119.847824"
"04/22/2020","AirNow","530251003","4","1.8","ug/m3 LC","8","Quincy-3rd Ave NE","1","100.0000","88502","Acceptable PM2.5 AQI & Speciation Mass","34180","Moses Lake, WA","53","Washington","025","Grant","47.2411530009402","-119.847824"
"04/23/2020","AirNow","530251003","4","0.7","ug/m3 LC","3","Quincy-3rd Ave NE","1","100.0000","88502","Acceptable PM2.5 AQI & Speciation Mass","34180","Moses Lake, WA","53","Washington","025","Grant","47.2411530009402","-119.847824"
"04/24/2020","AirNow","530251003","4","2","ug/m3 LC","8","Quincy-3rd Ave NE","1","100.0000","88502","Acceptable PM2.5 AQI & Speciation Mass","34180","Moses Lake, WA","53","Washington","025","Grant","47.2411530009402","-119.847824"
"04/25/2020","AirNow","530251003","4","2.7","ug/m3 LC","11","Quincy-3rd Ave NE","1","100.0000","88502","Acceptable PM2.5 AQI & Speciation Mass","34180","Moses Lake, WA","53","Washington","025","Grant","47.2411530009402","-119.847824"
"04/26/2020","AirNow","530251003","4","3.2","ug/m3 LC","13","Quincy-3rd Ave NE","1","100.0000","88502","Acceptable PM2.5 AQI & Speciation Mass","34180","Moses Lake, WA","53","Washington","025","Grant","47.2411530009402","-119.847824"
"04/27/2020","AirNow","530251003","4","1.4","ug/m3 LC","6","Quincy-3rd Ave NE","1","100.0000","88502","Acceptable PM2.5 AQI & Speciation Mass","34180","Moses Lake, WA","53","Washington","025","Grant","47.2411530009402","-119.847824"
"04/28/2020","AirNow","530251003","4","3.1","ug/m3 LC","13","Quincy-3rd Ave NE","1","100.0000","88502","Acceptable PM2.5 AQI & Speciation Mass","34180","Moses Lake, WA","53","Washington","025","Grant","47.2411530009402","-119.847824"
"04/29/2020","AirNow","530251003","4","3.2","ug/m3 LC","13","Quincy-3rd Ave NE","1","100.0000","88502","Acceptable PM2.5 AQI & Speciation Mass","34180","Moses Lake, WA","53","Washington","025","Grant","47.2411530009402","-119.847824"
"04/30/2020","AirNow","530251003","4","0.6","ug/m3 LC","3","Quincy-3rd Ave NE","1","100.0000","88502","Acceptable PM2.5 AQI & Speciation Mass","34180","Moses Lake, WA","53","Washington","025","Grant","47.2411530009402","-119.847824"
"05/01/2020","AirNow","530251003","4","2.2","ug/m3 LC","9","Quincy-3rd Ave NE","1","100.0000","88502","Acceptable PM2.5 AQI & Speciation Mass","34180","Moses Lake, WA","53","Washington","025","Grant","47.2411530009402","-119.847824"
"05/02/2020","AirNow","530251003","4","2.7","ug/m3 LC","11","Quincy-3rd Ave NE","1","100.0000","88502","Acceptable PM2.5 AQI & Speciation Mass","34180","Moses Lake, WA","53","Washington","025","Grant","47.2411530009402","-119.847824"
"01/01/2020","AQS","530270011","4","9.6","ug/m3 LC","40","TAHOLAH-CHITWIN DRIVE","1","100.0000","88502","Acceptable PM2.5 AQI & Speciation Mass","10140","Aberdeen, WA","53","Washington","027","Grays Harbor","47.3442","-124.2879"
"01/02/2020","AQS","530270011","4","3.9","ug/m3 LC","16","TAHOLAH-CHITWIN DRIVE","1","100.0000","88502","Acceptable PM2.5 AQI & Speciation Mass","10140","Aberdeen, WA","53","Washington","027","Grays Harbor","47.3442","-124.2879"
"01/03/2020","AQS","530270011","4","9.7","ug/m3 LC","40","TAHOLAH-CHITWIN DRIVE","1","100.0000","88502","Acceptable PM2.5 AQI & Speciation Mass","10140","Aberdeen, WA","53","Washington","027","Grays Harbor","47.3442","-124.2879"
"01/04/2020","AQS","530270011","4","5.5","ug/m3 LC","23","TAHOLAH-CHITWIN DRIVE","1","100.0000","88502","Acceptable PM2.5 AQI & Speciation Mass","10140","Aberdeen, WA","53","Washington","027","Grays Harbor","47.3442","-124.2879"
"01/05/2020","AQS","530270011","4","4.2","ug/m3 LC","18","TAHOLAH-CHITWIN DRIVE","1","100.0000","88502","Acceptable PM2.5 AQI & Speciation Mass","10140","Aberdeen, WA","53","Washington","027","Grays Harbor","47.3442","-124.2879"
"01/06/2020","AQS","530270011","4","4.8","ug/m3 LC","20","TAHOLAH-CHITWIN DRIVE","1","100.0000","88502","Acceptable PM2.5 AQI & Speciation Mass","10140","Aberdeen, WA","53","Washington","027","Grays Harbor","47.3442","-124.2879"
"01/07/2020","AQS","530270011","4","5.1","ug/m3 LC","21","TAHOLAH-CHITWIN DRIVE","1","100.0000","88502","Acceptable PM2.5 AQI & Speciation Mass","10140","Aberdeen, WA","53","Washington","027","Grays Harbor","47.3442","-124.2879"
"01/08/2020","AQS","530270011","4","3.1","ug/m3 LC","13","TAHOLAH-CHITWIN DRIVE","1","100.0000","88502","Acceptable PM2.5 AQI & Speciation Mass","10140","Aberdeen, WA","53","Washington","027","Grays Harbor","47.3442","-124.2879"
"01/09/2020","AQS","530270011","4","2.2","ug/m3 LC","9","TAHOLAH-CHITWIN DRIVE","1","100.0000","88502","Acceptable PM2.5 AQI & Speciation Mass","10140","Aberdeen, WA","53","Washington","027","Grays Harbor","47.3442","-124.2879"
"01/10/2020","AQS","530270011","4","6.1","ug/m3 LC","25","TAHOLAH-CHITWIN DRIVE","1","100.0000","88502","Acceptable PM2.5 AQI & Speciation Mass","10140","Aberdeen, WA","53","Washington","027","Grays Harbor","47.3442","-124.2879"
"01/11/2020","AQS","530270011","4","6.3","ug/m3 LC","26","TAHOLAH-CHITWIN DRIVE","1","100.0000","88502","Acceptable PM2.5 AQI & Speciation Mass","10140","Aberdeen, WA","53","Washington","027","Grays Harbor","47.3442","-124.2879"
"01/12/2020","AQS","530270011","4","5.2","ug/m3 LC","22","TAHOLAH-CHITWIN DRIVE","1","100.0000","88502","Acceptable PM2.5 AQI & Speciation Mass","10140","Aberdeen, WA","53","Washington","027","Grays Harbor","47.3442","-124.2879"
"01/13/2020","AQS","530270011","4","3.4","ug/m3 LC","14","TAHOLAH-CHITWIN DRIVE","1","100.0000","88502","Acceptable PM2.5 AQI & Speciation Mass","10140","Aberdeen, WA","53","Washington","027","Grays Harbor","47.3442","-124.2879"
"01/14/2020","AQS","530270011","4","3.5","ug/m3 LC","15","TAHOLAH-CHITWIN DRIVE","1","100.0000","88502","Acceptable PM2.5 AQI & Speciation Mass","10140","Aberdeen, WA","53","Washington","027","Grays Harbor","47.3442","-124.2879"
"01/15/2020","AQS","530270011","4","3.3","ug/m3 LC","14","TAHOLAH-CHITWIN DRIVE","1","100.0000","88502","Acceptable PM2.5 AQI & Speciation Mass","10140","Aberdeen, WA","53","Washington","027","Grays Harbor","47.3442","-124.2879"
"01/16/2020","AQS","530270011","4","3.6","ug/m3 LC","15","TAHOLAH-CHITWIN DRIVE","1","100.0000","88502","Acceptable PM2.5 AQI & Speciation Mass","10140","Aberdeen, WA","53","Washington","027","Grays Harbor","47.3442","-124.2879"
"01/17/2020","AQS","530270011","4","1.5","ug/m3 LC","6","TAHOLAH-CHITWIN DRIVE","1","100.0000","88502","Acceptable PM2.5 AQI & Speciation Mass","10140","Aberdeen, WA","53","Washington","027","Grays Harbor","47.3442","-124.2879"
"01/18/2020","AQS","530270011","4","5.7","ug/m3 LC","24","TAHOLAH-CHITWIN DRIVE","1","100.0000","88502","Acceptable PM2.5 AQI & Speciation Mass","10140","Aberdeen, WA","53","Washington","027","Grays Harbor","47.3442","-124.2879"
"01/19/2020","AQS","530270011","4","1.3","ug/m3 LC","5","TAHOLAH-CHITWIN DRIVE","1","100.0000","88502","Acceptable PM2.5 AQI & Speciation Mass","10140","Aberdeen, WA","53","Washington","027","Grays Harbor","47.3442","-124.2879"
"01/20/2020","AQS","530270011","4","2.3","ug/m3 LC","10","TAHOLAH-CHITWIN DRIVE","1","100.0000","88502","Acceptable PM2.5 AQI & Speciation Mass","10140","Aberdeen, WA","53","Washington","027","Grays Harbor","47.3442","-124.2879"
"01/21/2020","AQS","530270011","4","7.3","ug/m3 LC","30","TAHOLAH-CHITWIN DRIVE","1","100.0000","88502","Acceptable PM2.5 AQI & Speciation Mass","10140","Aberdeen, WA","53","Washington","027","Grays Harbor","47.3442","-124.2879"
"01/22/2020","AQS","530270011","4","3.2","ug/m3 LC","13","TAHOLAH-CHITWIN DRIVE","1","100.0000","88502","Acceptable PM2.5 AQI & Speciation Mass","10140","Aberdeen, WA","53","Washington","027","Grays Harbor","47.3442","-124.2879"
"01/23/2020","AQS","530270011","4","3.8","ug/m3 LC","16","TAHOLAH-CHITWIN DRIVE","1","100.0000","88502","Acceptable PM2.5 AQI & Speciation Mass","10140","Aberdeen, WA","53","Washington","027","Grays Harbor","47.3442","-124.2879"
"01/24/2020","AQS","530270011","4","6.4","ug/m3 LC","27","TAHOLAH-CHITWIN DRIVE","1","100.0000","88502","Acceptable PM2.5 AQI & Speciation Mass","10140","Aberdeen, WA","53","Washington","027","Grays Harbor","47.3442","-124.2879"
"01/25/2020","AQS","530270011","4","2.6","ug/m3 LC","11","TAHOLAH-CHITWIN DRIVE","1","100.0000","88502","Acceptable PM2.5 AQI & Speciation Mass","10140","Aberdeen, WA","53","Washington","027","Grays Harbor","47.3442","-124.2879"
"01/26/2020","AQS","530270011","4","7.5","ug/m3 LC","31","TAHOLAH-CHITWIN DRIVE","1","100.0000","88502","Acceptable PM2.5 AQI & Speciation Mass","10140","Aberdeen, WA","53","Washington","027","Grays Harbor","47.3442","-124.2879"
"01/27/2020","AQS","530270011","4","3.1","ug/m3 LC","13","TAHOLAH-CHITWIN DRIVE","1","100.0000","88502","Acceptable PM2.5 AQI & Speciation Mass","10140","Aberdeen, WA","53","Washington","027","Grays Harbor","47.3442","-124.2879"
"01/28/2020","AQS","530270011","4","4.3","ug/m3 LC","18","TAHOLAH-CHITWIN DRIVE","1","100.0000","88502","Acceptable PM2.5 AQI & Speciation Mass","10140","Aberdeen, WA","53","Washington","027","Grays Harbor","47.3442","-124.2879"
"01/29/2020","AQS","530270011","4","6.1","ug/m3 LC","25","TAHOLAH-CHITWIN DRIVE","1","100.0000","88502","Acceptable PM2.5 AQI & Speciation Mass","10140","Aberdeen, WA","53","Washington","027","Grays Harbor","47.3442","-124.2879"
"01/30/2020","AQS","530270011","4","2.5","ug/m3 LC","10","TAHOLAH-CHITWIN DRIVE","1","100.0000","88502","Acceptable PM2.5 AQI & Speciation Mass","10140","Aberdeen, WA","53","Washington","027","Grays Harbor","47.3442","-124.2879"
"01/31/2020","AQS","530270011","4","5","ug/m3 LC","21","TAHOLAH-CHITWIN DRIVE","1","100.0000","88502","Acceptable PM2.5 AQI & Speciation Mass","10140","Aberdeen, WA","53","Washington","027","Grays Harbor","47.3442","-124.2879"
"02/01/2020","AirNow","530270011","4","5","ug/m3 LC","21","TAHOLAH-CHITWIN DRIVE","1","100.0000","88502","Acceptable PM2.5 AQI & Speciation Mass","10140","Aberdeen, WA","53","Washington","027","Grays Harbor","47.3442","-124.2879"
"02/02/2020","AirNow","530270011","4","1.7","ug/m3 LC","7","TAHOLAH-CHITWIN DRIVE","1","100.0000","88502","Acceptable PM2.5 AQI & Speciation Mass","10140","Aberdeen, WA","53","Washington","027","Grays Harbor","47.3442","-124.2879"
"02/03/2020","AirNow","530270011","4","2.3","ug/m3 LC","10","TAHOLAH-CHITWIN DRIVE","1","100.0000","88502","Acceptable PM2.5 AQI & Speciation Mass","10140","Aberdeen, WA","53","Washington","027","Grays Harbor","47.3442","-124.2879"
"02/04/2020","AirNow","530270011","4","1.2","ug/m3 LC","5","TAHOLAH-CHITWIN DRIVE","1","100.0000","88502","Acceptable PM2.5 AQI & Speciation Mass","10140","Aberdeen, WA","53","Washington","027","Grays Harbor","47.3442","-124.2879"
"02/05/2020","AirNow","530270011","4","4.3","ug/m3 LC","18","TAHOLAH-CHITWIN DRIVE","1","100.0000","88502","Acceptable PM2.5 AQI & Speciation Mass","10140","Aberdeen, WA","53","Washington","027","Grays Harbor","47.3442","-124.2879"
"02/06/2020","AirNow","530270011","4","3.6","ug/m3 LC","15","TAHOLAH-CHITWIN DRIVE","1","100.0000","88502","Acceptable PM2.5 AQI & Speciation Mass","10140","Aberdeen, WA","53","Washington","027","Grays Harbor","47.3442","-124.2879"
"02/07/2020","AirNow","530270011","4","5.8","ug/m3 LC","24","TAHOLAH-CHITWIN DRIVE","1","100.0000","88502","Acceptable PM2.5 AQI & Speciation Mass","10140","Aberdeen, WA","53","Washington","027","Grays Harbor","47.3442","-124.2879"
"02/08/2020","AirNow","530270011","4","6.7","ug/m3 LC","28","TAHOLAH-CHITWIN DRIVE","1","100.0000","88502","Acceptable PM2.5 AQI & Speciation Mass","10140","Aberdeen, WA","53","Washington","027","Grays Harbor","47.3442","-124.2879"
"02/09/2020","AirNow","530270011","4","3.4","ug/m3 LC","14","TAHOLAH-CHITWIN DRIVE","1","100.0000","88502","Acceptable PM2.5 AQI & Speciation Mass","10140","Aberdeen, WA","53","Washington","027","Grays Harbor","47.3442","-124.2879"
"02/10/2020","AirNow","530270011","4","3.4","ug/m3 LC","14","TAHOLAH-CHITWIN DRIVE","1","100.0000","88502","Acceptable PM2.5 AQI & Speciation Mass","10140","Aberdeen, WA","53","Washington","027","Grays Harbor","47.3442","-124.2879"
"02/11/2020","AirNow","530270011","4","3.1","ug/m3 LC","13","TAHOLAH-CHITWIN DRIVE","1","100.0000","88502","Acceptable PM2.5 AQI & Speciation Mass","10140","Aberdeen, WA","53","Washington","027","Grays Harbor","47.3442","-124.2879"
"02/12/2020","AirNow","530270011","4","1.8","ug/m3 LC","8","TAHOLAH-CHITWIN DRIVE","1","100.0000","88502","Acceptable PM2.5 AQI & Speciation Mass","10140","Aberdeen, WA","53","Washington","027","Grays Harbor","47.3442","-124.2879"
"02/13/2020","AirNow","530270011","4","3.3","ug/m3 LC","14","TAHOLAH-CHITWIN DRIVE","1","100.0000","88502","Acceptable PM2.5 AQI & Speciation Mass","10140","Aberdeen, WA","53","Washington","027","Grays Harbor","47.3442","-124.2879"
"02/14/2020","AirNow","530270011","4","5.1","ug/m3 LC","21","TAHOLAH-CHITWIN DRIVE","1","100.0000","88502","Acceptable PM2.5 AQI & Speciation Mass","10140","Aberdeen, WA","53","Washington","027","Grays Harbor","47.3442","-124.2879"
"02/15/2020","AirNow","530270011","4","4.1","ug/m3 LC","17","TAHOLAH-CHITWIN DRIVE","1","100.0000","88502","Acceptable PM2.5 AQI & Speciation Mass","10140","Aberdeen, WA","53","Washington","027","Grays Harbor","47.3442","-124.2879"
"02/16/2020","AirNow","530270011","4","3.8","ug/m3 LC","16","TAHOLAH-CHITWIN DRIVE","1","100.0000","88502","Acceptable PM2.5 AQI & Speciation Mass","10140","Aberdeen, WA","53","Washington","027","Grays Harbor","47.3442","-124.2879"
"02/17/2020","AirNow","530270011","4","2.6","ug/m3 LC","11","TAHOLAH-CHITWIN DRIVE","1","100.0000","88502","Acceptable PM2.5 AQI & Speciation Mass","10140","Aberdeen, WA","53","Washington","027","Grays Harbor","47.3442","-124.2879"
"02/18/2020","AirNow","530270011","4","2","ug/m3 LC","8","TAHOLAH-CHITWIN DRIVE","1","100.0000","88502","Acceptable PM2.5 AQI & Speciation Mass","10140","Aberdeen, WA","53","Washington","027","Grays Harbor","47.3442","-124.2879"
"02/19/2020","AirNow","530270011","4","2.9","ug/m3 LC","12","TAHOLAH-CHITWIN DRIVE","1","100.0000","88502","Acceptable PM2.5 AQI & Speciation Mass","10140","Aberdeen, WA","53","Washington","027","Grays Harbor","47.3442","-124.2879"
"02/20/2020","AirNow","530270011","4","4.4","ug/m3 LC","18","TAHOLAH-CHITWIN DRIVE","1","100.0000","88502","Acceptable PM2.5 AQI & Speciation Mass","10140","Aberdeen, WA","53","Washington","027","Grays Harbor","47.3442","-124.2879"
"02/21/2020","AirNow","530270011","4","4","ug/m3 LC","17","TAHOLAH-CHITWIN DRIVE","1","100.0000","88502","Acceptable PM2.5 AQI & Speciation Mass","10140","Aberdeen, WA","53","Washington","027","Grays Harbor","47.3442","-124.2879"
"02/22/2020","AirNow","530270011","4","3.7","ug/m3 LC","15","TAHOLAH-CHITWIN DRIVE","1","100.0000","88502","Acceptable PM2.5 AQI & Speciation Mass","10140","Aberdeen, WA","53","Washington","027","Grays Harbor","47.3442","-124.2879"
"02/23/2020","AirNow","530270011","4","7.6","ug/m3 LC","32","TAHOLAH-CHITWIN DRIVE","1","100.0000","88502","Acceptable PM2.5 AQI & Speciation Mass","10140","Aberdeen, WA","53","Washington","027","Grays Harbor","47.3442","-124.2879"
"02/24/2020","AirNow","530270011","4","5.9","ug/m3 LC","25","TAHOLAH-CHITWIN DRIVE","1","100.0000","88502","Acceptable PM2.5 AQI & Speciation Mass","10140","Aberdeen, WA","53","Washington","027","Grays Harbor","47.3442","-124.2879"
"02/25/2020","AirNow","530270011","4","2.8","ug/m3 LC","12","TAHOLAH-CHITWIN DRIVE","1","100.0000","88502","Acceptable PM2.5 AQI & Speciation Mass","10140","Aberdeen, WA","53","Washington","027","Grays Harbor","47.3442","-124.2879"
"02/26/2020","AirNow","530270011","4","2.3","ug/m3 LC","10","TAHOLAH-CHITWIN DRIVE","1","100.0000","88502","Acceptable PM2.5 AQI & Speciation Mass","10140","Aberdeen, WA","53","Washington","027","Grays Harbor","47.3442","-124.2879"
"02/27/2020","AirNow","530270011","4","2.8","ug/m3 LC","12","TAHOLAH-CHITWIN DRIVE","1","100.0000","88502","Acceptable PM2.5 AQI & Speciation Mass","10140","Aberdeen, WA","53","Washington","027","Grays Harbor","47.3442","-124.2879"
"02/28/2020","AirNow","530270011","4","3.6","ug/m3 LC","15","TAHOLAH-CHITWIN DRIVE","1","100.0000","88502","Acceptable PM2.5 AQI & Speciation Mass","10140","Aberdeen, WA","53","Washington","027","Grays Harbor","47.3442","-124.2879"
"02/29/2020","AirNow","530270011","4","5","ug/m3 LC","21","TAHOLAH-CHITWIN DRIVE","1","100.0000","88502","Acceptable PM2.5 AQI & Speciation Mass","10140","Aberdeen, WA","53","Washington","027","Grays Harbor","47.3442","-124.2879"
"03/01/2020","AirNow","530270011","4","3.1","ug/m3 LC","13","TAHOLAH-CHITWIN DRIVE","1","100.0000","88502","Acceptable PM2.5 AQI & Speciation Mass","10140","Aberdeen, WA","53","Washington","027","Grays Harbor","47.3442","-124.2879"
"03/02/2020","AirNow","530270011","4","2.6","ug/m3 LC","11","TAHOLAH-CHITWIN DRIVE","1","100.0000","88502","Acceptable PM2.5 AQI & Speciation Mass","10140","Aberdeen, WA","53","Washington","027","Grays Harbor","47.3442","-124.2879"
"03/03/2020","AirNow","530270011","4","5.1","ug/m3 LC","21","TAHOLAH-CHITWIN DRIVE","1","100.0000","88502","Acceptable PM2.5 AQI & Speciation Mass","10140","Aberdeen, WA","53","Washington","027","Grays Harbor","47.3442","-124.2879"
"03/04/2020","AirNow","530270011","4","4.9","ug/m3 LC","20","TAHOLAH-CHITWIN DRIVE","1","100.0000","88502","Acceptable PM2.5 AQI & Speciation Mass","10140","Aberdeen, WA","53","Washington","027","Grays Harbor","47.3442","-124.2879"
"03/05/2020","AirNow","530270011","4","3.2","ug/m3 LC","13","TAHOLAH-CHITWIN DRIVE","1","100.0000","88502","Acceptable PM2.5 AQI & Speciation Mass","10140","Aberdeen, WA","53","Washington","027","Grays Harbor","47.3442","-124.2879"
"03/06/2020","AirNow","530270011","4","2.9","ug/m3 LC","12","TAHOLAH-CHITWIN DRIVE","1","100.0000","88502","Acceptable PM2.5 AQI & Speciation Mass","10140","Aberdeen, WA","53","Washington","027","Grays Harbor","47.3442","-124.2879"
"03/07/2020","AirNow","530270011","4","1.5","ug/m3 LC","6","TAHOLAH-CHITWIN DRIVE","1","100.0000","88502","Acceptable PM2.5 AQI & Speciation Mass","10140","Aberdeen, WA","53","Washington","027","Grays Harbor","47.3442","-124.2879"
"03/08/2020","AirNow","530270011","4","1.4","ug/m3 LC","6","TAHOLAH-CHITWIN DRIVE","1","100.0000","88502","Acceptable PM2.5 AQI & Speciation Mass","10140","Aberdeen, WA","53","Washington","027","Grays Harbor","47.3442","-124.2879"
"03/09/2020","AirNow","530270011","4","1.9","ug/m3 LC","8","TAHOLAH-CHITWIN DRIVE","1","100.0000","88502","Acceptable PM2.5 AQI & Speciation Mass","10140","Aberdeen, WA","53","Washington","027","Grays Harbor","47.3442","-124.2879"
"03/10/2020","AirNow","530270011","4","2.4","ug/m3 LC","10","TAHOLAH-CHITWIN DRIVE","1","100.0000","88502","Acceptable PM2.5 AQI & Speciation Mass","10140","Aberdeen, WA","53","Washington","027","Grays Harbor","47.3442","-124.2879"
"03/11/2020","AirNow","530270011","4","4.2","ug/m3 LC","18","TAHOLAH-CHITWIN DRIVE","1","100.0000","88502","Acceptable PM2.5 AQI & Speciation Mass","10140","Aberdeen, WA","53","Washington","027","Grays Harbor","47.3442","-124.2879"
"03/12/2020","AirNow","530270011","4","2.7","ug/m3 LC","11","TAHOLAH-CHITWIN DRIVE","1","100.0000","88502","Acceptable PM2.5 AQI & Speciation Mass","10140","Aberdeen, WA","53","Washington","027","Grays Harbor","47.3442","-124.2879"
"03/13/2020","AirNow","530270011","4","1.8","ug/m3 LC","8","TAHOLAH-CHITWIN DRIVE","1","100.0000","88502","Acceptable PM2.5 AQI & Speciation Mass","10140","Aberdeen, WA","53","Washington","027","Grays Harbor","47.3442","-124.2879"
"03/14/2020","AirNow","530270011","4","1.8","ug/m3 LC","8","TAHOLAH-CHITWIN DRIVE","1","100.0000","88502","Acceptable PM2.5 AQI & Speciation Mass","10140","Aberdeen, WA","53","Washington","027","Grays Harbor","47.3442","-124.2879"
"03/15/2020","AirNow","530270011","4","2.3","ug/m3 LC","10","TAHOLAH-CHITWIN DRIVE","1","100.0000","88502","Acceptable PM2.5 AQI & Speciation Mass","10140","Aberdeen, WA","53","Washington","027","Grays Harbor","47.3442","-124.2879"
"03/16/2020","AirNow","530270011","4","2.6","ug/m3 LC","11","TAHOLAH-CHITWIN DRIVE","1","100.0000","88502","Acceptable PM2.5 AQI & Speciation Mass","10140","Aberdeen, WA","53","Washington","027","Grays Harbor","47.3442","-124.2879"
"03/17/2020","AirNow","530270011","4","3.4","ug/m3 LC","14","TAHOLAH-CHITWIN DRIVE","1","100.0000","88502","Acceptable PM2.5 AQI & Speciation Mass","10140","Aberdeen, WA","53","Washington","027","Grays Harbor","47.3442","-124.2879"
"03/18/2020","AirNow","530270011","4","4.4","ug/m3 LC","18","TAHOLAH-CHITWIN DRIVE","1","100.0000","88502","Acceptable PM2.5 AQI & Speciation Mass","10140","Aberdeen, WA","53","Washington","027","Grays Harbor","47.3442","-124.2879"
"03/19/2020","AirNow","530270011","4","3.1","ug/m3 LC","13","TAHOLAH-CHITWIN DRIVE","1","100.0000","88502","Acceptable PM2.5 AQI & Speciation Mass","10140","Aberdeen, WA","53","Washington","027","Grays Harbor","47.3442","-124.2879"
"03/20/2020","AirNow","530270011","4","2.7","ug/m3 LC","11","TAHOLAH-CHITWIN DRIVE","1","100.0000","88502","Acceptable PM2.5 AQI & Speciation Mass","10140","Aberdeen, WA","53","Washington","027","Grays Harbor","47.3442","-124.2879"
"03/21/2020","AirNow","530270011","4","5","ug/m3 LC","21","TAHOLAH-CHITWIN DRIVE","1","100.0000","88502","Acceptable PM2.5 AQI & Speciation Mass","10140","Aberdeen, WA","53","Washington","027","Grays Harbor","47.3442","-124.2879"
"03/22/2020","AirNow","530270011","4","4.6","ug/m3 LC","19","TAHOLAH-CHITWIN DRIVE","1","100.0000","88502","Acceptable PM2.5 AQI & Speciation Mass","10140","Aberdeen, WA","53","Washington","027","Grays Harbor","47.3442","-124.2879"
"03/23/2020","AirNow","530270011","4","2.9","ug/m3 LC","12","TAHOLAH-CHITWIN DRIVE","1","100.0000","88502","Acceptable PM2.5 AQI & Speciation Mass","10140","Aberdeen, WA","53","Washington","027","Grays Harbor","47.3442","-124.2879"
"03/24/2020","AirNow","530270011","4","1.9","ug/m3 LC","8","TAHOLAH-CHITWIN DRIVE","1","100.0000","88502","Acceptable PM2.5 AQI & Speciation Mass","10140","Aberdeen, WA","53","Washington","027","Grays Harbor","47.3442","-124.2879"
"03/25/2020","AirNow","530270011","4","1.8","ug/m3 LC","8","TAHOLAH-CHITWIN DRIVE","1","100.0000","88502","Acceptable PM2.5 AQI & Speciation Mass","10140","Aberdeen, WA","53","Washington","027","Grays Harbor","47.3442","-124.2879"
"03/26/2020","AirNow","530270011","4","4.7","ug/m3 LC","20","TAHOLAH-CHITWIN DRIVE","1","100.0000","88502","Acceptable PM2.5 AQI & Speciation Mass","10140","Aberdeen, WA","53","Washington","027","Grays Harbor","47.3442","-124.2879"
"03/27/2020","AirNow","530270011","4","3.1","ug/m3 LC","13","TAHOLAH-CHITWIN DRIVE","1","100.0000","88502","Acceptable PM2.5 AQI & Speciation Mass","10140","Aberdeen, WA","53","Washington","027","Grays Harbor","47.3442","-124.2879"
"03/28/2020","AirNow","530270011","4","2.4","ug/m3 LC","10","TAHOLAH-CHITWIN DRIVE","1","100.0000","88502","Acceptable PM2.5 AQI & Speciation Mass","10140","Aberdeen, WA","53","Washington","027","Grays Harbor","47.3442","-124.2879"
"03/29/2020","AirNow","530270011","4","2.5","ug/m3 LC","10","TAHOLAH-CHITWIN DRIVE","1","100.0000","88502","Acceptable PM2.5 AQI & Speciation Mass","10140","Aberdeen, WA","53","Washington","027","Grays Harbor","47.3442","-124.2879"
"03/30/2020","AirNow","530270011","4","3.5","ug/m3 LC","15","TAHOLAH-CHITWIN DRIVE","1","100.0000","88502","Acceptable PM2.5 AQI & Speciation Mass","10140","Aberdeen, WA","53","Washington","027","Grays Harbor","47.3442","-124.2879"
"03/31/2020","AirNow","530270011","4","2.2","ug/m3 LC","9","TAHOLAH-CHITWIN DRIVE","1","100.0000","88502","Acceptable PM2.5 AQI & Speciation Mass","10140","Aberdeen, WA","53","Washington","027","Grays Harbor","47.3442","-124.2879"
"04/01/2020","AirNow","530270011","4","1.8","ug/m3 LC","8","TAHOLAH-CHITWIN DRIVE","1","100.0000","88502","Acceptable PM2.5 AQI & Speciation Mass","10140","Aberdeen, WA","53","Washington","027","Grays Harbor","47.3442","-124.2879"
"04/02/2020","AirNow","530270011","4","2.5","ug/m3 LC","10","TAHOLAH-CHITWIN DRIVE","1","100.0000","88502","Acceptable PM2.5 AQI & Speciation Mass","10140","Aberdeen, WA","53","Washington","027","Grays Harbor","47.3442","-124.2879"
"04/03/2020","AirNow","530270011","4","1.9","ug/m3 LC","8","TAHOLAH-CHITWIN DRIVE","1","100.0000","88502","Acceptable PM2.5 AQI & Speciation Mass","10140","Aberdeen, WA","53","Washington","027","Grays Harbor","47.3442","-124.2879"
"04/04/2020","AirNow","530270011","4","2","ug/m3 LC","8","TAHOLAH-CHITWIN DRIVE","1","100.0000","88502","Acceptable PM2.5 AQI & Speciation Mass","10140","Aberdeen, WA","53","Washington","027","Grays Harbor","47.3442","-124.2879"
"04/05/2020","AirNow","530270011","4","2.3","ug/m3 LC","10","TAHOLAH-CHITWIN DRIVE","1","100.0000","88502","Acceptable PM2.5 AQI & Speciation Mass","10140","Aberdeen, WA","53","Washington","027","Grays Harbor","47.3442","-124.2879"
"04/06/2020","AirNow","530270011","4","3.1","ug/m3 LC","13","TAHOLAH-CHITWIN DRIVE","1","100.0000","88502","Acceptable PM2.5 AQI & Speciation Mass","10140","Aberdeen, WA","53","Washington","027","Grays Harbor","47.3442","-124.2879"
"04/07/2020","AirNow","530270011","4","4.3","ug/m3 LC","18","TAHOLAH-CHITWIN DRIVE","1","100.0000","88502","Acceptable PM2.5 AQI & Speciation Mass","10140","Aberdeen, WA","53","Washington","027","Grays Harbor","47.3442","-124.2879"
"04/08/2020","AirNow","530270011","4","4.9","ug/m3 LC","20","TAHOLAH-CHITWIN DRIVE","1","100.0000","88502","Acceptable PM2.5 AQI & Speciation Mass","10140","Aberdeen, WA","53","Washington","027","Grays Harbor","47.3442","-124.2879"
"04/09/2020","AirNow","530270011","4","5","ug/m3 LC","21","TAHOLAH-CHITWIN DRIVE","1","100.0000","88502","Acceptable PM2.5 AQI & Speciation Mass","10140","Aberdeen, WA","53","Washington","027","Grays Harbor","47.3442","-124.2879"
"04/10/2020","AirNow","530270011","4","4.2","ug/m3 LC","18","TAHOLAH-CHITWIN DRIVE","1","100.0000","88502","Acceptable PM2.5 AQI & Speciation Mass","10140","Aberdeen, WA","53","Washington","027","Grays Harbor","47.3442","-124.2879"
"04/11/2020","AirNow","530270011","4","6.8","ug/m3 LC","28","TAHOLAH-CHITWIN DRIVE","1","100.0000","88502","Acceptable PM2.5 AQI & Speciation Mass","10140","Aberdeen, WA","53","Washington","027","Grays Harbor","47.3442","-124.2879"
"04/12/2020","AirNow","530270011","4","3.5","ug/m3 LC","15","TAHOLAH-CHITWIN DRIVE","1","100.0000","88502","Acceptable PM2.5 AQI & Speciation Mass","10140","Aberdeen, WA","53","Washington","027","Grays Harbor","47.3442","-124.2879"
"04/13/2020","AirNow","530270011","4","2.9","ug/m3 LC","12","TAHOLAH-CHITWIN DRIVE","1","100.0000","88502","Acceptable PM2.5 AQI & Speciation Mass","10140","Aberdeen, WA","53","Washington","027","Grays Harbor","47.3442","-124.2879"
"04/14/2020","AirNow","530270011","4","3.5","ug/m3 LC","15","TAHOLAH-CHITWIN DRIVE","1","100.0000","88502","Acceptable PM2.5 AQI & Speciation Mass","10140","Aberdeen, WA","53","Washington","027","Grays Harbor","47.3442","-124.2879"
"04/15/2020","AirNow","530270011","4","2.6","ug/m3 LC","11","TAHOLAH-CHITWIN DRIVE","1","100.0000","88502","Acceptable PM2.5 AQI & Speciation Mass","10140","Aberdeen, WA","53","Washington","027","Grays Harbor","47.3442","-124.2879"
"04/16/2020","AirNow","530270011","4","2.7","ug/m3 LC","11","TAHOLAH-CHITWIN DRIVE","1","100.0000","88502","Acceptable PM2.5 AQI & Speciation Mass","10140","Aberdeen, WA","53","Washington","027","Grays Harbor","47.3442","-124.2879"
"04/17/2020","AirNow","530270011","4","3.5","ug/m3 LC","15","TAHOLAH-CHITWIN DRIVE","1","100.0000","88502","Acceptable PM2.5 AQI & Speciation Mass","10140","Aberdeen, WA","53","Washington","027","Grays Harbor","47.3442","-124.2879"
"04/18/2020","AirNow","530270011","4","1.6","ug/m3 LC","7","TAHOLAH-CHITWIN DRIVE","1","100.0000","88502","Acceptable PM2.5 AQI & Speciation Mass","10140","Aberdeen, WA","53","Washington","027","Grays Harbor","47.3442","-124.2879"
"04/19/2020","AirNow","530270011","4","1.1","ug/m3 LC","5","TAHOLAH-CHITWIN DRIVE","1","100.0000","88502","Acceptable PM2.5 AQI & Speciation Mass","10140","Aberdeen, WA","53","Washington","027","Grays Harbor","47.3442","-124.2879"
"04/20/2020","AirNow","530270011","4","1.8","ug/m3 LC","8","TAHOLAH-CHITWIN DRIVE","1","100.0000","88502","Acceptable PM2.5 AQI & Speciation Mass","10140","Aberdeen, WA","53","Washington","027","Grays Harbor","47.3442","-124.2879"
"04/21/2020","AirNow","530270011","4","1.6","ug/m3 LC","7","TAHOLAH-CHITWIN DRIVE","1","100.0000","88502","Acceptable PM2.5 AQI & Speciation Mass","10140","Aberdeen, WA","53","Washington","027","Grays Harbor","47.3442","-124.2879"
"04/22/2020","AirNow","530270011","4","2.1","ug/m3 LC","9","TAHOLAH-CHITWIN DRIVE","1","100.0000","88502","Acceptable PM2.5 AQI & Speciation Mass","10140","Aberdeen, WA","53","Washington","027","Grays Harbor","47.3442","-124.2879"
"04/23/2020","AirNow","530270011","4","2.3","ug/m3 LC","10","TAHOLAH-CHITWIN DRIVE","1","100.0000","88502","Acceptable PM2.5 AQI & Speciation Mass","10140","Aberdeen, WA","53","Washington","027","Grays Harbor","47.3442","-124.2879"
"04/24/2020","AirNow","530270011","4","1.4","ug/m3 LC","6","TAHOLAH-CHITWIN DRIVE","1","100.0000","88502","Acceptable PM2.5 AQI & Speciation Mass","10140","Aberdeen, WA","53","Washington","027","Grays Harbor","47.3442","-124.2879"
"04/25/2020","AirNow","530270011","4","4","ug/m3 LC","17","TAHOLAH-CHITWIN DRIVE","1","100.0000","88502","Acceptable PM2.5 AQI & Speciation Mass","10140","Aberdeen, WA","53","Washington","027","Grays Harbor","47.3442","-124.2879"
"04/26/2020","AirNow","530270011","4","3","ug/m3 LC","13","TAHOLAH-CHITWIN DRIVE","1","100.0000","88502","Acceptable PM2.5 AQI & Speciation Mass","10140","Aberdeen, WA","53","Washington","027","Grays Harbor","47.3442","-124.2879"
"04/27/2020","AirNow","530270011","4","4.4","ug/m3 LC","18","TAHOLAH-CHITWIN DRIVE","1","100.0000","88502","Acceptable PM2.5 AQI & Speciation Mass","10140","Aberdeen, WA","53","Washington","027","Grays Harbor","47.3442","-124.2879"
"04/28/2020","AirNow","530270011","4","3","ug/m3 LC","13","TAHOLAH-CHITWIN DRIVE","1","100.0000","88502","Acceptable PM2.5 AQI & Speciation Mass","10140","Aberdeen, WA","53","Washington","027","Grays Harbor","47.3442","-124.2879"
"04/29/2020","AirNow","530270011","4","3.1","ug/m3 LC","13","TAHOLAH-CHITWIN DRIVE","1","100.0000","88502","Acceptable PM2.5 AQI & Speciation Mass","10140","Aberdeen, WA","53","Washington","027","Grays Harbor","47.3442","-124.2879"
"04/30/2020","AirNow","530270011","4","2.9","ug/m3 LC","12","TAHOLAH-CHITWIN DRIVE","1","100.0000","88502","Acceptable PM2.5 AQI & Speciation Mass","10140","Aberdeen, WA","53","Washington","027","Grays Harbor","47.3442","-124.2879"
"05/01/2020","AirNow","530270011","4","1.6","ug/m3 LC","7","TAHOLAH-CHITWIN DRIVE","1","100.0000","88502","Acceptable PM2.5 AQI & Speciation Mass","10140","Aberdeen, WA","53","Washington","027","Grays Harbor","47.3442","-124.2879"
"05/02/2020","AirNow","530270011","4","2.5","ug/m3 LC","10","TAHOLAH-CHITWIN DRIVE","1","100.0000","88502","Acceptable PM2.5 AQI & Speciation Mass","10140","Aberdeen, WA","53","Washington","027","Grays Harbor","47.3442","-124.2879"
"01/01/2020","AQS","530272002","4","4.8","ug/m3 LC","20","ABERDEEN - DIVISION ST","1","100.0000","88502","Acceptable PM2.5 AQI & Speciation Mass","10140","Aberdeen, WA","53","Washington","027","Grays Harbor","46.97228","-123.83173"
"01/02/2020","AQS","530272002","4","4.1","ug/m3 LC","17","ABERDEEN - DIVISION ST","1","100.0000","88502","Acceptable PM2.5 AQI & Speciation Mass","10140","Aberdeen, WA","53","Washington","027","Grays Harbor","46.97228","-123.83173"
"01/03/2020","AQS","530272002","4","3.9","ug/m3 LC","16","ABERDEEN - DIVISION ST","1","100.0000","88502","Acceptable PM2.5 AQI & Speciation Mass","10140","Aberdeen, WA","53","Washington","027","Grays Harbor","46.97228","-123.83173"
"01/04/2020","AQS","530272002","4","3.8","ug/m3 LC","16","ABERDEEN - DIVISION ST","1","100.0000","88502","Acceptable PM2.5 AQI & Speciation Mass","10140","Aberdeen, WA","53","Washington","027","Grays Harbor","46.97228","-123.83173"
"01/05/2020","AQS","530272002","4","2.8","ug/m3 LC","12","ABERDEEN - DIVISION ST","1","100.0000","88502","Acceptable PM2.5 AQI & Speciation Mass","10140","Aberdeen, WA","53","Washington","027","Grays Harbor","46.97228","-123.83173"
"01/06/2020","AQS","530272002","4","1.8","ug/m3 LC","8","ABERDEEN - DIVISION ST","1","100.0000","88502","Acceptable PM2.5 AQI & Speciation Mass","10140","Aberdeen, WA","53","Washington","027","Grays Harbor","46.97228","-123.83173"
"01/07/2020","AQS","530272002","4","1.9","ug/m3 LC","8","ABERDEEN - DIVISION ST","1","100.0000","88502","Acceptable PM2.5 AQI & Speciation Mass","10140","Aberdeen, WA","53","Washington","027","Grays Harbor","46.97228","-123.83173"
"01/08/2020","AQS","530272002","4","5.5","ug/m3 LC","23","ABERDEEN - DIVISION ST","1","100.0000","88502","Acceptable PM2.5 AQI & Speciation Mass","10140","Aberdeen, WA","53","Washington","027","Grays Harbor","46.97228","-123.83173"
"01/09/2020","AQS","530272002","4","4.1","ug/m3 LC","17","ABERDEEN - DIVISION ST","1","100.0000","88502","Acceptable PM2.5 AQI & Speciation Mass","10140","Aberdeen, WA","53","Washington","027","Grays Harbor","46.97228","-123.83173"
"01/10/2020","AQS","530272002","4","4.1","ug/m3 LC","17","ABERDEEN - DIVISION ST","1","100.0000","88502","Acceptable PM2.5 AQI & Speciation Mass","10140","Aberdeen, WA","53","Washington","027","Grays Harbor","46.97228","-123.83173"
"01/11/2020","AQS","530272002","4","4.7","ug/m3 LC","20","ABERDEEN - DIVISION ST","1","100.0000","88502","Acceptable PM2.5 AQI & Speciation Mass","10140","Aberdeen, WA","53","Washington","027","Grays Harbor","46.97228","-123.83173"
"01/12/2020","AQS","530272002","4","4","ug/m3 LC","17","ABERDEEN - DIVISION ST","1","100.0000","88502","Acceptable PM2.5 AQI & Speciation Mass","10140","Aberdeen, WA","53","Washington","027","Grays Harbor","46.97228","-123.83173"
"01/13/2020","AQS","530272002","4","6.2","ug/m3 LC","26","ABERDEEN - DIVISION ST","1","100.0000","88502","Acceptable PM2.5 AQI & Speciation Mass","10140","Aberdeen, WA","53","Washington","027","Grays Harbor","46.97228","-123.83173"
"01/14/2020","AQS","530272002","4","5","ug/m3 LC","21","ABERDEEN - DIVISION ST","1","100.0000","88502","Acceptable PM2.5 AQI & Speciation Mass","10140","Aberdeen, WA","53","Washington","027","Grays Harbor","46.97228","-123.83173"
"01/15/2020","AQS","530272002","4","2.3","ug/m3 LC","10","ABERDEEN - DIVISION ST","1","100.0000","88502","Acceptable PM2.5 AQI & Speciation Mass","10140","Aberdeen, WA","53","Washington","027","Grays Harbor","46.97228","-123.83173"
"01/16/2020","AQS","530272002","4","6.3","ug/m3 LC","26","ABERDEEN - DIVISION ST","1","100.0000","88502","Acceptable PM2.5 AQI & Speciation Mass","10140","Aberdeen, WA","53","Washington","027","Grays Harbor","46.97228","-123.83173"
"01/17/2020","AQS","530272002","4","4.4","ug/m3 LC","18","ABERDEEN - DIVISION ST","1","100.0000","88502","Acceptable PM2.5 AQI & Speciation Mass","10140","Aberdeen, WA","53","Washington","027","Grays Harbor","46.97228","-123.83173"
"01/18/2020","AQS","530272002","4","2.6","ug/m3 LC","11","ABERDEEN - DIVISION ST","1","100.0000","88502","Acceptable PM2.5 AQI & Speciation Mass","10140","Aberdeen, WA","53","Washington","027","Grays Harbor","46.97228","-123.83173"
"01/19/2020","AQS","530272002","4","3.8","ug/m3 LC","16","ABERDEEN - DIVISION ST","1","100.0000","88502","Acceptable PM2.5 AQI & Speciation Mass","10140","Aberdeen, WA","53","Washington","027","Grays Harbor","46.97228","-123.83173"
"01/20/2020","AQS","530272002","4","5.5","ug/m3 LC","23","ABERDEEN - DIVISION ST","1","100.0000","88502","Acceptable PM2.5 AQI & Speciation Mass","10140","Aberdeen, WA","53","Washington","027","Grays Harbor","46.97228","-123.83173"
"01/21/2020","AQS","530272002","4","4.5","ug/m3 LC","19","ABERDEEN - DIVISION ST","1","100.0000","88502","Acceptable PM2.5 AQI & Speciation Mass","10140","Aberdeen, WA","53","Washington","027","Grays Harbor","46.97228","-123.83173"
"01/22/2020","AQS","530272002","4","3","ug/m3 LC","13","ABERDEEN - DIVISION ST","1","100.0000","88502","Acceptable PM2.5 AQI & Speciation Mass","10140","Aberdeen, WA","53","Washington","027","Grays Harbor","46.97228","-123.83173"
"01/23/2020","AQS","530272002","4","1.5","ug/m3 LC","6","ABERDEEN - DIVISION ST","1","100.0000","88502","Acceptable PM2.5 AQI & Speciation Mass","10140","Aberdeen, WA","53","Washington","027","Grays Harbor","46.97228","-123.83173"
"01/24/2020","AQS","530272002","4","3.9","ug/m3 LC","16","ABERDEEN - DIVISION ST","1","100.0000","88502","Acceptable PM2.5 AQI & Speciation Mass","10140","Aberdeen, WA","53","Washington","027","Grays Harbor","46.97228","-123.83173"
"01/25/2020","AQS","530272002","4","4","ug/m3 LC","17","ABERDEEN - DIVISION ST","1","100.0000","88502","Acceptable PM2.5 AQI & Speciation Mass","10140","Aberdeen, WA","53","Washington","027","Grays Harbor","46.97228","-123.83173"
"01/26/2020","AQS","530272002","4","4.8","ug/m3 LC","20","ABERDEEN - DIVISION ST","1","100.0000","88502","Acceptable PM2.5 AQI & Speciation Mass","10140","Aberdeen, WA","53","Washington","027","Grays Harbor","46.97228","-123.83173"
"01/27/2020","AQS","530272002","4","3.6","ug/m3 LC","15","ABERDEEN - DIVISION ST","1","100.0000","88502","Acceptable PM2.5 AQI & Speciation Mass","10140","Aberdeen, WA","53","Washington","027","Grays Harbor","46.97228","-123.83173"
"01/28/2020","AQS","530272002","4","3.6","ug/m3 LC","15","ABERDEEN - DIVISION ST","1","100.0000","88502","Acceptable PM2.5 AQI & Speciation Mass","10140","Aberdeen, WA","53","Washington","027","Grays Harbor","46.97228","-123.83173"
"01/29/2020","AQS","530272002","4","5.5","ug/m3 LC","23","ABERDEEN - DIVISION ST","1","100.0000","88502","Acceptable PM2.5 AQI & Speciation Mass","10140","Aberdeen, WA","53","Washington","027","Grays Harbor","46.97228","-123.83173"
"01/30/2020","AQS","530272002","4","3.6","ug/m3 LC","15","ABERDEEN - DIVISION ST","1","100.0000","88502","Acceptable PM2.5 AQI & Speciation Mass","10140","Aberdeen, WA","53","Washington","027","Grays Harbor","46.97228","-123.83173"
"01/31/2020","AQS","530272002","4","1.6","ug/m3 LC","7","ABERDEEN - DIVISION ST","1","100.0000","88502","Acceptable PM2.5 AQI & Speciation Mass","10140","Aberdeen, WA","53","Washington","027","Grays Harbor","46.97228","-123.83173"
"02/01/2020","AirNow","530272002","4","4.6","ug/m3 LC","19","ABERDEEN - DIVISION ST","1","100.0000","88502","Acceptable PM2.5 AQI & Speciation Mass","10140","Aberdeen, WA","53","Washington","027","Grays Harbor","46.97228","-123.83173"
"02/02/2020","AirNow","530272002","4","4.2","ug/m3 LC","18","ABERDEEN - DIVISION ST","1","100.0000","88502","Acceptable PM2.5 AQI & Speciation Mass","10140","Aberdeen, WA","53","Washington","027","Grays Harbor","46.97228","-123.83173"
"02/03/2020","AirNow","530272002","4","7.1","ug/m3 LC","30","ABERDEEN - DIVISION ST","1","100.0000","88502","Acceptable PM2.5 AQI & Speciation Mass","10140","Aberdeen, WA","53","Washington","027","Grays Harbor","46.97228","-123.83173"
"02/04/2020","AirNow","530272002","4","3.8","ug/m3 LC","16","ABERDEEN - DIVISION ST","1","100.0000","88502","Acceptable PM2.5 AQI & Speciation Mass","10140","Aberdeen, WA","53","Washington","027","Grays Harbor","46.97228","-123.83173"
"02/05/2020","AirNow","530272002","4","2","ug/m3 LC","8","ABERDEEN - DIVISION ST","1","100.0000","88502","Acceptable PM2.5 AQI & Speciation Mass","10140","Aberdeen, WA","53","Washington","027","Grays Harbor","46.97228","-123.83173"
"02/06/2020","AirNow","530272002","4","2.3","ug/m3 LC","10","ABERDEEN - DIVISION ST","1","100.0000","88502","Acceptable PM2.5 AQI & Speciation Mass","10140","Aberdeen, WA","53","Washington","027","Grays Harbor","46.97228","-123.83173"
"02/07/2020","AirNow","530272002","4","3.4","ug/m3 LC","14","ABERDEEN - DIVISION ST","1","100.0000","88502","Acceptable PM2.5 AQI & Speciation Mass","10140","Aberdeen, WA","53","Washington","027","Grays Harbor","46.97228","-123.83173"
"02/08/2020","AirNow","530272002","4","5.8","ug/m3 LC","24","ABERDEEN - DIVISION ST","1","100.0000","88502","Acceptable PM2.5 AQI & Speciation Mass","10140","Aberdeen, WA","53","Washington","027","Grays Harbor","46.97228","-123.83173"
"02/09/2020","AirNow","530272002","4","6.3","ug/m3 LC","26","ABERDEEN - DIVISION ST","1","100.0000","88502","Acceptable PM2.5 AQI & Speciation Mass","10140","Aberdeen, WA","53","Washington","027","Grays Harbor","46.97228","-123.83173"
"02/10/2020","AirNow","530272002","4","6.8","ug/m3 LC","28","ABERDEEN - DIVISION ST","1","100.0000","88502","Acceptable PM2.5 AQI & Speciation Mass","10140","Aberdeen, WA","53","Washington","027","Grays Harbor","46.97228","-123.83173"
"02/11/2020","AirNow","530272002","4","5.9","ug/m3 LC","25","ABERDEEN - DIVISION ST","1","100.0000","88502","Acceptable PM2.5 AQI & Speciation Mass","10140","Aberdeen, WA","53","Washington","027","Grays Harbor","46.97228","-123.83173"
"02/12/2020","AirNow","530272002","4","5.9","ug/m3 LC","25","ABERDEEN - DIVISION ST","1","100.0000","88502","Acceptable PM2.5 AQI & Speciation Mass","10140","Aberdeen, WA","53","Washington","027","Grays Harbor","46.97228","-123.83173"
"02/13/2020","AirNow","530272002","4","4.9","ug/m3 LC","20","ABERDEEN - DIVISION ST","1","100.0000","88502","Acceptable PM2.5 AQI & Speciation Mass","10140","Aberdeen, WA","53","Washington","027","Grays Harbor","46.97228","-123.83173"
"02/14/2020","AirNow","530272002","4","4.6","ug/m3 LC","19","ABERDEEN - DIVISION ST","1","100.0000","88502","Acceptable PM2.5 AQI & Speciation Mass","10140","Aberdeen, WA","53","Washington","027","Grays Harbor","46.97228","-123.83173"
"02/15/2020","AirNow","530272002","4","2.8","ug/m3 LC","12","ABERDEEN - DIVISION ST","1","100.0000","88502","Acceptable PM2.5 AQI & Speciation Mass","10140","Aberdeen, WA","53","Washington","027","Grays Harbor","46.97228","-123.83173"
"02/16/2020","AirNow","530272002","4","4.9","ug/m3 LC","20","ABERDEEN - DIVISION ST","1","100.0000","88502","Acceptable PM2.5 AQI & Speciation Mass","10140","Aberdeen, WA","53","Washington","027","Grays Harbor","46.97228","-123.83173"
"02/17/2020","AirNow","530272002","4","6.9","ug/m3 LC","29","ABERDEEN - DIVISION ST","1","100.0000","88502","Acceptable PM2.5 AQI & Speciation Mass","10140","Aberdeen, WA","53","Washington","027","Grays Harbor","46.97228","-123.83173"
"02/18/2020","AirNow","530272002","4","3.8","ug/m3 LC","16","ABERDEEN - DIVISION ST","1","100.0000","88502","Acceptable PM2.5 AQI & Speciation Mass","10140","Aberdeen, WA","53","Washington","027","Grays Harbor","46.97228","-123.83173"
"02/19/2020","AirNow","530272002","4","4.6","ug/m3 LC","19","ABERDEEN - DIVISION ST","1","100.0000","88502","Acceptable PM2.5 AQI & Speciation Mass","10140","Aberdeen, WA","53","Washington","027","Grays Harbor","46.97228","-123.83173"
"02/20/2020","AirNow","530272002","4","5.8","ug/m3 LC","24","ABERDEEN - DIVISION ST","1","100.0000","88502","Acceptable PM2.5 AQI & Speciation Mass","10140","Aberdeen, WA","53","Washington","027","Grays Harbor","46.97228","-123.83173"
"02/21/2020","AirNow","530272002","4","7.7","ug/m3 LC","32","ABERDEEN - DIVISION ST","1","100.0000","88502","Acceptable PM2.5 AQI & Speciation Mass","10140","Aberdeen, WA","53","Washington","027","Grays Harbor","46.97228","-123.83173"
"02/22/2020","AirNow","530272002","4","5.6","ug/m3 LC","23","ABERDEEN - DIVISION ST","1","100.0000","88502","Acceptable PM2.5 AQI & Speciation Mass","10140","Aberdeen, WA","53","Washington","027","Grays Harbor","46.97228","-123.83173"
"02/23/2020","AirNow","530272002","4","5.2","ug/m3 LC","22","ABERDEEN - DIVISION ST","1","100.0000","88502","Acceptable PM2.5 AQI & Speciation Mass","10140","Aberdeen, WA","53","Washington","027","Grays Harbor","46.97228","-123.83173"
"02/24/2020","AirNow","530272002","4","6.1","ug/m3 LC","25","ABERDEEN - DIVISION ST","1","100.0000","88502","Acceptable PM2.5 AQI & Speciation Mass","10140","Aberdeen, WA","53","Washington","027","Grays Harbor","46.97228","-123.83173"
"02/25/2020","AirNow","530272002","4","5.2","ug/m3 LC","22","ABERDEEN - DIVISION ST","1","100.0000","88502","Acceptable PM2.5 AQI & Speciation Mass","10140","Aberdeen, WA","53","Washington","027","Grays Harbor","46.97228","-123.83173"
"02/26/2020","AirNow","530272002","4","4.2","ug/m3 LC","18","ABERDEEN - DIVISION ST","1","100.0000","88502","Acceptable PM2.5 AQI & Speciation Mass","10140","Aberdeen, WA","53","Washington","027","Grays Harbor","46.97228","-123.83173"
"02/27/2020","AirNow","530272002","4","4.5","ug/m3 LC","19","ABERDEEN - DIVISION ST","1","100.0000","88502","Acceptable PM2.5 AQI & Speciation Mass","10140","Aberdeen, WA","53","Washington","027","Grays Harbor","46.97228","-123.83173"
"02/28/2020","AirNow","530272002","4","2.9","ug/m3 LC","12","ABERDEEN - DIVISION ST","1","100.0000","88502","Acceptable PM2.5 AQI & Speciation Mass","10140","Aberdeen, WA","53","Washington","027","Grays Harbor","46.97228","-123.83173"
"02/29/2020","AirNow","530272002","4","5.4","ug/m3 LC","23","ABERDEEN - DIVISION ST","1","100.0000","88502","Acceptable PM2.5 AQI & Speciation Mass","10140","Aberdeen, WA","53","Washington","027","Grays Harbor","46.97228","-123.83173"
"03/01/2020","AirNow","530272002","4","5.4","ug/m3 LC","23","ABERDEEN - DIVISION ST","1","100.0000","88502","Acceptable PM2.5 AQI & Speciation Mass","10140","Aberdeen, WA","53","Washington","027","Grays Harbor","46.97228","-123.83173"
"03/02/2020","AirNow","530272002","4","2.6","ug/m3 LC","11","ABERDEEN - DIVISION ST","1","100.0000","88502","Acceptable PM2.5 AQI & Speciation Mass","10140","Aberdeen, WA","53","Washington","027","Grays Harbor","46.97228","-123.83173"
"03/03/2020","AirNow","530272002","4","3","ug/m3 LC","13","ABERDEEN - DIVISION ST","1","100.0000","88502","Acceptable PM2.5 AQI & Speciation Mass","10140","Aberdeen, WA","53","Washington","027","Grays Harbor","46.97228","-123.83173"
"03/04/2020","AirNow","530272002","4","5.7","ug/m3 LC","24","ABERDEEN - DIVISION ST","1","100.0000","88502","Acceptable PM2.5 AQI & Speciation Mass","10140","Aberdeen, WA","53","Washington","027","Grays Harbor","46.97228","-123.83173"
"03/05/2020","AirNow","530272002","4","4.2","ug/m3 LC","18","ABERDEEN - DIVISION ST","1","100.0000","88502","Acceptable PM2.5 AQI & Speciation Mass","10140","Aberdeen, WA","53","Washington","027","Grays Harbor","46.97228","-123.83173"
"03/06/2020","AirNow","530272002","4","4.6","ug/m3 LC","19","ABERDEEN - DIVISION ST","1","100.0000","88502","Acceptable PM2.5 AQI & Speciation Mass","10140","Aberdeen, WA","53","Washington","027","Grays Harbor","46.97228","-123.83173"
"03/07/2020","AirNow","530272002","4","4.8","ug/m3 LC","20","ABERDEEN - DIVISION ST","1","100.0000","88502","Acceptable PM2.5 AQI & Speciation Mass","10140","Aberdeen, WA","53","Washington","027","Grays Harbor","46.97228","-123.83173"
"03/08/2020","AirNow","530272002","4","4.9","ug/m3 LC","20","ABERDEEN - DIVISION ST","1","100.0000","88502","Acceptable PM2.5 AQI & Speciation Mass","10140","Aberdeen, WA","53","Washington","027","Grays Harbor","46.97228","-123.83173"
"03/09/2020","AirNow","530272002","4","4.5","ug/m3 LC","19","ABERDEEN - DIVISION ST","1","100.0000","88502","Acceptable PM2.5 AQI & Speciation Mass","10140","Aberdeen, WA","53","Washington","027","Grays Harbor","46.97228","-123.83173"
"03/10/2020","AirNow","530272002","4","4","ug/m3 LC","17","ABERDEEN - DIVISION ST","1","100.0000","88502","Acceptable PM2.5 AQI & Speciation Mass","10140","Aberdeen, WA","53","Washington","027","Grays Harbor","46.97228","-123.83173"
"03/11/2020","AirNow","530272002","4","3.5","ug/m3 LC","15","ABERDEEN - DIVISION ST","1","100.0000","88502","Acceptable PM2.5 AQI & Speciation Mass","10140","Aberdeen, WA","53","Washington","027","Grays Harbor","46.97228","-123.83173"
"03/12/2020","AirNow","530272002","4","4.9","ug/m3 LC","20","ABERDEEN - DIVISION ST","1","100.0000","88502","Acceptable PM2.5 AQI & Speciation Mass","10140","Aberdeen, WA","53","Washington","027","Grays Harbor","46.97228","-123.83173"
"03/13/2020","AirNow","530272002","4","4.2","ug/m3 LC","18","ABERDEEN - DIVISION ST","1","100.0000","88502","Acceptable PM2.5 AQI & Speciation Mass","10140","Aberdeen, WA","53","Washington","027","Grays Harbor","46.97228","-123.83173"
"03/14/2020","AirNow","530272002","4","2.7","ug/m3 LC","11","ABERDEEN - DIVISION ST","1","100.0000","88502","Acceptable PM2.5 AQI & Speciation Mass","10140","Aberdeen, WA","53","Washington","027","Grays Harbor","46.97228","-123.83173"
"03/15/2020","AirNow","530272002","4","3.3","ug/m3 LC","14","ABERDEEN - DIVISION ST","1","100.0000","88502","Acceptable PM2.5 AQI & Speciation Mass","10140","Aberdeen, WA","53","Washington","027","Grays Harbor","46.97228","-123.83173"
"03/16/2020","AirNow","530272002","4","4.7","ug/m3 LC","20","ABERDEEN - DIVISION ST","1","100.0000","88502","Acceptable PM2.5 AQI & Speciation Mass","10140","Aberdeen, WA","53","Washington","027","Grays Harbor","46.97228","-123.83173"
"03/17/2020","AirNow","530272002","4","6.6","ug/m3 LC","28","ABERDEEN - DIVISION ST","1","100.0000","88502","Acceptable PM2.5 AQI & Speciation Mass","10140","Aberdeen, WA","53","Washington","027","Grays Harbor","46.97228","-123.83173"
"03/18/2020","AirNow","530272002","4","7.5","ug/m3 LC","31","ABERDEEN - DIVISION ST","1","100.0000","88502","Acceptable PM2.5 AQI & Speciation Mass","10140","Aberdeen, WA","53","Washington","027","Grays Harbor","46.97228","-123.83173"
"03/19/2020","AirNow","530272002","4","7.5","ug/m3 LC","31","ABERDEEN - DIVISION ST","1","100.0000","88502","Acceptable PM2.5 AQI & Speciation Mass","10140","Aberdeen, WA","53","Washington","027","Grays Harbor","46.97228","-123.83173"
"03/20/2020","AirNow","530272002","4","6.2","ug/m3 LC","26","ABERDEEN - DIVISION ST","1","100.0000","88502","Acceptable PM2.5 AQI & Speciation Mass","10140","Aberdeen, WA","53","Washington","027","Grays Harbor","46.97228","-123.83173"
"03/21/2020","AirNow","530272002","4","7.8","ug/m3 LC","33","ABERDEEN - DIVISION ST","1","100.0000","88502","Acceptable PM2.5 AQI & Speciation Mass","10140","Aberdeen, WA","53","Washington","027","Grays Harbor","46.97228","-123.83173"
"03/22/2020","AirNow","530272002","4","8","ug/m3 LC","33","ABERDEEN - DIVISION ST","1","100.0000","88502","Acceptable PM2.5 AQI & Speciation Mass","10140","Aberdeen, WA","53","Washington","027","Grays Harbor","46.97228","-123.83173"
"03/23/2020","AirNow","530272002","4","2.7","ug/m3 LC","11","ABERDEEN - DIVISION ST","1","100.0000","88502","Acceptable PM2.5 AQI & Speciation Mass","10140","Aberdeen, WA","53","Washington","027","Grays Harbor","46.97228","-123.83173"
"03/24/2020","AirNow","530272002","4","2.7","ug/m3 LC","11","ABERDEEN - DIVISION ST","1","100.0000","88502","Acceptable PM2.5 AQI & Speciation Mass","10140","Aberdeen, WA","53","Washington","027","Grays Harbor","46.97228","-123.83173"
"03/25/2020","AirNow","530272002","4","4.4","ug/m3 LC","18","ABERDEEN - DIVISION ST","1","100.0000","88502","Acceptable PM2.5 AQI & Speciation Mass","10140","Aberdeen, WA","53","Washington","027","Grays Harbor","46.97228","-123.83173"
"03/26/2020","AirNow","530272002","4","6.7","ug/m3 LC","28","ABERDEEN - DIVISION ST","1","100.0000","88502","Acceptable PM2.5 AQI & Speciation Mass","10140","Aberdeen, WA","53","Washington","027","Grays Harbor","46.97228","-123.83173"
"03/27/2020","AirNow","530272002","4","4.7","ug/m3 LC","20","ABERDEEN - DIVISION ST","1","100.0000","88502","Acceptable PM2.5 AQI & Speciation Mass","10140","Aberdeen, WA","53","Washington","027","Grays Harbor","46.97228","-123.83173"
"03/28/2020","AirNow","530272002","4","1.9","ug/m3 LC","8","ABERDEEN - DIVISION ST","1","100.0000","88502","Acceptable PM2.5 AQI & Speciation Mass","10140","Aberdeen, WA","53","Washington","027","Grays Harbor","46.97228","-123.83173"
"03/29/2020","AirNow","530272002","4","2.2","ug/m3 LC","9","ABERDEEN - DIVISION ST","1","100.0000","88502","Acceptable PM2.5 AQI & Speciation Mass","10140","Aberdeen, WA","53","Washington","027","Grays Harbor","46.97228","-123.83173"
"03/30/2020","AirNow","530272002","4","3","ug/m3 LC","13","ABERDEEN - DIVISION ST","1","100.0000","88502","Acceptable PM2.5 AQI & Speciation Mass","10140","Aberdeen, WA","53","Washington","027","Grays Harbor","46.97228","-123.83173"
"03/31/2020","AirNow","530272002","4","3.4","ug/m3 LC","14","ABERDEEN - DIVISION ST","1","100.0000","88502","Acceptable PM2.5 AQI & Speciation Mass","10140","Aberdeen, WA","53","Washington","027","Grays Harbor","46.97228","-123.83173"
"04/01/2020","AirNow","530272002","4","4.2","ug/m3 LC","18","ABERDEEN - DIVISION ST","1","100.0000","88502","Acceptable PM2.5 AQI & Speciation Mass","10140","Aberdeen, WA","53","Washington","027","Grays Harbor","46.97228","-123.83173"
"04/02/2020","AirNow","530272002","4","3.9","ug/m3 LC","16","ABERDEEN - DIVISION ST","1","100.0000","88502","Acceptable PM2.5 AQI & Speciation Mass","10140","Aberdeen, WA","53","Washington","027","Grays Harbor","46.97228","-123.83173"
"04/03/2020","AirNow","530272002","4","4.9","ug/m3 LC","20","ABERDEEN - DIVISION ST","1","100.0000","88502","Acceptable PM2.5 AQI & Speciation Mass","10140","Aberdeen, WA","53","Washington","027","Grays Harbor","46.97228","-123.83173"
"04/04/2020","AirNow","530272002","4","3.7","ug/m3 LC","15","ABERDEEN - DIVISION ST","1","100.0000","88502","Acceptable PM2.5 AQI & Speciation Mass","10140","Aberdeen, WA","53","Washington","027","Grays Harbor","46.97228","-123.83173"
"04/05/2020","AirNow","530272002","4","3.3","ug/m3 LC","14","ABERDEEN - DIVISION ST","1","100.0000","88502","Acceptable PM2.5 AQI & Speciation Mass","10140","Aberdeen, WA","53","Washington","027","Grays Harbor","46.97228","-123.83173"
"04/06/2020","AirNow","530272002","4","4.7","ug/m3 LC","20","ABERDEEN - DIVISION ST","1","100.0000","88502","Acceptable PM2.5 AQI & Speciation Mass","10140","Aberdeen, WA","53","Washington","027","Grays Harbor","46.97228","-123.83173"
"04/07/2020","AirNow","530272002","4","5.3","ug/m3 LC","22","ABERDEEN - DIVISION ST","1","100.0000","88502","Acceptable PM2.5 AQI & Speciation Mass","10140","Aberdeen, WA","53","Washington","027","Grays Harbor","46.97228","-123.83173"
"04/08/2020","AirNow","530272002","4","6.7","ug/m3 LC","28","ABERDEEN - DIVISION ST","1","100.0000","88502","Acceptable PM2.5 AQI & Speciation Mass","10140","Aberdeen, WA","53","Washington","027","Grays Harbor","46.97228","-123.83173"
"04/09/2020","AirNow","530272002","4","7","ug/m3 LC","29","ABERDEEN - DIVISION ST","1","100.0000","88502","Acceptable PM2.5 AQI & Speciation Mass","10140","Aberdeen, WA","53","Washington","027","Grays Harbor","46.97228","-123.83173"
"04/10/2020","AirNow","530272002","4","4.7","ug/m3 LC","20","ABERDEEN - DIVISION ST","1","100.0000","88502","Acceptable PM2.5 AQI & Speciation Mass","10140","Aberdeen, WA","53","Washington","027","Grays Harbor","46.97228","-123.83173"
"04/11/2020","AirNow","530272002","4","8.6","ug/m3 LC","36","ABERDEEN - DIVISION ST","1","100.0000","88502","Acceptable PM2.5 AQI & Speciation Mass","10140","Aberdeen, WA","53","Washington","027","Grays Harbor","46.97228","-123.83173"
"04/12/2020","AirNow","530272002","4","5","ug/m3 LC","21","ABERDEEN - DIVISION ST","1","100.0000","88502","Acceptable PM2.5 AQI & Speciation Mass","10140","Aberdeen, WA","53","Washington","027","Grays Harbor","46.97228","-123.83173"
"04/13/2020","AirNow","530272002","4","3.7","ug/m3 LC","15","ABERDEEN - DIVISION ST","1","100.0000","88502","Acceptable PM2.5 AQI & Speciation Mass","10140","Aberdeen, WA","53","Washington","027","Grays Harbor","46.97228","-123.83173"
"04/14/2020","AirNow","530272002","4","3","ug/m3 LC","13","ABERDEEN - DIVISION ST","1","100.0000","88502","Acceptable PM2.5 AQI & Speciation Mass","10140","Aberdeen, WA","53","Washington","027","Grays Harbor","46.97228","-123.83173"
"04/15/2020","AirNow","530272002","4","3.4","ug/m3 LC","14","ABERDEEN - DIVISION ST","1","100.0000","88502","Acceptable PM2.5 AQI & Speciation Mass","10140","Aberdeen, WA","53","Washington","027","Grays Harbor","46.97228","-123.83173"
"04/16/2020","AirNow","530272002","4","3.6","ug/m3 LC","15","ABERDEEN - DIVISION ST","1","100.0000","88502","Acceptable PM2.5 AQI & Speciation Mass","10140","Aberdeen, WA","53","Washington","027","Grays Harbor","46.97228","-123.83173"
"04/17/2020","AirNow","530272002","4","3.9","ug/m3 LC","16","ABERDEEN - DIVISION ST","1","100.0000","88502","Acceptable PM2.5 AQI & Speciation Mass","10140","Aberdeen, WA","53","Washington","027","Grays Harbor","46.97228","-123.83173"
"04/18/2020","AirNow","530272002","4","2.2","ug/m3 LC","9","ABERDEEN - DIVISION ST","1","100.0000","88502","Acceptable PM2.5 AQI & Speciation Mass","10140","Aberdeen, WA","53","Washington","027","Grays Harbor","46.97228","-123.83173"
"04/19/2020","AirNow","530272002","4","3.4","ug/m3 LC","14","ABERDEEN - DIVISION ST","1","100.0000","88502","Acceptable PM2.5 AQI & Speciation Mass","10140","Aberdeen, WA","53","Washington","027","Grays Harbor","46.97228","-123.83173"
"04/20/2020","AirNow","530272002","4","4.1","ug/m3 LC","17","ABERDEEN - DIVISION ST","1","100.0000","88502","Acceptable PM2.5 AQI & Speciation Mass","10140","Aberdeen, WA","53","Washington","027","Grays Harbor","46.97228","-123.83173"
"04/21/2020","AirNow","530272002","4","2","ug/m3 LC","8","ABERDEEN - DIVISION ST","1","100.0000","88502","Acceptable PM2.5 AQI & Speciation Mass","10140","Aberdeen, WA","53","Washington","027","Grays Harbor","46.97228","-123.83173"
"04/22/2020","AirNow","530272002","4","2.8","ug/m3 LC","12","ABERDEEN - DIVISION ST","1","100.0000","88502","Acceptable PM2.5 AQI & Speciation Mass","10140","Aberdeen, WA","53","Washington","027","Grays Harbor","46.97228","-123.83173"
"04/23/2020","AirNow","530272002","4","1.8","ug/m3 LC","8","ABERDEEN - DIVISION ST","1","100.0000","88502","Acceptable PM2.5 AQI & Speciation Mass","10140","Aberdeen, WA","53","Washington","027","Grays Harbor","46.97228","-123.83173"
"04/24/2020","AirNow","530272002","4","2.7","ug/m3 LC","11","ABERDEEN - DIVISION ST","1","100.0000","88502","Acceptable PM2.5 AQI & Speciation Mass","10140","Aberdeen, WA","53","Washington","027","Grays Harbor","46.97228","-123.83173"
"04/25/2020","AirNow","530272002","4","4.6","ug/m3 LC","19","ABERDEEN - DIVISION ST","1","100.0000","88502","Acceptable PM2.5 AQI & Speciation Mass","10140","Aberdeen, WA","53","Washington","027","Grays Harbor","46.97228","-123.83173"
"04/26/2020","AirNow","530272002","4","4.1","ug/m3 LC","17","ABERDEEN - DIVISION ST","1","100.0000","88502","Acceptable PM2.5 AQI & Speciation Mass","10140","Aberdeen, WA","53","Washington","027","Grays Harbor","46.97228","-123.83173"
"04/27/2020","AirNow","530272002","4","4.3","ug/m3 LC","18","ABERDEEN - DIVISION ST","1","100.0000","88502","Acceptable PM2.5 AQI & Speciation Mass","10140","Aberdeen, WA","53","Washington","027","Grays Harbor","46.97228","-123.83173"
"04/28/2020","AirNow","530272002","4","8.7","ug/m3 LC","36","ABERDEEN - DIVISION ST","1","100.0000","88502","Acceptable PM2.5 AQI & Speciation Mass","10140","Aberdeen, WA","53","Washington","027","Grays Harbor","46.97228","-123.83173"
"04/29/2020","AirNow","530272002","4","3.2","ug/m3 LC","13","ABERDEEN - DIVISION ST","1","100.0000","88502","Acceptable PM2.5 AQI & Speciation Mass","10140","Aberdeen, WA","53","Washington","027","Grays Harbor","46.97228","-123.83173"
"04/30/2020","AirNow","530272002","4","3.1","ug/m3 LC","13","ABERDEEN - DIVISION ST","1","100.0000","88502","Acceptable PM2.5 AQI & Speciation Mass","10140","Aberdeen, WA","53","Washington","027","Grays Harbor","46.97228","-123.83173"
"05/01/2020","AirNow","530272002","4","3.5","ug/m3 LC","15","ABERDEEN - DIVISION ST","1","100.0000","88502","Acceptable PM2.5 AQI & Speciation Mass","10140","Aberdeen, WA","53","Washington","027","Grays Harbor","46.97228","-123.83173"
"05/02/2020","AirNow","530272002","4","3.7","ug/m3 LC","15","ABERDEEN - DIVISION ST","1","100.0000","88502","Acceptable PM2.5 AQI & Speciation Mass","10140","Aberdeen, WA","53","Washington","027","Grays Harbor","46.97228","-123.83173"
"01/01/2020","AQS","530310003","4","3.4","ug/m3 LC","14","Port Townsend-San Juan","1","100.0000","88502","Acceptable PM2.5 AQI & Speciation Mass","","","53","Washington","031","Jefferson","48.12919","-122.77897"
"01/02/2020","AQS","530310003","4","3.6","ug/m3 LC","15","Port Townsend-San Juan","1","100.0000","88502","Acceptable PM2.5 AQI & Speciation Mass","","","53","Washington","031","Jefferson","48.12919","-122.77897"
"01/03/2020","AQS","530310003","4","3.3","ug/m3 LC","14","Port Townsend-San Juan","1","100.0000","88502","Acceptable PM2.5 AQI & Speciation Mass","","","53","Washington","031","Jefferson","48.12919","-122.77897"
"01/07/2020","AQS","530310003","4","2.9","ug/m3 LC","12","Port Townsend-San Juan","1","100.0000","88502","Acceptable PM2.5 AQI & Speciation Mass","","","53","Washington","031","Jefferson","48.12919","-122.77897"
"01/08/2020","AQS","530310003","4","3.7","ug/m3 LC","15","Port Townsend-San Juan","1","100.0000","88502","Acceptable PM2.5 AQI & Speciation Mass","","","53","Washington","031","Jefferson","48.12919","-122.77897"
"01/09/2020","AQS","530310003","4","3.6","ug/m3 LC","15","Port Townsend-San Juan","1","100.0000","88502","Acceptable PM2.5 AQI & Speciation Mass","","","53","Washington","031","Jefferson","48.12919","-122.77897"
"01/10/2020","AQS","530310003","4","2.8","ug/m3 LC","12","Port Townsend-San Juan","1","100.0000","88502","Acceptable PM2.5 AQI & Speciation Mass","","","53","Washington","031","Jefferson","48.12919","-122.77897"
"01/11/2020","AQS","530310003","4","3.5","ug/m3 LC","15","Port Townsend-San Juan","1","100.0000","88502","Acceptable PM2.5 AQI & Speciation Mass","","","53","Washington","031","Jefferson","48.12919","-122.77897"
"01/12/2020","AQS","530310003","4","3.1","ug/m3 LC","13","Port Townsend-San Juan","1","100.0000","88502","Acceptable PM2.5 AQI & Speciation Mass","","","53","Washington","031","Jefferson","48.12919","-122.77897"
"01/13/2020","AQS","530310003","4","3.7","ug/m3 LC","15","Port Townsend-San Juan","1","100.0000","88502","Acceptable PM2.5 AQI & Speciation Mass","","","53","Washington","031","Jefferson","48.12919","-122.77897"
"01/14/2020","AQS","530310003","4","3.6","ug/m3 LC","15","Port Townsend-San Juan","1","100.0000","88502","Acceptable PM2.5 AQI & Speciation Mass","","","53","Washington","031","Jefferson","48.12919","-122.77897"
"01/15/2020","AQS","530310003","4","3.8","ug/m3 LC","16","Port Townsend-San Juan","1","100.0000","88502","Acceptable PM2.5 AQI & Speciation Mass","","","53","Washington","031","Jefferson","48.12919","-122.77897"
"01/16/2020","AQS","530310003","4","3.6","ug/m3 LC","15","Port Townsend-San Juan","1","100.0000","88502","Acceptable PM2.5 AQI & Speciation Mass","","","53","Washington","031","Jefferson","48.12919","-122.77897"
"01/17/2020","AQS","530310003","4","4.5","ug/m3 LC","19","Port Townsend-San Juan","1","100.0000","88502","Acceptable PM2.5 AQI & Speciation Mass","","","53","Washington","031","Jefferson","48.12919","-122.77897"
"01/18/2020","AQS","530310003","4","2.6","ug/m3 LC","11","Port Townsend-San Juan","1","100.0000","88502","Acceptable PM2.5 AQI & Speciation Mass","","","53","Washington","031","Jefferson","48.12919","-122.77897"
"01/19/2020","AQS","530310003","4","3.6","ug/m3 LC","15","Port Townsend-San Juan","1","100.0000","88502","Acceptable PM2.5 AQI & Speciation Mass","","","53","Washington","031","Jefferson","48.12919","-122.77897"
"01/20/2020","AQS","530310003","4","4.2","ug/m3 LC","18","Port Townsend-San Juan","1","100.0000","88502","Acceptable PM2.5 AQI & Speciation Mass","","","53","Washington","031","Jefferson","48.12919","-122.77897"
"01/21/2020","AQS","530310003","4","3.3","ug/m3 LC","14","Port Townsend-San Juan","1","100.0000","88502","Acceptable PM2.5 AQI & Speciation Mass","","","53","Washington","031","Jefferson","48.12919","-122.77897"
"01/22/2020","AQS","530310003","4","3.1","ug/m3 LC","13","Port Townsend-San Juan","1","100.0000","88502","Acceptable PM2.5 AQI & Speciation Mass","","","53","Washington","031","Jefferson","48.12919","-122.77897"
"01/23/2020","AQS","530310003","4","2.5","ug/m3 LC","10","Port Townsend-San Juan","1","100.0000","88502","Acceptable PM2.5 AQI & Speciation Mass","","","53","Washington","031","Jefferson","48.12919","-122.77897"
"01/24/2020","AQS","530310003","4","3.6","ug/m3 LC","15","Port Townsend-San Juan","1","100.0000","88502","Acceptable PM2.5 AQI & Speciation Mass","","","53","Washington","031","Jefferson","48.12919","-122.77897"
"01/25/2020","AQS","530310003","4","3.7","ug/m3 LC","15","Port Townsend-San Juan","1","100.0000","88502","Acceptable PM2.5 AQI & Speciation Mass","","","53","Washington","031","Jefferson","48.12919","-122.77897"
"01/26/2020","AQS","530310003","4","3.3","ug/m3 LC","14","Port Townsend-San Juan","1","100.0000","88502","Acceptable PM2.5 AQI & Speciation Mass","","","53","Washington","031","Jefferson","48.12919","-122.77897"
"01/27/2020","AQS","530310003","4","3.3","ug/m3 LC","14","Port Townsend-San Juan","1","100.0000","88502","Acceptable PM2.5 AQI & Speciation Mass","","","53","Washington","031","Jefferson","48.12919","-122.77897"
"01/28/2020","AQS","530310003","4","3.8","ug/m3 LC","16","Port Townsend-San Juan","1","100.0000","88502","Acceptable PM2.5 AQI & Speciation Mass","","","53","Washington","031","Jefferson","48.12919","-122.77897"
"01/29/2020","AQS","530310003","4","5.2","ug/m3 LC","22","Port Townsend-San Juan","1","100.0000","88502","Acceptable PM2.5 AQI & Speciation Mass","","","53","Washington","031","Jefferson","48.12919","-122.77897"
"01/30/2020","AQS","530310003","4","3.8","ug/m3 LC","16","Port Townsend-San Juan","1","100.0000","88502","Acceptable PM2.5 AQI & Speciation Mass","","","53","Washington","031","Jefferson","48.12919","-122.77897"
"01/31/2020","AQS","530310003","4","2.5","ug/m3 LC","10","Port Townsend-San Juan","1","100.0000","88502","Acceptable PM2.5 AQI & Speciation Mass","","","53","Washington","031","Jefferson","48.12919","-122.77897"
"02/01/2020","AirNow","530310003","4","3.4","ug/m3 LC","14","Port Townsend-San Juan","1","100.0000","88502","Acceptable PM2.5 AQI & Speciation Mass","","","53","Washington","031","Jefferson","48.12919","-122.77897"
"02/02/2020","AirNow","530310003","4","4.9","ug/m3 LC","20","Port Townsend-San Juan","1","100.0000","88502","Acceptable PM2.5 AQI & Speciation Mass","","","53","Washington","031","Jefferson","48.12919","-122.77897"
"02/03/2020","AirNow","530310003","4","5.2","ug/m3 LC","22","Port Townsend-San Juan","1","100.0000","88502","Acceptable PM2.5 AQI & Speciation Mass","","","53","Washington","031","Jefferson","48.12919","-122.77897"
"02/04/2020","AirNow","530310003","4","4.3","ug/m3 LC","18","Port Townsend-San Juan","1","100.0000","88502","Acceptable PM2.5 AQI & Speciation Mass","","","53","Washington","031","Jefferson","48.12919","-122.77897"
"02/05/2020","AirNow","530310003","4","3.4","ug/m3 LC","14","Port Townsend-San Juan","1","100.0000","88502","Acceptable PM2.5 AQI & Speciation Mass","","","53","Washington","031","Jefferson","48.12919","-122.77897"
"02/06/2020","AirNow","530310003","4","4.3","ug/m3 LC","18","Port Townsend-San Juan","1","100.0000","88502","Acceptable PM2.5 AQI & Speciation Mass","","","53","Washington","031","Jefferson","48.12919","-122.77897"
"02/07/2020","AirNow","530310003","4","3.8","ug/m3 LC","16","Port Townsend-San Juan","1","100.0000","88502","Acceptable PM2.5 AQI & Speciation Mass","","","53","Washington","031","Jefferson","48.12919","-122.77897"
"02/08/2020","AirNow","530310003","4","3.8","ug/m3 LC","16","Port Townsend-San Juan","1","100.0000","88502","Acceptable PM2.5 AQI & Speciation Mass","","","53","Washington","031","Jefferson","48.12919","-122.77897"
"02/09/2020","AirNow","530310003","4","7","ug/m3 LC","29","Port Townsend-San Juan","1","100.0000","88502","Acceptable PM2.5 AQI & Speciation Mass","","","53","Washington","031","Jefferson","48.12919","-122.77897"
"02/10/2020","AirNow","530310003","4","8","ug/m3 LC","33","Port Townsend-San Juan","1","100.0000","88502","Acceptable PM2.5 AQI & Speciation Mass","","","53","Washington","031","Jefferson","48.12919","-122.77897"
"02/11/2020","AirNow","530310003","4","6.3","ug/m3 LC","26","Port Townsend-San Juan","1","100.0000","88502","Acceptable PM2.5 AQI & Speciation Mass","","","53","Washington","031","Jefferson","48.12919","-122.77897"
"02/12/2020","AirNow","530310003","4","6.9","ug/m3 LC","29","Port Townsend-San Juan","1","100.0000","88502","Acceptable PM2.5 AQI & Speciation Mass","","","53","Washington","031","Jefferson","48.12919","-122.77897"
"02/13/2020","AirNow","530310003","4","5.7","ug/m3 LC","24","Port Townsend-San Juan","1","100.0000","88502","Acceptable PM2.5 AQI & Speciation Mass","","","53","Washington","031","Jefferson","48.12919","-122.77897"
"02/14/2020","AirNow","530310003","4","4.3","ug/m3 LC","18","Port Townsend-San Juan","1","100.0000","88502","Acceptable PM2.5 AQI & Speciation Mass","","","53","Washington","031","Jefferson","48.12919","-122.77897"
"02/15/2020","AirNow","530310003","4","3.1","ug/m3 LC","13","Port Townsend-San Juan","1","100.0000","88502","Acceptable PM2.5 AQI & Speciation Mass","","","53","Washington","031","Jefferson","48.12919","-122.77897"
"02/16/2020","AirNow","530310003","4","3.4","ug/m3 LC","14","Port Townsend-San Juan","1","100.0000","88502","Acceptable PM2.5 AQI & Speciation Mass","","","53","Washington","031","Jefferson","48.12919","-122.77897"
"02/17/2020","AirNow","530310003","4","5.8","ug/m3 LC","24","Port Townsend-San Juan","1","100.0000","88502","Acceptable PM2.5 AQI & Speciation Mass","","","53","Washington","031","Jefferson","48.12919","-122.77897"
"02/18/2020","AirNow","530310003","4","5.7","ug/m3 LC","24","Port Townsend-San Juan","1","100.0000","88502","Acceptable PM2.5 AQI & Speciation Mass","","","53","Washington","031","Jefferson","48.12919","-122.77897"
"02/19/2020","AirNow","530310003","4","8.8","ug/m3 LC","37","Port Townsend-San Juan","1","100.0000","88502","Acceptable PM2.5 AQI & Speciation Mass","","","53","Washington","031","Jefferson","48.12919","-122.77897"
"02/20/2020","AirNow","530310003","4","8.4","ug/m3 LC","35","Port Townsend-San Juan","1","100.0000","88502","Acceptable PM2.5 AQI & Speciation Mass","","","53","Washington","031","Jefferson","48.12919","-122.77897"
"02/21/2020","AirNow","530310003","4","8.6","ug/m3 LC","36","Port Townsend-San Juan","1","100.0000","88502","Acceptable PM2.5 AQI & Speciation Mass","","","53","Washington","031","Jefferson","48.12919","-122.77897"
"02/22/2020","AirNow","530310003","4","5.5","ug/m3 LC","23","Port Townsend-San Juan","1","100.0000","88502","Acceptable PM2.5 AQI & Speciation Mass","","","53","Washington","031","Jefferson","48.12919","-122.77897"
"02/23/2020","AirNow","530310003","4","3.6","ug/m3 LC","15","Port Townsend-San Juan","1","100.0000","88502","Acceptable PM2.5 AQI & Speciation Mass","","","53","Washington","031","Jefferson","48.12919","-122.77897"
"02/24/2020","AirNow","530310003","4","5","ug/m3 LC","21","Port Townsend-San Juan","1","100.0000","88502","Acceptable PM2.5 AQI & Speciation Mass","","","53","Washington","031","Jefferson","48.12919","-122.77897"
"02/25/2020","AirNow","530310003","4","5.6","ug/m3 LC","23","Port Townsend-San Juan","1","100.0000","88502","Acceptable PM2.5 AQI & Speciation Mass","","","53","Washington","031","Jefferson","48.12919","-122.77897"
"02/26/2020","AirNow","530310003","4","5.4","ug/m3 LC","23","Port Townsend-San Juan","1","100.0000","88502","Acceptable PM2.5 AQI & Speciation Mass","","","53","Washington","031","Jefferson","48.12919","-122.77897"
"02/27/2020","AirNow","530310003","4","5.8","ug/m3 LC","24","Port Townsend-San Juan","1","100.0000","88502","Acceptable PM2.5 AQI & Speciation Mass","","","53","Washington","031","Jefferson","48.12919","-122.77897"
"02/28/2020","AirNow","530310003","4","5.4","ug/m3 LC","23","Port Townsend-San Juan","1","100.0000","88502","Acceptable PM2.5 AQI & Speciation Mass","","","53","Washington","031","Jefferson","48.12919","-122.77897"
"02/29/2020","AirNow","530310003","4","3.8","ug/m3 LC","16","Port Townsend-San Juan","1","100.0000","88502","Acceptable PM2.5 AQI & Speciation Mass","","","53","Washington","031","Jefferson","48.12919","-122.77897"
"03/01/2020","AirNow","530310003","4","4.7","ug/m3 LC","20","Port Townsend-San Juan","1","100.0000","88502","Acceptable PM2.5 AQI & Speciation Mass","","","53","Washington","031","Jefferson","48.12919","-122.77897"
"03/02/2020","AirNow","530310003","4","4.9","ug/m3 LC","20","Port Townsend-San Juan","1","100.0000","88502","Acceptable PM2.5 AQI & Speciation Mass","","","53","Washington","031","Jefferson","48.12919","-122.77897"
"03/03/2020","AirNow","530310003","4","3.6","ug/m3 LC","15","Port Townsend-San Juan","1","100.0000","88502","Acceptable PM2.5 AQI & Speciation Mass","","","53","Washington","031","Jefferson","48.12919","-122.77897"
"03/04/2020","AirNow","530310003","4","4.6","ug/m3 LC","19","Port Townsend-San Juan","1","100.0000","88502","Acceptable PM2.5 AQI & Speciation Mass","","","53","Washington","031","Jefferson","48.12919","-122.77897"
"03/05/2020","AirNow","530310003","4","4.1","ug/m3 LC","17","Port Townsend-San Juan","1","100.0000","88502","Acceptable PM2.5 AQI & Speciation Mass","","","53","Washington","031","Jefferson","48.12919","-122.77897"
"03/06/2020","AirNow","530310003","4","5","ug/m3 LC","21","Port Townsend-San Juan","1","100.0000","88502","Acceptable PM2.5 AQI & Speciation Mass","","","53","Washington","031","Jefferson","48.12919","-122.77897"
"03/07/2020","AirNow","530310003","4","5.9","ug/m3 LC","25","Port Townsend-San Juan","1","100.0000","88502","Acceptable PM2.5 AQI & Speciation Mass","","","53","Washington","031","Jefferson","48.12919","-122.77897"
"03/08/2020","AirNow","530310003","4","4.4","ug/m3 LC","18","Port Townsend-San Juan","1","100.0000","88502","Acceptable PM2.5 AQI & Speciation Mass","","","53","Washington","031","Jefferson","48.12919","-122.77897"
"03/09/2020","AirNow","530310003","4","5.6","ug/m3 LC","23","Port Townsend-San Juan","1","100.0000","88502","Acceptable PM2.5 AQI & Speciation Mass","","","53","Washington","031","Jefferson","48.12919","-122.77897"
"03/10/2020","AirNow","530310003","4","5.7","ug/m3 LC","24","Port Townsend-San Juan","1","100.0000","88502","Acceptable PM2.5 AQI & Speciation Mass","","","53","Washington","031","Jefferson","48.12919","-122.77897"
"03/11/2020","AirNow","530310003","4","4.2","ug/m3 LC","18","Port Townsend-San Juan","1","100.0000","88502","Acceptable PM2.5 AQI & Speciation Mass","","","53","Washington","031","Jefferson","48.12919","-122.77897"
"03/12/2020","AirNow","530310003","4","3.8","ug/m3 LC","16","Port Townsend-San Juan","1","100.0000","88502","Acceptable PM2.5 AQI & Speciation Mass","","","53","Washington","031","Jefferson","48.12919","-122.77897"
"03/13/2020","AirNow","530310003","4","3.5","ug/m3 LC","15","Port Townsend-San Juan","1","100.0000","88502","Acceptable PM2.5 AQI & Speciation Mass","","","53","Washington","031","Jefferson","48.12919","-122.77897"
"03/14/2020","AirNow","530310003","4","4.1","ug/m3 LC","17","Port Townsend-San Juan","1","100.0000","88502","Acceptable PM2.5 AQI & Speciation Mass","","","53","Washington","031","Jefferson","48.12919","-122.77897"
"03/15/2020","AirNow","530310003","4","3.8","ug/m3 LC","16","Port Townsend-San Juan","1","100.0000","88502","Acceptable PM2.5 AQI & Speciation Mass","","","53","Washington","031","Jefferson","48.12919","-122.77897"
"03/16/2020","AirNow","530310003","4","4.3","ug/m3 LC","18","Port Townsend-San Juan","1","100.0000","88502","Acceptable PM2.5 AQI & Speciation Mass","","","53","Washington","031","Jefferson","48.12919","-122.77897"
"03/17/2020","AirNow","530310003","4","7.4","ug/m3 LC","31","Port Townsend-San Juan","1","100.0000","88502","Acceptable PM2.5 AQI & Speciation Mass","","","53","Washington","031","Jefferson","48.12919","-122.77897"
"03/18/2020","AirNow","530310003","4","7.8","ug/m3 LC","33","Port Townsend-San Juan","1","100.0000","88502","Acceptable PM2.5 AQI & Speciation Mass","","","53","Washington","031","Jefferson","48.12919","-122.77897"
"03/19/2020","AirNow","530310003","4","9.1","ug/m3 LC","38","Port Townsend-San Juan","1","100.0000","88502","Acceptable PM2.5 AQI & Speciation Mass","","","53","Washington","031","Jefferson","48.12919","-122.77897"
"03/20/2020","AirNow","530310003","4","6.4","ug/m3 LC","27","Port Townsend-San Juan","1","100.0000","88502","Acceptable PM2.5 AQI & Speciation Mass","","","53","Washington","031","Jefferson","48.12919","-122.77897"
"03/21/2020","AirNow","530310003","4","6.5","ug/m3 LC","27","Port Townsend-San Juan","1","100.0000","88502","Acceptable PM2.5 AQI & Speciation Mass","","","53","Washington","031","Jefferson","48.12919","-122.77897"
"03/22/2020","AirNow","530310003","4","7.6","ug/m3 LC","32","Port Townsend-San Juan","1","100.0000","88502","Acceptable PM2.5 AQI & Speciation Mass","","","53","Washington","031","Jefferson","48.12919","-122.77897"
"03/23/2020","AirNow","530310003","4","3.8","ug/m3 LC","16","Port Townsend-San Juan","1","100.0000","88502","Acceptable PM2.5 AQI & Speciation Mass","","","53","Washington","031","Jefferson","48.12919","-122.77897"
"03/24/2020","AirNow","530310003","4","2.8","ug/m3 LC","12","Port Townsend-San Juan","1","100.0000","88502","Acceptable PM2.5 AQI & Speciation Mass","","","53","Washington","031","Jefferson","48.12919","-122.77897"
"03/25/2020","AirNow","530310003","4","4.4","ug/m3 LC","18","Port Townsend-San Juan","1","100.0000","88502","Acceptable PM2.5 AQI & Speciation Mass","","","53","Washington","031","Jefferson","48.12919","-122.77897"
"03/26/2020","AirNow","530310003","4","4.6","ug/m3 LC","19","Port Townsend-San Juan","1","100.0000","88502","Acceptable PM2.5 AQI & Speciation Mass","","","53","Washington","031","Jefferson","48.12919","-122.77897"
"03/27/2020","AirNow","530310003","4","4.5","ug/m3 LC","19","Port Townsend-San Juan","1","100.0000","88502","Acceptable PM2.5 AQI & Speciation Mass","","","53","Washington","031","Jefferson","48.12919","-122.77897"
"03/28/2020","AirNow","530310003","4","3.4","ug/m3 LC","14","Port Townsend-San Juan","1","100.0000","88502","Acceptable PM2.5 AQI & Speciation Mass","","","53","Washington","031","Jefferson","48.12919","-122.77897"
"03/29/2020","AirNow","530310003","4","3.1","ug/m3 LC","13","Port Townsend-San Juan","1","100.0000","88502","Acceptable PM2.5 AQI & Speciation Mass","","","53","Washington","031","Jefferson","48.12919","-122.77897"
"03/30/2020","AirNow","530310003","4","2.9","ug/m3 LC","12","Port Townsend-San Juan","1","100.0000","88502","Acceptable PM2.5 AQI & Speciation Mass","","","53","Washington","031","Jefferson","48.12919","-122.77897"
"03/31/2020","AirNow","530310003","4","3.2","ug/m3 LC","13","Port Townsend-San Juan","1","100.0000","88502","Acceptable PM2.5 AQI & Speciation Mass","","","53","Washington","031","Jefferson","48.12919","-122.77897"
"04/01/2020","AirNow","530310003","4","4.5","ug/m3 LC","19","Port Townsend-San Juan","1","100.0000","88502","Acceptable PM2.5 AQI & Speciation Mass","","","53","Washington","031","Jefferson","48.12919","-122.77897"
"04/02/2020","AirNow","530310003","4","4.1","ug/m3 LC","17","Port Townsend-San Juan","1","100.0000","88502","Acceptable PM2.5 AQI & Speciation Mass","","","53","Washington","031","Jefferson","48.12919","-122.77897"
"04/03/2020","AirNow","530310003","4","3.4","ug/m3 LC","14","Port Townsend-San Juan","1","100.0000","88502","Acceptable PM2.5 AQI & Speciation Mass","","","53","Washington","031","Jefferson","48.12919","-122.77897"
"04/04/2020","AirNow","530310003","4","3.3","ug/m3 LC","14","Port Townsend-San Juan","1","100.0000","88502","Acceptable PM2.5 AQI & Speciation Mass","","","53","Washington","031","Jefferson","48.12919","-122.77897"
"04/05/2020","AirNow","530310003","4","3.8","ug/m3 LC","16","Port Townsend-San Juan","1","100.0000","88502","Acceptable PM2.5 AQI & Speciation Mass","","","53","Washington","031","Jefferson","48.12919","-122.77897"
"04/06/2020","AirNow","530310003","4","3.7","ug/m3 LC","15","Port Townsend-San Juan","1","100.0000","88502","Acceptable PM2.5 AQI & Speciation Mass","","","53","Washington","031","Jefferson","48.12919","-122.77897"
"04/07/2020","AirNow","530310003","4","5.3","ug/m3 LC","22","Port Townsend-San Juan","1","100.0000","88502","Acceptable PM2.5 AQI & Speciation Mass","","","53","Washington","031","Jefferson","48.12919","-122.77897"
"04/08/2020","AirNow","530310003","4","6.3","ug/m3 LC","26","Port Townsend-San Juan","1","100.0000","88502","Acceptable PM2.5 AQI & Speciation Mass","","","53","Washington","031","Jefferson","48.12919","-122.77897"
"04/09/2020","AirNow","530310003","4","6.3","ug/m3 LC","26","Port Townsend-San Juan","1","100.0000","88502","Acceptable PM2.5 AQI & Speciation Mass","","","53","Washington","031","Jefferson","48.12919","-122.77897"
"04/10/2020","AirNow","530310003","4","4.9","ug/m3 LC","20","Port Townsend-San Juan","1","100.0000","88502","Acceptable PM2.5 AQI & Speciation Mass","","","53","Washington","031","Jefferson","48.12919","-122.77897"
"04/11/2020","AirNow","530310003","4","4.3","ug/m3 LC","18","Port Townsend-San Juan","1","100.0000","88502","Acceptable PM2.5 AQI & Speciation Mass","","","53","Washington","031","Jefferson","48.12919","-122.77897"
"04/12/2020","AirNow","530310003","4","3.7","ug/m3 LC","15","Port Townsend-San Juan","1","100.0000","88502","Acceptable PM2.5 AQI & Speciation Mass","","","53","Washington","031","Jefferson","48.12919","-122.77897"
"04/13/2020","AirNow","530310003","4","4","ug/m3 LC","17","Port Townsend-San Juan","1","100.0000","88502","Acceptable PM2.5 AQI & Speciation Mass","","","53","Washington","031","Jefferson","48.12919","-122.77897"
"04/14/2020","AirNow","530310003","4","5","ug/m3 LC","21","Port Townsend-San Juan","1","100.0000","88502","Acceptable PM2.5 AQI & Speciation Mass","","","53","Washington","031","Jefferson","48.12919","-122.77897"
"04/15/2020","AirNow","530310003","4","4.4","ug/m3 LC","18","Port Townsend-San Juan","1","100.0000","88502","Acceptable PM2.5 AQI & Speciation Mass","","","53","Washington","031","Jefferson","48.12919","-122.77897"
"04/16/2020","AirNow","530310003","4","3.8","ug/m3 LC","16","Port Townsend-San Juan","1","100.0000","88502","Acceptable PM2.5 AQI & Speciation Mass","","","53","Washington","031","Jefferson","48.12919","-122.77897"
"04/17/2020","AirNow","530310003","4","4.6","ug/m3 LC","19","Port Townsend-San Juan","1","100.0000","88502","Acceptable PM2.5 AQI & Speciation Mass","","","53","Washington","031","Jefferson","48.12919","-122.77897"
"04/18/2020","AirNow","530310003","4","4.4","ug/m3 LC","18","Port Townsend-San Juan","1","100.0000","88502","Acceptable PM2.5 AQI & Speciation Mass","","","53","Washington","031","Jefferson","48.12919","-122.77897"
"04/19/2020","AirNow","530310003","4","3","ug/m3 LC","13","Port Townsend-San Juan","1","100.0000","88502","Acceptable PM2.5 AQI & Speciation Mass","","","53","Washington","031","Jefferson","48.12919","-122.77897"
"04/20/2020","AirNow","530310003","4","3.2","ug/m3 LC","13","Port Townsend-San Juan","1","100.0000","88502","Acceptable PM2.5 AQI & Speciation Mass","","","53","Washington","031","Jefferson","48.12919","-122.77897"
"04/21/2020","AirNow","530310003","4","3.3","ug/m3 LC","14","Port Townsend-San Juan","1","100.0000","88502","Acceptable PM2.5 AQI & Speciation Mass","","","53","Washington","031","Jefferson","48.12919","-122.77897"
"04/22/2020","AirNow","530310003","4","3.6","ug/m3 LC","15","Port Townsend-San Juan","1","100.0000","88502","Acceptable PM2.5 AQI & Speciation Mass","","","53","Washington","031","Jefferson","48.12919","-122.77897"
"04/23/2020","AirNow","530310003","4","3.1","ug/m3 LC","13","Port Townsend-San Juan","1","100.0000","88502","Acceptable PM2.5 AQI & Speciation Mass","","","53","Washington","031","Jefferson","48.12919","-122.77897"
"04/24/2020","AirNow","530310003","4","4.3","ug/m3 LC","18","Port Townsend-San Juan","1","100.0000","88502","Acceptable PM2.5 AQI & Speciation Mass","","","53","Washington","031","Jefferson","48.12919","-122.77897"
"04/25/2020","AirNow","530310003","4","4.4","ug/m3 LC","18","Port Townsend-San Juan","1","100.0000","88502","Acceptable PM2.5 AQI & Speciation Mass","","","53","Washington","031","Jefferson","48.12919","-122.77897"
"04/26/2020","AirNow","530310003","4","4.8","ug/m3 LC","20","Port Townsend-San Juan","1","100.0000","88502","Acceptable PM2.5 AQI & Speciation Mass","","","53","Washington","031","Jefferson","48.12919","-122.77897"
"04/27/2020","AirNow","530310003","4","4","ug/m3 LC","17","Port Townsend-San Juan","1","100.0000","88502","Acceptable PM2.5 AQI & Speciation Mass","","","53","Washington","031","Jefferson","48.12919","-122.77897"
"04/28/2020","AirNow","530310003","4","5.2","ug/m3 LC","22","Port Townsend-San Juan","1","100.0000","88502","Acceptable PM2.5 AQI & Speciation Mass","","","53","Washington","031","Jefferson","48.12919","-122.77897"
"04/29/2020","AirNow","530310003","4","4.3","ug/m3 LC","18","Port Townsend-San Juan","1","100.0000","88502","Acceptable PM2.5 AQI & Speciation Mass","","","53","Washington","031","Jefferson","48.12919","-122.77897"
"04/30/2020","AirNow","530310003","4","3.5","ug/m3 LC","15","Port Townsend-San Juan","1","100.0000","88502","Acceptable PM2.5 AQI & Speciation Mass","","","53","Washington","031","Jefferson","48.12919","-122.77897"
"05/01/2020","AirNow","530310003","4","3.8","ug/m3 LC","16","Port Townsend-San Juan","1","100.0000","88502","Acceptable PM2.5 AQI & Speciation Mass","","","53","Washington","031","Jefferson","48.12919","-122.77897"
"05/02/2020","AirNow","530310003","4","4.3","ug/m3 LC","18","Port Townsend-San Juan","1","100.0000","88502","Acceptable PM2.5 AQI & Speciation Mass","","","53","Washington","031","Jefferson","48.12919","-122.77897"
"01/01/2020","AQS","530330017","4","0.9","ug/m3 LC","4","NORTH BEND - NORTH BEND WAY","1","100.0000","88502","Acceptable PM2.5 AQI & Speciation Mass","42660","Seattle-Tacoma-Bellevue, WA","53","Washington","033","King","47.49022","-121.77278"
"01/02/2020","AQS","530330017","4","1.4","ug/m3 LC","6","NORTH BEND - NORTH BEND WAY","1","100.0000","88502","Acceptable PM2.5 AQI & Speciation Mass","42660","Seattle-Tacoma-Bellevue, WA","53","Washington","033","King","47.49022","-121.77278"
"01/03/2020","AQS","530330017","4","0.7","ug/m3 LC","3","NORTH BEND - NORTH BEND WAY","1","100.0000","88502","Acceptable PM2.5 AQI & Speciation Mass","42660","Seattle-Tacoma-Bellevue, WA","53","Washington","033","King","47.49022","-121.77278"
"01/04/2020","AQS","530330017","4","1.2","ug/m3 LC","5","NORTH BEND - NORTH BEND WAY","1","100.0000","88502","Acceptable PM2.5 AQI & Speciation Mass","42660","Seattle-Tacoma-Bellevue, WA","53","Washington","033","King","47.49022","-121.77278"
"01/05/2020","AQS","530330017","4","0.8","ug/m3 LC","3","NORTH BEND - NORTH BEND WAY","1","100.0000","88502","Acceptable PM2.5 AQI & Speciation Mass","42660","Seattle-Tacoma-Bellevue, WA","53","Washington","033","King","47.49022","-121.77278"
"01/06/2020","AQS","530330017","4","0.1","ug/m3 LC","0","NORTH BEND - NORTH BEND WAY","1","100.0000","88502","Acceptable PM2.5 AQI & Speciation Mass","42660","Seattle-Tacoma-Bellevue, WA","53","Washington","033","King","47.49022","-121.77278"
"01/07/2020","AQS","530330017","4","0.5","ug/m3 LC","2","NORTH BEND - NORTH BEND WAY","1","100.0000","88502","Acceptable PM2.5 AQI & Speciation Mass","42660","Seattle-Tacoma-Bellevue, WA","53","Washington","033","King","47.49022","-121.77278"
"01/08/2020","AQS","530330017","4","1.6","ug/m3 LC","7","NORTH BEND - NORTH BEND WAY","1","100.0000","88502","Acceptable PM2.5 AQI & Speciation Mass","42660","Seattle-Tacoma-Bellevue, WA","53","Washington","033","King","47.49022","-121.77278"
"01/09/2020","AQS","530330017","4","3.9","ug/m3 LC","16","NORTH BEND - NORTH BEND WAY","1","100.0000","88502","Acceptable PM2.5 AQI & Speciation Mass","42660","Seattle-Tacoma-Bellevue, WA","53","Washington","033","King","47.49022","-121.77278"
"01/10/2020","AQS","530330017","4","0.6","ug/m3 LC","3","NORTH BEND - NORTH BEND WAY","1","100.0000","88502","Acceptable PM2.5 AQI & Speciation Mass","42660","Seattle-Tacoma-Bellevue, WA","53","Washington","033","King","47.49022","-121.77278"
"01/11/2020","AQS","530330017","4","1.5","ug/m3 LC","6","NORTH BEND - NORTH BEND WAY","1","100.0000","88502","Acceptable PM2.5 AQI & Speciation Mass","42660","Seattle-Tacoma-Bellevue, WA","53","Washington","033","King","47.49022","-121.77278"
"01/12/2020","AQS","530330017","4","0.9","ug/m3 LC","4","NORTH BEND - NORTH BEND WAY","1","100.0000","88502","Acceptable PM2.5 AQI & Speciation Mass","42660","Seattle-Tacoma-Bellevue, WA","53","Washington","033","King","47.49022","-121.77278"
"01/13/2020","AQS","530330017","4","3.5","ug/m3 LC","15","NORTH BEND - NORTH BEND WAY","1","100.0000","88502","Acceptable PM2.5 AQI & Speciation Mass","42660","Seattle-Tacoma-Bellevue, WA","53","Washington","033","King","47.49022","-121.77278"
"01/14/2020","AQS","530330017","4","2","ug/m3 LC","8","NORTH BEND - NORTH BEND WAY","1","100.0000","88502","Acceptable PM2.5 AQI & Speciation Mass","42660","Seattle-Tacoma-Bellevue, WA","53","Washington","033","King","47.49022","-121.77278"
"01/15/2020","AQS","530330017","4","1.3","ug/m3 LC","5","NORTH BEND - NORTH BEND WAY","1","100.0000","88502","Acceptable PM2.5 AQI & Speciation Mass","42660","Seattle-Tacoma-Bellevue, WA","53","Washington","033","King","47.49022","-121.77278"
"01/16/2020","AQS","530330017","4","3.5","ug/m3 LC","15","NORTH BEND - NORTH BEND WAY","1","100.0000","88502","Acceptable PM2.5 AQI & Speciation Mass","42660","Seattle-Tacoma-Bellevue, WA","53","Washington","033","King","47.49022","-121.77278"
"01/17/2020","AQS","530330017","4","1.9","ug/m3 LC","8","NORTH BEND - NORTH BEND WAY","1","100.0000","88502","Acceptable PM2.5 AQI & Speciation Mass","42660","Seattle-Tacoma-Bellevue, WA","53","Washington","033","King","47.49022","-121.77278"
"01/18/2020","AQS","530330017","4","1.5","ug/m3 LC","6","NORTH BEND - NORTH BEND WAY","1","100.0000","88502","Acceptable PM2.5 AQI & Speciation Mass","42660","Seattle-Tacoma-Bellevue, WA","53","Washington","033","King","47.49022","-121.77278"
"01/19/2020","AQS","530330017","4","1","ug/m3 LC","4","NORTH BEND - NORTH BEND WAY","1","100.0000","88502","Acceptable PM2.5 AQI & Speciation Mass","42660","Seattle-Tacoma-Bellevue, WA","53","Washington","033","King","47.49022","-121.77278"
"01/20/2020","AQS","530330017","4","1.1","ug/m3 LC","5","NORTH BEND - NORTH BEND WAY","1","100.0000","88502","Acceptable PM2.5 AQI & Speciation Mass","42660","Seattle-Tacoma-Bellevue, WA","53","Washington","033","King","47.49022","-121.77278"
"01/21/2020","AQS","530330017","4","1","ug/m3 LC","4","NORTH BEND - NORTH BEND WAY","1","100.0000","88502","Acceptable PM2.5 AQI & Speciation Mass","42660","Seattle-Tacoma-Bellevue, WA","53","Washington","033","King","47.49022","-121.77278"
"01/22/2020","AQS","530330017","4","0.6","ug/m3 LC","3","NORTH BEND - NORTH BEND WAY","1","100.0000","88502","Acceptable PM2.5 AQI & Speciation Mass","42660","Seattle-Tacoma-Bellevue, WA","53","Washington","033","King","47.49022","-121.77278"
"01/23/2020","AQS","530330017","4","0.3","ug/m3 LC","1","NORTH BEND - NORTH BEND WAY","1","100.0000","88502","Acceptable PM2.5 AQI & Speciation Mass","42660","Seattle-Tacoma-Bellevue, WA","53","Washington","033","King","47.49022","-121.77278"
"01/24/2020","AQS","530330017","4","0.9","ug/m3 LC","4","NORTH BEND - NORTH BEND WAY","1","100.0000","88502","Acceptable PM2.5 AQI & Speciation Mass","42660","Seattle-Tacoma-Bellevue, WA","53","Washington","033","King","47.49022","-121.77278"
"01/25/2020","AQS","530330017","4","0.7","ug/m3 LC","3","NORTH BEND - NORTH BEND WAY","1","100.0000","88502","Acceptable PM2.5 AQI & Speciation Mass","42660","Seattle-Tacoma-Bellevue, WA","53","Washington","033","King","47.49022","-121.77278"
"01/26/2020","AQS","530330017","4","1.2","ug/m3 LC","5","NORTH BEND - NORTH BEND WAY","1","100.0000","88502","Acceptable PM2.5 AQI & Speciation Mass","42660","Seattle-Tacoma-Bellevue, WA","53","Washington","033","King","47.49022","-121.77278"
"01/27/2020","AQS","530330017","4","0.7","ug/m3 LC","3","NORTH BEND - NORTH BEND WAY","1","100.0000","88502","Acceptable PM2.5 AQI & Speciation Mass","42660","Seattle-Tacoma-Bellevue, WA","53","Washington","033","King","47.49022","-121.77278"
"01/28/2020","AQS","530330017","4","0.6","ug/m3 LC","3","NORTH BEND - NORTH BEND WAY","1","100.0000","88502","Acceptable PM2.5 AQI & Speciation Mass","42660","Seattle-Tacoma-Bellevue, WA","53","Washington","033","King","47.49022","-121.77278"
"01/29/2020","AQS","530330017","4","1.3","ug/m3 LC","5","NORTH BEND - NORTH BEND WAY","1","100.0000","88502","Acceptable PM2.5 AQI & Speciation Mass","42660","Seattle-Tacoma-Bellevue, WA","53","Washington","033","King","47.49022","-121.77278"
"01/30/2020","AQS","530330017","4","0.7","ug/m3 LC","3","NORTH BEND - NORTH BEND WAY","1","100.0000","88502","Acceptable PM2.5 AQI & Speciation Mass","42660","Seattle-Tacoma-Bellevue, WA","53","Washington","033","King","47.49022","-121.77278"
"01/31/2020","AQS","530330017","4","0.3","ug/m3 LC","1","NORTH BEND - NORTH BEND WAY","1","100.0000","88502","Acceptable PM2.5 AQI & Speciation Mass","42660","Seattle-Tacoma-Bellevue, WA","53","Washington","033","King","47.49022","-121.77278"
"02/01/2020","AirNow","530330017","4","0.7","ug/m3 LC","3","NORTH BEND - NORTH BEND WAY","1","100.0000","88502","Acceptable PM2.5 AQI & Speciation Mass","42660","Seattle-Tacoma-Bellevue, WA","53","Washington","033","King","47.49022","-121.77278"
"02/02/2020","AirNow","530330017","4","3.4","ug/m3 LC","14","NORTH BEND - NORTH BEND WAY","1","100.0000","88502","Acceptable PM2.5 AQI & Speciation Mass","42660","Seattle-Tacoma-Bellevue, WA","53","Washington","033","King","47.49022","-121.77278"
"02/03/2020","AirNow","530330017","4","4.5","ug/m3 LC","19","NORTH BEND - NORTH BEND WAY","1","100.0000","88502","Acceptable PM2.5 AQI & Speciation Mass","42660","Seattle-Tacoma-Bellevue, WA","53","Washington","033","King","47.49022","-121.77278"
"02/04/2020","AirNow","530330017","4","2.8","ug/m3 LC","12","NORTH BEND - NORTH BEND WAY","1","100.0000","88502","Acceptable PM2.5 AQI & Speciation Mass","42660","Seattle-Tacoma-Bellevue, WA","53","Washington","033","King","47.49022","-121.77278"
"02/05/2020","AirNow","530330017","4","0.8","ug/m3 LC","3","NORTH BEND - NORTH BEND WAY","1","100.0000","88502","Acceptable PM2.5 AQI & Speciation Mass","42660","Seattle-Tacoma-Bellevue, WA","53","Washington","033","King","47.49022","-121.77278"
"02/06/2020","AirNow","530330017","4","1.1","ug/m3 LC","5","NORTH BEND - NORTH BEND WAY","1","100.0000","88502","Acceptable PM2.5 AQI & Speciation Mass","42660","Seattle-Tacoma-Bellevue, WA","53","Washington","033","King","47.49022","-121.77278"
"02/07/2020","AirNow","530330017","4","0.8","ug/m3 LC","3","NORTH BEND - NORTH BEND WAY","1","100.0000","88502","Acceptable PM2.5 AQI & Speciation Mass","42660","Seattle-Tacoma-Bellevue, WA","53","Washington","033","King","47.49022","-121.77278"
"02/08/2020","AirNow","530330017","4","2.3","ug/m3 LC","10","NORTH BEND - NORTH BEND WAY","1","100.0000","88502","Acceptable PM2.5 AQI & Speciation Mass","42660","Seattle-Tacoma-Bellevue, WA","53","Washington","033","King","47.49022","-121.77278"
"02/09/2020","AirNow","530330017","4","4.4","ug/m3 LC","18","NORTH BEND - NORTH BEND WAY","1","100.0000","88502","Acceptable PM2.5 AQI & Speciation Mass","42660","Seattle-Tacoma-Bellevue, WA","53","Washington","033","King","47.49022","-121.77278"
"02/10/2020","AirNow","530330017","4","6.8","ug/m3 LC","28","NORTH BEND - NORTH BEND WAY","1","100.0000","88502","Acceptable PM2.5 AQI & Speciation Mass","42660","Seattle-Tacoma-Bellevue, WA","53","Washington","033","King","47.49022","-121.77278"
"02/11/2020","AirNow","530330017","4","4.9","ug/m3 LC","20","NORTH BEND - NORTH BEND WAY","1","100.0000","88502","Acceptable PM2.5 AQI & Speciation Mass","42660","Seattle-Tacoma-Bellevue, WA","53","Washington","033","King","47.49022","-121.77278"
"02/12/2020","AirNow","530330017","4","3.2","ug/m3 LC","13","NORTH BEND - NORTH BEND WAY","1","100.0000","88502","Acceptable PM2.5 AQI & Speciation Mass","42660","Seattle-Tacoma-Bellevue, WA","53","Washington","033","King","47.49022","-121.77278"
"02/13/2020","AirNow","530330017","4","1.6","ug/m3 LC","7","NORTH BEND - NORTH BEND WAY","1","100.0000","88502","Acceptable PM2.5 AQI & Speciation Mass","42660","Seattle-Tacoma-Bellevue, WA","53","Washington","033","King","47.49022","-121.77278"
"02/14/2020","AirNow","530330017","4","1.2","ug/m3 LC","5","NORTH BEND - NORTH BEND WAY","1","100.0000","88502","Acceptable PM2.5 AQI & Speciation Mass","42660","Seattle-Tacoma-Bellevue, WA","53","Washington","033","King","47.49022","-121.77278"
"02/15/2020","AirNow","530330017","4","0.6","ug/m3 LC","3","NORTH BEND - NORTH BEND WAY","1","100.0000","88502","Acceptable PM2.5 AQI & Speciation Mass","42660","Seattle-Tacoma-Bellevue, WA","53","Washington","033","King","47.49022","-121.77278"
"02/16/2020","AirNow","530330017","4","2.4","ug/m3 LC","10","NORTH BEND - NORTH BEND WAY","1","100.0000","88502","Acceptable PM2.5 AQI & Speciation Mass","42660","Seattle-Tacoma-Bellevue, WA","53","Washington","033","King","47.49022","-121.77278"
"02/17/2020","AirNow","530330017","4","3.5","ug/m3 LC","15","NORTH BEND - NORTH BEND WAY","1","100.0000","88502","Acceptable PM2.5 AQI & Speciation Mass","42660","Seattle-Tacoma-Bellevue, WA","53","Washington","033","King","47.49022","-121.77278"
"02/18/2020","AirNow","530330017","4","2.2","ug/m3 LC","9","NORTH BEND - NORTH BEND WAY","1","100.0000","88502","Acceptable PM2.5 AQI & Speciation Mass","42660","Seattle-Tacoma-Bellevue, WA","53","Washington","033","King","47.49022","-121.77278"
"02/19/2020","AirNow","530330017","4","1.1","ug/m3 LC","5","NORTH BEND - NORTH BEND WAY","1","100.0000","88502","Acceptable PM2.5 AQI & Speciation Mass","42660","Seattle-Tacoma-Bellevue, WA","53","Washington","033","King","47.49022","-121.77278"
"02/20/2020","AirNow","530330017","4","1.6","ug/m3 LC","7","NORTH BEND - NORTH BEND WAY","1","100.0000","88502","Acceptable PM2.5 AQI & Speciation Mass","42660","Seattle-Tacoma-Bellevue, WA","53","Washington","033","King","47.49022","-121.77278"
"02/21/2020","AirNow","530330017","4","2.5","ug/m3 LC","10","NORTH BEND - NORTH BEND WAY","1","100.0000","88502","Acceptable PM2.5 AQI & Speciation Mass","42660","Seattle-Tacoma-Bellevue, WA","53","Washington","033","King","47.49022","-121.77278"
"02/22/2020","AirNow","530330017","4","4.3","ug/m3 LC","18","NORTH BEND - NORTH BEND WAY","1","100.0000","88502","Acceptable PM2.5 AQI & Speciation Mass","42660","Seattle-Tacoma-Bellevue, WA","53","Washington","033","King","47.49022","-121.77278"
"02/23/2020","AirNow","530330017","4","1.3","ug/m3 LC","5","NORTH BEND - NORTH BEND WAY","1","100.0000","88502","Acceptable PM2.5 AQI & Speciation Mass","42660","Seattle-Tacoma-Bellevue, WA","53","Washington","033","King","47.49022","-121.77278"
"02/24/2020","AirNow","530330017","4","3.6","ug/m3 LC","15","NORTH BEND - NORTH BEND WAY","1","100.0000","88502","Acceptable PM2.5 AQI & Speciation Mass","42660","Seattle-Tacoma-Bellevue, WA","53","Washington","033","King","47.49022","-121.77278"
"02/25/2020","AirNow","530330017","4","2.5","ug/m3 LC","10","NORTH BEND - NORTH BEND WAY","1","100.0000","88502","Acceptable PM2.5 AQI & Speciation Mass","42660","Seattle-Tacoma-Bellevue, WA","53","Washington","033","King","47.49022","-121.77278"
"02/26/2020","AirNow","530330017","4","3.3","ug/m3 LC","14","NORTH BEND - NORTH BEND WAY","1","100.0000","88502","Acceptable PM2.5 AQI & Speciation Mass","42660","Seattle-Tacoma-Bellevue, WA","53","Washington","033","King","47.49022","-121.77278"
"02/27/2020","AirNow","530330017","4","2.1","ug/m3 LC","9","NORTH BEND - NORTH BEND WAY","1","100.0000","88502","Acceptable PM2.5 AQI & Speciation Mass","42660","Seattle-Tacoma-Bellevue, WA","53","Washington","033","King","47.49022","-121.77278"
"02/28/2020","AirNow","530330017","4","2.6","ug/m3 LC","11","NORTH BEND - NORTH BEND WAY","1","100.0000","88502","Acceptable PM2.5 AQI & Speciation Mass","42660","Seattle-Tacoma-Bellevue, WA","53","Washington","033","King","47.49022","-121.77278"
"03/01/2020","AirNow","530330017","4","2.8","ug/m3 LC","12","NORTH BEND - NORTH BEND WAY","1","100.0000","88502","Acceptable PM2.5 AQI & Speciation Mass","42660","Seattle-Tacoma-Bellevue, WA","53","Washington","033","King","47.49022","-121.77278"
"03/02/2020","AirNow","530330017","4","1.1","ug/m3 LC","5","NORTH BEND - NORTH BEND WAY","1","100.0000","88502","Acceptable PM2.5 AQI & Speciation Mass","42660","Seattle-Tacoma-Bellevue, WA","53","Washington","033","King","47.49022","-121.77278"
"03/03/2020","AirNow","530330017","4","0.7","ug/m3 LC","3","NORTH BEND - NORTH BEND WAY","1","100.0000","88502","Acceptable PM2.5 AQI & Speciation Mass","42660","Seattle-Tacoma-Bellevue, WA","53","Washington","033","King","47.49022","-121.77278"
"03/04/2020","AirNow","530330017","4","2.6","ug/m3 LC","11","NORTH BEND - NORTH BEND WAY","1","100.0000","88502","Acceptable PM2.5 AQI & Speciation Mass","42660","Seattle-Tacoma-Bellevue, WA","53","Washington","033","King","47.49022","-121.77278"
"03/05/2020","AirNow","530330017","4","1.6","ug/m3 LC","7","NORTH BEND - NORTH BEND WAY","1","100.0000","88502","Acceptable PM2.5 AQI & Speciation Mass","42660","Seattle-Tacoma-Bellevue, WA","53","Washington","033","King","47.49022","-121.77278"
"03/06/2020","AirNow","530330017","4","1.8","ug/m3 LC","8","NORTH BEND - NORTH BEND WAY","1","100.0000","88502","Acceptable PM2.5 AQI & Speciation Mass","42660","Seattle-Tacoma-Bellevue, WA","53","Washington","033","King","47.49022","-121.77278"
"03/07/2020","AirNow","530330017","4","4.3","ug/m3 LC","18","NORTH BEND - NORTH BEND WAY","1","100.0000","88502","Acceptable PM2.5 AQI & Speciation Mass","42660","Seattle-Tacoma-Bellevue, WA","53","Washington","033","King","47.49022","-121.77278"
"03/08/2020","AirNow","530330017","4","4.2","ug/m3 LC","18","NORTH BEND - NORTH BEND WAY","1","100.0000","88502","Acceptable PM2.5 AQI & Speciation Mass","42660","Seattle-Tacoma-Bellevue, WA","53","Washington","033","King","47.49022","-121.77278"
"03/09/2020","AirNow","530330017","4","2.3","ug/m3 LC","10","NORTH BEND - NORTH BEND WAY","1","100.0000","88502","Acceptable PM2.5 AQI & Speciation Mass","42660","Seattle-Tacoma-Bellevue, WA","53","Washington","033","King","47.49022","-121.77278"
"03/10/2020","AirNow","530330017","4","1.7","ug/m3 LC","7","NORTH BEND - NORTH BEND WAY","1","100.0000","88502","Acceptable PM2.5 AQI & Speciation Mass","42660","Seattle-Tacoma-Bellevue, WA","53","Washington","033","King","47.49022","-121.77278"
"03/11/2020","AirNow","530330017","4","2.8","ug/m3 LC","12","NORTH BEND - NORTH BEND WAY","1","100.0000","88502","Acceptable PM2.5 AQI & Speciation Mass","42660","Seattle-Tacoma-Bellevue, WA","53","Washington","033","King","47.49022","-121.77278"
"03/12/2020","AirNow","530330017","4","5.7","ug/m3 LC","24","NORTH BEND - NORTH BEND WAY","1","100.0000","88502","Acceptable PM2.5 AQI & Speciation Mass","42660","Seattle-Tacoma-Bellevue, WA","53","Washington","033","King","47.49022","-121.77278"
"03/13/2020","AirNow","530330017","4","3.8","ug/m3 LC","16","NORTH BEND - NORTH BEND WAY","1","100.0000","88502","Acceptable PM2.5 AQI & Speciation Mass","42660","Seattle-Tacoma-Bellevue, WA","53","Washington","033","King","47.49022","-121.77278"
"03/14/2020","AirNow","530330017","4","2.2","ug/m3 LC","9","NORTH BEND - NORTH BEND WAY","1","100.0000","88502","Acceptable PM2.5 AQI & Speciation Mass","42660","Seattle-Tacoma-Bellevue, WA","53","Washington","033","King","47.49022","-121.77278"
"03/15/2020","AirNow","530330017","4","5.4","ug/m3 LC","23","NORTH BEND - NORTH BEND WAY","1","100.0000","88502","Acceptable PM2.5 AQI & Speciation Mass","42660","Seattle-Tacoma-Bellevue, WA","53","Washington","033","King","47.49022","-121.77278"
"03/16/2020","AirNow","530330017","4","8.3","ug/m3 LC","35","NORTH BEND - NORTH BEND WAY","1","100.0000","88502","Acceptable PM2.5 AQI & Speciation Mass","42660","Seattle-Tacoma-Bellevue, WA","53","Washington","033","King","47.49022","-121.77278"
"03/17/2020","AirNow","530330017","4","8.7","ug/m3 LC","36","NORTH BEND - NORTH BEND WAY","1","100.0000","88502","Acceptable PM2.5 AQI & Speciation Mass","42660","Seattle-Tacoma-Bellevue, WA","53","Washington","033","King","47.49022","-121.77278"
"03/18/2020","AirNow","530330017","4","7.1","ug/m3 LC","30","NORTH BEND - NORTH BEND WAY","1","100.0000","88502","Acceptable PM2.5 AQI & Speciation Mass","42660","Seattle-Tacoma-Bellevue, WA","53","Washington","033","King","47.49022","-121.77278"
"03/19/2020","AirNow","530330017","4","6.3","ug/m3 LC","26","NORTH BEND - NORTH BEND WAY","1","100.0000","88502","Acceptable PM2.5 AQI & Speciation Mass","42660","Seattle-Tacoma-Bellevue, WA","53","Washington","033","King","47.49022","-121.77278"
"03/20/2020","AirNow","530330017","4","10.7","ug/m3 LC","45","NORTH BEND - NORTH BEND WAY","1","100.0000","88502","Acceptable PM2.5 AQI & Speciation Mass","42660","Seattle-Tacoma-Bellevue, WA","53","Washington","033","King","47.49022","-121.77278"
"03/21/2020","AirNow","530330017","4","9.9","ug/m3 LC","41","NORTH BEND - NORTH BEND WAY","1","100.0000","88502","Acceptable PM2.5 AQI & Speciation Mass","42660","Seattle-Tacoma-Bellevue, WA","53","Washington","033","King","47.49022","-121.77278"
"03/22/2020","AirNow","530330017","4","4.4","ug/m3 LC","18","NORTH BEND - NORTH BEND WAY","1","100.0000","88502","Acceptable PM2.5 AQI & Speciation Mass","42660","Seattle-Tacoma-Bellevue, WA","53","Washington","033","King","47.49022","-121.77278"
"03/23/2020","AirNow","530330017","4","1","ug/m3 LC","4","NORTH BEND - NORTH BEND WAY","1","100.0000","88502","Acceptable PM2.5 AQI & Speciation Mass","42660","Seattle-Tacoma-Bellevue, WA","53","Washington","033","King","47.49022","-121.77278"
"03/24/2020","AirNow","530330017","4","1.1","ug/m3 LC","5","NORTH BEND - NORTH BEND WAY","1","100.0000","88502","Acceptable PM2.5 AQI & Speciation Mass","42660","Seattle-Tacoma-Bellevue, WA","53","Washington","033","King","47.49022","-121.77278"
"03/25/2020","AirNow","530330017","4","2","ug/m3 LC","8","NORTH BEND - NORTH BEND WAY","1","100.0000","88502","Acceptable PM2.5 AQI & Speciation Mass","42660","Seattle-Tacoma-Bellevue, WA","53","Washington","033","King","47.49022","-121.77278"
"03/26/2020","AirNow","530330017","4","3.2","ug/m3 LC","13","NORTH BEND - NORTH BEND WAY","1","100.0000","88502","Acceptable PM2.5 AQI & Speciation Mass","42660","Seattle-Tacoma-Bellevue, WA","53","Washington","033","King","47.49022","-121.77278"
"03/27/2020","AirNow","530330017","4","3.2","ug/m3 LC","13","NORTH BEND - NORTH BEND WAY","1","100.0000","88502","Acceptable PM2.5 AQI & Speciation Mass","42660","Seattle-Tacoma-Bellevue, WA","53","Washington","033","King","47.49022","-121.77278"
"03/28/2020","AirNow","530330017","4","0.5","ug/m3 LC","2","NORTH BEND - NORTH BEND WAY","1","100.0000","88502","Acceptable PM2.5 AQI & Speciation Mass","42660","Seattle-Tacoma-Bellevue, WA","53","Washington","033","King","47.49022","-121.77278"
"03/29/2020","AirNow","530330017","4","0.6","ug/m3 LC","3","NORTH BEND - NORTH BEND WAY","1","100.0000","88502","Acceptable PM2.5 AQI & Speciation Mass","42660","Seattle-Tacoma-Bellevue, WA","53","Washington","033","King","47.49022","-121.77278"
"03/30/2020","AirNow","530330017","4","0.8","ug/m3 LC","3","NORTH BEND - NORTH BEND WAY","1","100.0000","88502","Acceptable PM2.5 AQI & Speciation Mass","42660","Seattle-Tacoma-Bellevue, WA","53","Washington","033","King","47.49022","-121.77278"
"03/31/2020","AirNow","530330017","4","0.9","ug/m3 LC","4","NORTH BEND - NORTH BEND WAY","1","100.0000","88502","Acceptable PM2.5 AQI & Speciation Mass","42660","Seattle-Tacoma-Bellevue, WA","53","Washington","033","King","47.49022","-121.77278"
"04/01/2020","AirNow","530330017","4","2.7","ug/m3 LC","11","NORTH BEND - NORTH BEND WAY","1","100.0000","88502","Acceptable PM2.5 AQI & Speciation Mass","42660","Seattle-Tacoma-Bellevue, WA","53","Washington","033","King","47.49022","-121.77278"
"04/02/2020","AirNow","530330017","4","1.9","ug/m3 LC","8","NORTH BEND - NORTH BEND WAY","1","100.0000","88502","Acceptable PM2.5 AQI & Speciation Mass","42660","Seattle-Tacoma-Bellevue, WA","53","Washington","033","King","47.49022","-121.77278"
"04/03/2020","AirNow","530330017","4","2","ug/m3 LC","8","NORTH BEND - NORTH BEND WAY","1","100.0000","88502","Acceptable PM2.5 AQI & Speciation Mass","42660","Seattle-Tacoma-Bellevue, WA","53","Washington","033","King","47.49022","-121.77278"
"04/04/2020","AirNow","530330017","4","2.1","ug/m3 LC","9","NORTH BEND - NORTH BEND WAY","1","100.0000","88502","Acceptable PM2.5 AQI & Speciation Mass","42660","Seattle-Tacoma-Bellevue, WA","53","Washington","033","King","47.49022","-121.77278"
"04/05/2020","AirNow","530330017","4","4.4","ug/m3 LC","18","NORTH BEND - NORTH BEND WAY","1","100.0000","88502","Acceptable PM2.5 AQI & Speciation Mass","42660","Seattle-Tacoma-Bellevue, WA","53","Washington","033","King","47.49022","-121.77278"
"04/06/2020","AirNow","530330017","4","5.8","ug/m3 LC","24","NORTH BEND - NORTH BEND WAY","1","100.0000","88502","Acceptable PM2.5 AQI & Speciation Mass","42660","Seattle-Tacoma-Bellevue, WA","53","Washington","033","King","47.49022","-121.77278"
"04/07/2020","AirNow","530330017","4","5.8","ug/m3 LC","24","NORTH BEND - NORTH BEND WAY","1","100.0000","88502","Acceptable PM2.5 AQI & Speciation Mass","42660","Seattle-Tacoma-Bellevue, WA","53","Washington","033","King","47.49022","-121.77278"
"04/08/2020","AirNow","530330017","4","6.6","ug/m3 LC","28","NORTH BEND - NORTH BEND WAY","1","100.0000","88502","Acceptable PM2.5 AQI & Speciation Mass","42660","Seattle-Tacoma-Bellevue, WA","53","Washington","033","King","47.49022","-121.77278"
"04/09/2020","AirNow","530330017","4","6.8","ug/m3 LC","28","NORTH BEND - NORTH BEND WAY","1","100.0000","88502","Acceptable PM2.5 AQI & Speciation Mass","42660","Seattle-Tacoma-Bellevue, WA","53","Washington","033","King","47.49022","-121.77278"
"04/10/2020","AirNow","530330017","4","4.3","ug/m3 LC","18","NORTH BEND - NORTH BEND WAY","1","100.0000","88502","Acceptable PM2.5 AQI & Speciation Mass","42660","Seattle-Tacoma-Bellevue, WA","53","Washington","033","King","47.49022","-121.77278"
"04/11/2020","AirNow","530330017","4","5.1","ug/m3 LC","21","NORTH BEND - NORTH BEND WAY","1","100.0000","88502","Acceptable PM2.5 AQI & Speciation Mass","42660","Seattle-Tacoma-Bellevue, WA","53","Washington","033","King","47.49022","-121.77278"
"04/12/2020","AirNow","530330017","4","2.3","ug/m3 LC","10","NORTH BEND - NORTH BEND WAY","1","100.0000","88502","Acceptable PM2.5 AQI & Speciation Mass","42660","Seattle-Tacoma-Bellevue, WA","53","Washington","033","King","47.49022","-121.77278"
"04/13/2020","AirNow","530330017","4","2.8","ug/m3 LC","12","NORTH BEND - NORTH BEND WAY","1","100.0000","88502","Acceptable PM2.5 AQI & Speciation Mass","42660","Seattle-Tacoma-Bellevue, WA","53","Washington","033","King","47.49022","-121.77278"
"04/14/2020","AirNow","530330017","4","2.7","ug/m3 LC","11","NORTH BEND - NORTH BEND WAY","1","100.0000","88502","Acceptable PM2.5 AQI & Speciation Mass","42660","Seattle-Tacoma-Bellevue, WA","53","Washington","033","King","47.49022","-121.77278"
"04/15/2020","AirNow","530330017","4","1.7","ug/m3 LC","7","NORTH BEND - NORTH BEND WAY","1","100.0000","88502","Acceptable PM2.5 AQI & Speciation Mass","42660","Seattle-Tacoma-Bellevue, WA","53","Washington","033","King","47.49022","-121.77278"
"04/16/2020","AirNow","530330017","4","1.9","ug/m3 LC","8","NORTH BEND - NORTH BEND WAY","1","100.0000","88502","Acceptable PM2.5 AQI & Speciation Mass","42660","Seattle-Tacoma-Bellevue, WA","53","Washington","033","King","47.49022","-121.77278"
"04/17/2020","AirNow","530330017","4","3","ug/m3 LC","13","NORTH BEND - NORTH BEND WAY","1","100.0000","88502","Acceptable PM2.5 AQI & Speciation Mass","42660","Seattle-Tacoma-Bellevue, WA","53","Washington","033","King","47.49022","-121.77278"
"04/18/2020","AirNow","530330017","4","3.9","ug/m3 LC","16","NORTH BEND - NORTH BEND WAY","1","100.0000","88502","Acceptable PM2.5 AQI & Speciation Mass","42660","Seattle-Tacoma-Bellevue, WA","53","Washington","033","King","47.49022","-121.77278"
"04/19/2020","AirNow","530330017","4","3","ug/m3 LC","13","NORTH BEND - NORTH BEND WAY","1","100.0000","88502","Acceptable PM2.5 AQI & Speciation Mass","42660","Seattle-Tacoma-Bellevue, WA","53","Washington","033","King","47.49022","-121.77278"
"04/20/2020","AirNow","530330017","4","4.2","ug/m3 LC","18","NORTH BEND - NORTH BEND WAY","1","100.0000","88502","Acceptable PM2.5 AQI & Speciation Mass","42660","Seattle-Tacoma-Bellevue, WA","53","Washington","033","King","47.49022","-121.77278"
"04/21/2020","AirNow","530330017","4","2.2","ug/m3 LC","9","NORTH BEND - NORTH BEND WAY","1","100.0000","88502","Acceptable PM2.5 AQI & Speciation Mass","42660","Seattle-Tacoma-Bellevue, WA","53","Washington","033","King","47.49022","-121.77278"
"04/22/2020","AirNow","530330017","4","1.4","ug/m3 LC","6","NORTH BEND - NORTH BEND WAY","1","100.0000","88502","Acceptable PM2.5 AQI & Speciation Mass","42660","Seattle-Tacoma-Bellevue, WA","53","Washington","033","King","47.49022","-121.77278"
"04/23/2020","AirNow","530330017","4","1.1","ug/m3 LC","5","NORTH BEND - NORTH BEND WAY","1","100.0000","88502","Acceptable PM2.5 AQI & Speciation Mass","42660","Seattle-Tacoma-Bellevue, WA","53","Washington","033","King","47.49022","-121.77278"
"04/24/2020","AirNow","530330017","4","1.7","ug/m3 LC","7","NORTH BEND - NORTH BEND WAY","1","100.0000","88502","Acceptable PM2.5 AQI & Speciation Mass","42660","Seattle-Tacoma-Bellevue, WA","53","Washington","033","King","47.49022","-121.77278"
"04/25/2020","AirNow","530330017","4","2.1","ug/m3 LC","9","NORTH BEND - NORTH BEND WAY","1","100.0000","88502","Acceptable PM2.5 AQI & Speciation Mass","42660","Seattle-Tacoma-Bellevue, WA","53","Washington","033","King","47.49022","-121.77278"
"04/26/2020","AirNow","530330017","4","2.7","ug/m3 LC","11","NORTH BEND - NORTH BEND WAY","1","100.0000","88502","Acceptable PM2.5 AQI & Speciation Mass","42660","Seattle-Tacoma-Bellevue, WA","53","Washington","033","King","47.49022","-121.77278"
"04/27/2020","AirNow","530330017","4","1.3","ug/m3 LC","5","NORTH BEND - NORTH BEND WAY","1","100.0000","88502","Acceptable PM2.5 AQI & Speciation Mass","42660","Seattle-Tacoma-Bellevue, WA","53","Washington","033","King","47.49022","-121.77278"
"04/28/2020","AirNow","530330017","4","2.5","ug/m3 LC","10","NORTH BEND - NORTH BEND WAY","1","100.0000","88502","Acceptable PM2.5 AQI & Speciation Mass","42660","Seattle-Tacoma-Bellevue, WA","53","Washington","033","King","47.49022","-121.77278"
"04/29/2020","AirNow","530330017","4","4.2","ug/m3 LC","18","NORTH BEND - NORTH BEND WAY","1","100.0000","88502","Acceptable PM2.5 AQI & Speciation Mass","42660","Seattle-Tacoma-Bellevue, WA","53","Washington","033","King","47.49022","-121.77278"
"04/30/2020","AirNow","530330017","4","1.3","ug/m3 LC","5","NORTH BEND - NORTH BEND WAY","1","100.0000","88502","Acceptable PM2.5 AQI & Speciation Mass","42660","Seattle-Tacoma-Bellevue, WA","53","Washington","033","King","47.49022","-121.77278"
"05/01/2020","AirNow","530330017","4","1.7","ug/m3 LC","7","NORTH BEND - NORTH BEND WAY","1","100.0000","88502","Acceptable PM2.5 AQI & Speciation Mass","42660","Seattle-Tacoma-Bellevue, WA","53","Washington","033","King","47.49022","-121.77278"
"05/02/2020","AirNow","530330017","4","1.7","ug/m3 LC","7","NORTH BEND - NORTH BEND WAY","1","100.0000","88502","Acceptable PM2.5 AQI & Speciation Mass","42660","Seattle-Tacoma-Bellevue, WA","53","Washington","033","King","47.49022","-121.77278"
"01/01/2020","AQS","530330024","4","2.8","ug/m3 LC","12","LAKE FOREST PARK TOWNE CENTER","1","100.0000","88502","Acceptable PM2.5 AQI & Speciation Mass","42660","Seattle-Tacoma-Bellevue, WA","53","Washington","033","King","47.755","-122.2806"
"01/02/2020","AQS","530330024","4","3","ug/m3 LC","13","LAKE FOREST PARK TOWNE CENTER","1","100.0000","88502","Acceptable PM2.5 AQI & Speciation Mass","42660","Seattle-Tacoma-Bellevue, WA","53","Washington","033","King","47.755","-122.2806"
"01/03/2020","AQS","530330024","4","2.7","ug/m3 LC","11","LAKE FOREST PARK TOWNE CENTER","1","100.0000","88502","Acceptable PM2.5 AQI & Speciation Mass","42660","Seattle-Tacoma-Bellevue, WA","53","Washington","033","King","47.755","-122.2806"
"01/04/2020","AQS","530330024","4","2.2","ug/m3 LC","9","LAKE FOREST PARK TOWNE CENTER","1","100.0000","88502","Acceptable PM2.5 AQI & Speciation Mass","42660","Seattle-Tacoma-Bellevue, WA","53","Washington","033","King","47.755","-122.2806"
"01/05/2020","AQS","530330024","4","2.2","ug/m3 LC","9","LAKE FOREST PARK TOWNE CENTER","1","100.0000","88502","Acceptable PM2.5 AQI & Speciation Mass","42660","Seattle-Tacoma-Bellevue, WA","53","Washington","033","King","47.755","-122.2806"
"01/06/2020","AQS","530330024","4","1.6","ug/m3 LC","7","LAKE FOREST PARK TOWNE CENTER","1","100.0000","88502","Acceptable PM2.5 AQI & Speciation Mass","42660","Seattle-Tacoma-Bellevue, WA","53","Washington","033","King","47.755","-122.2806"
"01/07/2020","AQS","530330024","4","1.5","ug/m3 LC","6","LAKE FOREST PARK TOWNE CENTER","1","100.0000","88502","Acceptable PM2.5 AQI & Speciation Mass","42660","Seattle-Tacoma-Bellevue, WA","53","Washington","033","King","47.755","-122.2806"
"01/08/2020","AQS","530330024","4","3.1","ug/m3 LC","13","LAKE FOREST PARK TOWNE CENTER","1","100.0000","88502","Acceptable PM2.5 AQI & Speciation Mass","42660","Seattle-Tacoma-Bellevue, WA","53","Washington","033","King","47.755","-122.2806"
"01/09/2020","AQS","530330024","4","8.1","ug/m3 LC","34","LAKE FOREST PARK TOWNE CENTER","1","100.0000","88502","Acceptable PM2.5 AQI & Speciation Mass","42660","Seattle-Tacoma-Bellevue, WA","53","Washington","033","King","47.755","-122.2806"
"01/10/2020","AQS","530330024","4","2.4","ug/m3 LC","10","LAKE FOREST PARK TOWNE CENTER","1","100.0000","88502","Acceptable PM2.5 AQI & Speciation Mass","42660","Seattle-Tacoma-Bellevue, WA","53","Washington","033","King","47.755","-122.2806"
"01/11/2020","AQS","530330024","4","3.2","ug/m3 LC","13","LAKE FOREST PARK TOWNE CENTER","1","100.0000","88502","Acceptable PM2.5 AQI & Speciation Mass","42660","Seattle-Tacoma-Bellevue, WA","53","Washington","033","King","47.755","-122.2806"
"01/12/2020","AQS","530330024","4","2.6","ug/m3 LC","11","LAKE FOREST PARK TOWNE CENTER","1","100.0000","88502","Acceptable PM2.5 AQI & Speciation Mass","42660","Seattle-Tacoma-Bellevue, WA","53","Washington","033","King","47.755","-122.2806"
"01/13/2020","AQS","530330024","4","4.7","ug/m3 LC","20","LAKE FOREST PARK TOWNE CENTER","1","100.0000","88502","Acceptable PM2.5 AQI & Speciation Mass","42660","Seattle-Tacoma-Bellevue, WA","53","Washington","033","King","47.755","-122.2806"
"01/14/2020","AQS","530330024","4","4.3","ug/m3 LC","18","LAKE FOREST PARK TOWNE CENTER","1","100.0000","88502","Acceptable PM2.5 AQI & Speciation Mass","42660","Seattle-Tacoma-Bellevue, WA","53","Washington","033","King","47.755","-122.2806"
"01/15/2020","AQS","530330024","4","2","ug/m3 LC","8","LAKE FOREST PARK TOWNE CENTER","1","100.0000","88502","Acceptable PM2.5 AQI & Speciation Mass","42660","Seattle-Tacoma-Bellevue, WA","53","Washington","033","King","47.755","-122.2806"
"01/16/2020","AQS","530330024","4","4.8","ug/m3 LC","20","LAKE FOREST PARK TOWNE CENTER","1","100.0000","88502","Acceptable PM2.5 AQI & Speciation Mass","42660","Seattle-Tacoma-Bellevue, WA","53","Washington","033","King","47.755","-122.2806"
"01/17/2020","AQS","530330024","4","4.6","ug/m3 LC","19","LAKE FOREST PARK TOWNE CENTER","1","100.0000","88502","Acceptable PM2.5 AQI & Speciation Mass","42660","Seattle-Tacoma-Bellevue, WA","53","Washington","033","King","47.755","-122.2806"
"01/18/2020","AQS","530330024","4","3.5","ug/m3 LC","15","LAKE FOREST PARK TOWNE CENTER","1","100.0000","88502","Acceptable PM2.5 AQI & Speciation Mass","42660","Seattle-Tacoma-Bellevue, WA","53","Washington","033","King","47.755","-122.2806"
"01/19/2020","AQS","530330024","4","8.4","ug/m3 LC","35","LAKE FOREST PARK TOWNE CENTER","1","100.0000","88502","Acceptable PM2.5 AQI & Speciation Mass","42660","Seattle-Tacoma-Bellevue, WA","53","Washington","033","King","47.755","-122.2806"
"01/20/2020","AQS","530330024","4","9.5","ug/m3 LC","40","LAKE FOREST PARK TOWNE CENTER","1","100.0000","88502","Acceptable PM2.5 AQI & Speciation Mass","42660","Seattle-Tacoma-Bellevue, WA","53","Washington","033","King","47.755","-122.2806"
"01/21/2020","AQS","530330024","4","3.3","ug/m3 LC","14","LAKE FOREST PARK TOWNE CENTER","1","100.0000","88502","Acceptable PM2.5 AQI & Speciation Mass","42660","Seattle-Tacoma-Bellevue, WA","53","Washington","033","King","47.755","-122.2806"
"01/22/2020","AQS","530330024","4","2.5","ug/m3 LC","10","LAKE FOREST PARK TOWNE CENTER","1","100.0000","88502","Acceptable PM2.5 AQI & Speciation Mass","42660","Seattle-Tacoma-Bellevue, WA","53","Washington","033","King","47.755","-122.2806"
"01/23/2020","AQS","530330024","4","2.6","ug/m3 LC","11","LAKE FOREST PARK TOWNE CENTER","1","100.0000","88502","Acceptable PM2.5 AQI & Speciation Mass","42660","Seattle-Tacoma-Bellevue, WA","53","Washington","033","King","47.755","-122.2806"
"01/24/2020","AQS","530330024","4","2.4","ug/m3 LC","10","LAKE FOREST PARK TOWNE CENTER","1","100.0000","88502","Acceptable PM2.5 AQI & Speciation Mass","42660","Seattle-Tacoma-Bellevue, WA","53","Washington","033","King","47.755","-122.2806"
"01/25/2020","AQS","530330024","4","4.6","ug/m3 LC","19","LAKE FOREST PARK TOWNE CENTER","1","100.0000","88502","Acceptable PM2.5 AQI & Speciation Mass","42660","Seattle-Tacoma-Bellevue, WA","53","Washington","033","King","47.755","-122.2806"
"01/26/2020","AQS","530330024","4","3.1","ug/m3 LC","13","LAKE FOREST PARK TOWNE CENTER","1","100.0000","88502","Acceptable PM2.5 AQI & Speciation Mass","42660","Seattle-Tacoma-Bellevue, WA","53","Washington","033","King","47.755","-122.2806"
"01/27/2020","AQS","530330024","4","2.4","ug/m3 LC","10","LAKE FOREST PARK TOWNE CENTER","1","100.0000","88502","Acceptable PM2.5 AQI & Speciation Mass","42660","Seattle-Tacoma-Bellevue, WA","53","Washington","033","King","47.755","-122.2806"
"01/28/2020","AQS","530330024","4","2.9","ug/m3 LC","12","LAKE FOREST PARK TOWNE CENTER","1","100.0000","88502","Acceptable PM2.5 AQI & Speciation Mass","42660","Seattle-Tacoma-Bellevue, WA","53","Washington","033","King","47.755","-122.2806"
"01/29/2020","AQS","530330024","4","4.6","ug/m3 LC","19","LAKE FOREST PARK TOWNE CENTER","1","100.0000","88502","Acceptable PM2.5 AQI & Speciation Mass","42660","Seattle-Tacoma-Bellevue, WA","53","Washington","033","King","47.755","-122.2806"
"01/30/2020","AQS","530330024","4","6.2","ug/m3 LC","26","LAKE FOREST PARK TOWNE CENTER","1","100.0000","88502","Acceptable PM2.5 AQI & Speciation Mass","42660","Seattle-Tacoma-Bellevue, WA","53","Washington","033","King","47.755","-122.2806"
"01/31/2020","AQS","530330024","4","2.1","ug/m3 LC","9","LAKE FOREST PARK TOWNE CENTER","1","100.0000","88502","Acceptable PM2.5 AQI & Speciation Mass","42660","Seattle-Tacoma-Bellevue, WA","53","Washington","033","King","47.755","-122.2806"
"02/01/2020","AirNow","530330024","4","2.6","ug/m3 LC","11","LAKE FOREST PARK TOWNE CENTER","1","100.0000","88502","Acceptable PM2.5 AQI & Speciation Mass","42660","Seattle-Tacoma-Bellevue, WA","53","Washington","033","King","47.755","-122.2806"
"02/02/2020","AirNow","530330024","4","8.2","ug/m3 LC","34","LAKE FOREST PARK TOWNE CENTER","1","100.0000","88502","Acceptable PM2.5 AQI & Speciation Mass","42660","Seattle-Tacoma-Bellevue, WA","53","Washington","033","King","47.755","-122.2806"
"02/03/2020","AirNow","530330024","4","7.1","ug/m3 LC","30","LAKE FOREST PARK TOWNE CENTER","1","100.0000","88502","Acceptable PM2.5 AQI & Speciation Mass","42660","Seattle-Tacoma-Bellevue, WA","53","Washington","033","King","47.755","-122.2806"
"02/04/2020","AirNow","530330024","4","6.3","ug/m3 LC","26","LAKE FOREST PARK TOWNE CENTER","1","100.0000","88502","Acceptable PM2.5 AQI & Speciation Mass","42660","Seattle-Tacoma-Bellevue, WA","53","Washington","033","King","47.755","-122.2806"
"02/05/2020","AirNow","530330024","4","3.6","ug/m3 LC","15","LAKE FOREST PARK TOWNE CENTER","1","100.0000","88502","Acceptable PM2.5 AQI & Speciation Mass","42660","Seattle-Tacoma-Bellevue, WA","53","Washington","033","King","47.755","-122.2806"
"02/06/2020","AirNow","530330024","4","5.6","ug/m3 LC","23","LAKE FOREST PARK TOWNE CENTER","1","100.0000","88502","Acceptable PM2.5 AQI & Speciation Mass","42660","Seattle-Tacoma-Bellevue, WA","53","Washington","033","King","47.755","-122.2806"
"02/07/2020","AirNow","530330024","4","5","ug/m3 LC","21","LAKE FOREST PARK TOWNE CENTER","1","100.0000","88502","Acceptable PM2.5 AQI & Speciation Mass","42660","Seattle-Tacoma-Bellevue, WA","53","Washington","033","King","47.755","-122.2806"
"02/08/2020","AirNow","530330024","4","4.8","ug/m3 LC","20","LAKE FOREST PARK TOWNE CENTER","1","100.0000","88502","Acceptable PM2.5 AQI & Speciation Mass","42660","Seattle-Tacoma-Bellevue, WA","53","Washington","033","King","47.755","-122.2806"
"02/09/2020","AirNow","530330024","4","11.8","ug/m3 LC","49","LAKE FOREST PARK TOWNE CENTER","1","100.0000","88502","Acceptable PM2.5 AQI & Speciation Mass","42660","Seattle-Tacoma-Bellevue, WA","53","Washington","033","King","47.755","-122.2806"
"02/10/2020","AirNow","530330024","4","11.7","ug/m3 LC","49","LAKE FOREST PARK TOWNE CENTER","1","100.0000","88502","Acceptable PM2.5 AQI & Speciation Mass","42660","Seattle-Tacoma-Bellevue, WA","53","Washington","033","King","47.755","-122.2806"
"02/11/2020","AirNow","530330024","4","9.8","ug/m3 LC","41","LAKE FOREST PARK TOWNE CENTER","1","100.0000","88502","Acceptable PM2.5 AQI & Speciation Mass","42660","Seattle-Tacoma-Bellevue, WA","53","Washington","033","King","47.755","-122.2806"
"02/12/2020","AirNow","530330024","4","8.8","ug/m3 LC","37","LAKE FOREST PARK TOWNE CENTER","1","100.0000","88502","Acceptable PM2.5 AQI & Speciation Mass","42660","Seattle-Tacoma-Bellevue, WA","53","Washington","033","King","47.755","-122.2806"
"02/13/2020","AirNow","530330024","4","5.7","ug/m3 LC","24","LAKE FOREST PARK TOWNE CENTER","1","100.0000","88502","Acceptable PM2.5 AQI & Speciation Mass","42660","Seattle-Tacoma-Bellevue, WA","53","Washington","033","King","47.755","-122.2806"
"02/14/2020","AirNow","530330024","4","2.7","ug/m3 LC","11","LAKE FOREST PARK TOWNE CENTER","1","100.0000","88502","Acceptable PM2.5 AQI & Speciation Mass","42660","Seattle-Tacoma-Bellevue, WA","53","Washington","033","King","47.755","-122.2806"
"02/15/2020","AirNow","530330024","4","2.5","ug/m3 LC","10","LAKE FOREST PARK TOWNE CENTER","1","100.0000","88502","Acceptable PM2.5 AQI & Speciation Mass","42660","Seattle-Tacoma-Bellevue, WA","53","Washington","033","King","47.755","-122.2806"
"02/16/2020","AirNow","530330024","4","5.4","ug/m3 LC","23","LAKE FOREST PARK TOWNE CENTER","1","100.0000","88502","Acceptable PM2.5 AQI & Speciation Mass","42660","Seattle-Tacoma-Bellevue, WA","53","Washington","033","King","47.755","-122.2806"
"02/17/2020","AirNow","530330024","4","7","ug/m3 LC","29","LAKE FOREST PARK TOWNE CENTER","1","100.0000","88502","Acceptable PM2.5 AQI & Speciation Mass","42660","Seattle-Tacoma-Bellevue, WA","53","Washington","033","King","47.755","-122.2806"
"02/18/2020","AirNow","530330024","4","5.5","ug/m3 LC","23","LAKE FOREST PARK TOWNE CENTER","1","100.0000","88502","Acceptable PM2.5 AQI & Speciation Mass","42660","Seattle-Tacoma-Bellevue, WA","53","Washington","033","King","47.755","-122.2806"
"02/19/2020","AirNow","530330024","4","6.1","ug/m3 LC","25","LAKE FOREST PARK TOWNE CENTER","1","100.0000","88502","Acceptable PM2.5 AQI & Speciation Mass","42660","Seattle-Tacoma-Bellevue, WA","53","Washington","033","King","47.755","-122.2806"
"02/20/2020","AirNow","530330024","4","8.1","ug/m3 LC","34","LAKE FOREST PARK TOWNE CENTER","1","100.0000","88502","Acceptable PM2.5 AQI & Speciation Mass","42660","Seattle-Tacoma-Bellevue, WA","53","Washington","033","King","47.755","-122.2806"
"02/21/2020","AirNow","530330024","4","10.4","ug/m3 LC","43","LAKE FOREST PARK TOWNE CENTER","1","100.0000","88502","Acceptable PM2.5 AQI & Speciation Mass","42660","Seattle-Tacoma-Bellevue, WA","53","Washington","033","King","47.755","-122.2806"
"02/22/2020","AirNow","530330024","4","6.2","ug/m3 LC","26","LAKE FOREST PARK TOWNE CENTER","1","100.0000","88502","Acceptable PM2.5 AQI & Speciation Mass","42660","Seattle-Tacoma-Bellevue, WA","53","Washington","033","King","47.755","-122.2806"
"02/23/2020","AirNow","530330024","4","3.6","ug/m3 LC","15","LAKE FOREST PARK TOWNE CENTER","1","100.0000","88502","Acceptable PM2.5 AQI & Speciation Mass","42660","Seattle-Tacoma-Bellevue, WA","53","Washington","033","King","47.755","-122.2806"
"02/24/2020","AirNow","530330024","4","6.3","ug/m3 LC","26","LAKE FOREST PARK TOWNE CENTER","1","100.0000","88502","Acceptable PM2.5 AQI & Speciation Mass","42660","Seattle-Tacoma-Bellevue, WA","53","Washington","033","King","47.755","-122.2806"
"02/25/2020","AirNow","530330024","4","8.1","ug/m3 LC","34","LAKE FOREST PARK TOWNE CENTER","1","100.0000","88502","Acceptable PM2.5 AQI & Speciation Mass","42660","Seattle-Tacoma-Bellevue, WA","53","Washington","033","King","47.755","-122.2806"
"02/26/2020","AirNow","530330024","4","8.2","ug/m3 LC","34","LAKE FOREST PARK TOWNE CENTER","1","100.0000","88502","Acceptable PM2.5 AQI & Speciation Mass","42660","Seattle-Tacoma-Bellevue, WA","53","Washington","033","King","47.755","-122.2806"
"02/27/2020","AirNow","530330024","4","6.9","ug/m3 LC","29","LAKE FOREST PARK TOWNE CENTER","1","100.0000","88502","Acceptable PM2.5 AQI & Speciation Mass","42660","Seattle-Tacoma-Bellevue, WA","53","Washington","033","King","47.755","-122.2806"
"02/28/2020","AirNow","530330024","4","7.7","ug/m3 LC","32","LAKE FOREST PARK TOWNE CENTER","1","100.0000","88502","Acceptable PM2.5 AQI & Speciation Mass","42660","Seattle-Tacoma-Bellevue, WA","53","Washington","033","King","47.755","-122.2806"
"02/29/2020","AirNow","530330024","4","4.5","ug/m3 LC","19","LAKE FOREST PARK TOWNE CENTER","1","100.0000","88502","Acceptable PM2.5 AQI & Speciation Mass","42660","Seattle-Tacoma-Bellevue, WA","53","Washington","033","King","47.755","-122.2806"
"03/01/2020","AirNow","530330024","4","7.8","ug/m3 LC","33","LAKE FOREST PARK TOWNE CENTER","1","100.0000","88502","Acceptable PM2.5 AQI & Speciation Mass","42660","Seattle-Tacoma-Bellevue, WA","53","Washington","033","King","47.755","-122.2806"
"03/02/2020","AirNow","530330024","4","3.3","ug/m3 LC","14","LAKE FOREST PARK TOWNE CENTER","1","100.0000","88502","Acceptable PM2.5 AQI & Speciation Mass","42660","Seattle-Tacoma-Bellevue, WA","53","Washington","033","King","47.755","-122.2806"
"03/03/2020","AirNow","530330024","4","1.7","ug/m3 LC","7","LAKE FOREST PARK TOWNE CENTER","1","100.0000","88502","Acceptable PM2.5 AQI & Speciation Mass","42660","Seattle-Tacoma-Bellevue, WA","53","Washington","033","King","47.755","-122.2806"
"03/04/2020","AirNow","530330024","4","6.1","ug/m3 LC","25","LAKE FOREST PARK TOWNE CENTER","1","100.0000","88502","Acceptable PM2.5 AQI & Speciation Mass","42660","Seattle-Tacoma-Bellevue, WA","53","Washington","033","King","47.755","-122.2806"
"03/05/2020","AirNow","530330024","4","4.6","ug/m3 LC","19","LAKE FOREST PARK TOWNE CENTER","1","100.0000","88502","Acceptable PM2.5 AQI & Speciation Mass","42660","Seattle-Tacoma-Bellevue, WA","53","Washington","033","King","47.755","-122.2806"
"03/06/2020","AirNow","530330024","4","4.7","ug/m3 LC","20","LAKE FOREST PARK TOWNE CENTER","1","100.0000","88502","Acceptable PM2.5 AQI & Speciation Mass","42660","Seattle-Tacoma-Bellevue, WA","53","Washington","033","King","47.755","-122.2806"
"03/07/2020","AirNow","530330024","4","7.1","ug/m3 LC","30","LAKE FOREST PARK TOWNE CENTER","1","100.0000","88502","Acceptable PM2.5 AQI & Speciation Mass","42660","Seattle-Tacoma-Bellevue, WA","53","Washington","033","King","47.755","-122.2806"
"03/08/2020","AirNow","530330024","4","5.2","ug/m3 LC","22","LAKE FOREST PARK TOWNE CENTER","1","100.0000","88502","Acceptable PM2.5 AQI & Speciation Mass","42660","Seattle-Tacoma-Bellevue, WA","53","Washington","033","King","47.755","-122.2806"
"03/09/2020","AirNow","530330024","4","8.3","ug/m3 LC","35","LAKE FOREST PARK TOWNE CENTER","1","100.0000","88502","Acceptable PM2.5 AQI & Speciation Mass","42660","Seattle-Tacoma-Bellevue, WA","53","Washington","033","King","47.755","-122.2806"
"03/10/2020","AirNow","530330024","4","6.2","ug/m3 LC","26","LAKE FOREST PARK TOWNE CENTER","1","100.0000","88502","Acceptable PM2.5 AQI & Speciation Mass","42660","Seattle-Tacoma-Bellevue, WA","53","Washington","033","King","47.755","-122.2806"
"03/11/2020","AirNow","530330024","4","3.3","ug/m3 LC","14","LAKE FOREST PARK TOWNE CENTER","1","100.0000","88502","Acceptable PM2.5 AQI & Speciation Mass","42660","Seattle-Tacoma-Bellevue, WA","53","Washington","033","King","47.755","-122.2806"
"03/12/2020","AirNow","530330024","4","5","ug/m3 LC","21","LAKE FOREST PARK TOWNE CENTER","1","100.0000","88502","Acceptable PM2.5 AQI & Speciation Mass","42660","Seattle-Tacoma-Bellevue, WA","53","Washington","033","King","47.755","-122.2806"
"03/13/2020","AirNow","530330024","4","4.5","ug/m3 LC","19","LAKE FOREST PARK TOWNE CENTER","1","100.0000","88502","Acceptable PM2.5 AQI & Speciation Mass","42660","Seattle-Tacoma-Bellevue, WA","53","Washington","033","King","47.755","-122.2806"
"03/14/2020","AirNow","530330024","4","4.1","ug/m3 LC","17","LAKE FOREST PARK TOWNE CENTER","1","100.0000","88502","Acceptable PM2.5 AQI & Speciation Mass","42660","Seattle-Tacoma-Bellevue, WA","53","Washington","033","King","47.755","-122.2806"
"03/15/2020","AirNow","530330024","4","4.5","ug/m3 LC","19","LAKE FOREST PARK TOWNE CENTER","1","100.0000","88502","Acceptable PM2.5 AQI & Speciation Mass","42660","Seattle-Tacoma-Bellevue, WA","53","Washington","033","King","47.755","-122.2806"
"03/16/2020","AirNow","530330024","4","7.1","ug/m3 LC","30","LAKE FOREST PARK TOWNE CENTER","1","100.0000","88502","Acceptable PM2.5 AQI & Speciation Mass","42660","Seattle-Tacoma-Bellevue, WA","53","Washington","033","King","47.755","-122.2806"
"03/17/2020","AirNow","530330024","4","10.1","ug/m3 LC","42","LAKE FOREST PARK TOWNE CENTER","1","100.0000","88502","Acceptable PM2.5 AQI & Speciation Mass","42660","Seattle-Tacoma-Bellevue, WA","53","Washington","033","King","47.755","-122.2806"
"03/18/2020","AirNow","530330024","4","13","ug/m3 LC","53","LAKE FOREST PARK TOWNE CENTER","1","100.0000","88502","Acceptable PM2.5 AQI & Speciation Mass","42660","Seattle-Tacoma-Bellevue, WA","53","Washington","033","King","47.755","-122.2806"
"03/19/2020","AirNow","530330024","4","13.4","ug/m3 LC","54","LAKE FOREST PARK TOWNE CENTER","1","100.0000","88502","Acceptable PM2.5 AQI & Speciation Mass","42660","Seattle-Tacoma-Bellevue, WA","53","Washington","033","King","47.755","-122.2806"
"03/20/2020","AirNow","530330024","4","10.6","ug/m3 LC","44","LAKE FOREST PARK TOWNE CENTER","1","100.0000","88502","Acceptable PM2.5 AQI & Speciation Mass","42660","Seattle-Tacoma-Bellevue, WA","53","Washington","033","King","47.755","-122.2806"
"03/21/2020","AirNow","530330024","4","12.5","ug/m3 LC","52","LAKE FOREST PARK TOWNE CENTER","1","100.0000","88502","Acceptable PM2.5 AQI & Speciation Mass","42660","Seattle-Tacoma-Bellevue, WA","53","Washington","033","King","47.755","-122.2806"
"03/22/2020","AirNow","530330024","4","12.7","ug/m3 LC","52","LAKE FOREST PARK TOWNE CENTER","1","100.0000","88502","Acceptable PM2.5 AQI & Speciation Mass","42660","Seattle-Tacoma-Bellevue, WA","53","Washington","033","King","47.755","-122.2806"
"03/23/2020","AirNow","530330024","4","2.6","ug/m3 LC","11","LAKE FOREST PARK TOWNE CENTER","1","100.0000","88502","Acceptable PM2.5 AQI & Speciation Mass","42660","Seattle-Tacoma-Bellevue, WA","53","Washington","033","King","47.755","-122.2806"
"03/24/2020","AirNow","530330024","4","2.2","ug/m3 LC","9","LAKE FOREST PARK TOWNE CENTER","1","100.0000","88502","Acceptable PM2.5 AQI & Speciation Mass","42660","Seattle-Tacoma-Bellevue, WA","53","Washington","033","King","47.755","-122.2806"
"03/25/2020","AirNow","530330024","4","5.3","ug/m3 LC","22","LAKE FOREST PARK TOWNE CENTER","1","100.0000","88502","Acceptable PM2.5 AQI & Speciation Mass","42660","Seattle-Tacoma-Bellevue, WA","53","Washington","033","King","47.755","-122.2806"
"03/26/2020","AirNow","530330024","4","6.2","ug/m3 LC","26","LAKE FOREST PARK TOWNE CENTER","1","100.0000","88502","Acceptable PM2.5 AQI & Speciation Mass","42660","Seattle-Tacoma-Bellevue, WA","53","Washington","033","King","47.755","-122.2806"
"03/27/2020","AirNow","530330024","4","5","ug/m3 LC","21","LAKE FOREST PARK TOWNE CENTER","1","100.0000","88502","Acceptable PM2.5 AQI & Speciation Mass","42660","Seattle-Tacoma-Bellevue, WA","53","Washington","033","King","47.755","-122.2806"
"03/28/2020","AirNow","530330024","4","2","ug/m3 LC","8","LAKE FOREST PARK TOWNE CENTER","1","100.0000","88502","Acceptable PM2.5 AQI & Speciation Mass","42660","Seattle-Tacoma-Bellevue, WA","53","Washington","033","King","47.755","-122.2806"
"03/29/2020","AirNow","530330024","4","1.9","ug/m3 LC","8","LAKE FOREST PARK TOWNE CENTER","1","100.0000","88502","Acceptable PM2.5 AQI & Speciation Mass","42660","Seattle-Tacoma-Bellevue, WA","53","Washington","033","King","47.755","-122.2806"
"03/30/2020","AirNow","530330024","4","2","ug/m3 LC","8","LAKE FOREST PARK TOWNE CENTER","1","100.0000","88502","Acceptable PM2.5 AQI & Speciation Mass","42660","Seattle-Tacoma-Bellevue, WA","53","Washington","033","King","47.755","-122.2806"
"03/31/2020","AirNow","530330024","4","2.5","ug/m3 LC","10","LAKE FOREST PARK TOWNE CENTER","1","100.0000","88502","Acceptable PM2.5 AQI & Speciation Mass","42660","Seattle-Tacoma-Bellevue, WA","53","Washington","033","King","47.755","-122.2806"
"04/01/2020","AirNow","530330024","4","4","ug/m3 LC","17","LAKE FOREST PARK TOWNE CENTER","1","100.0000","88502","Acceptable PM2.5 AQI & Speciation Mass","42660","Seattle-Tacoma-Bellevue, WA","53","Washington","033","King","47.755","-122.2806"
"04/02/2020","AirNow","530330024","4","5.3","ug/m3 LC","22","LAKE FOREST PARK TOWNE CENTER","1","100.0000","88502","Acceptable PM2.5 AQI & Speciation Mass","42660","Seattle-Tacoma-Bellevue, WA","53","Washington","033","King","47.755","-122.2806"
"04/03/2020","AirNow","530330024","4","2.7","ug/m3 LC","11","LAKE FOREST PARK TOWNE CENTER","1","100.0000","88502","Acceptable PM2.5 AQI & Speciation Mass","42660","Seattle-Tacoma-Bellevue, WA","53","Washington","033","King","47.755","-122.2806"
"04/04/2020","AirNow","530330024","4","3.2","ug/m3 LC","13","LAKE FOREST PARK TOWNE CENTER","1","100.0000","88502","Acceptable PM2.5 AQI & Speciation Mass","42660","Seattle-Tacoma-Bellevue, WA","53","Washington","033","King","47.755","-122.2806"
"04/05/2020","AirNow","530330024","4","3.4","ug/m3 LC","14","LAKE FOREST PARK TOWNE CENTER","1","100.0000","88502","Acceptable PM2.5 AQI & Speciation Mass","42660","Seattle-Tacoma-Bellevue, WA","53","Washington","033","King","47.755","-122.2806"
"04/06/2020","AirNow","530330024","4","4.8","ug/m3 LC","20","LAKE FOREST PARK TOWNE CENTER","1","100.0000","88502","Acceptable PM2.5 AQI & Speciation Mass","42660","Seattle-Tacoma-Bellevue, WA","53","Washington","033","King","47.755","-122.2806"
"04/07/2020","AirNow","530330024","4","8.6","ug/m3 LC","36","LAKE FOREST PARK TOWNE CENTER","1","100.0000","88502","Acceptable PM2.5 AQI & Speciation Mass","42660","Seattle-Tacoma-Bellevue, WA","53","Washington","033","King","47.755","-122.2806"
"04/08/2020","AirNow","530330024","4","9.7","ug/m3 LC","40","LAKE FOREST PARK TOWNE CENTER","1","100.0000","88502","Acceptable PM2.5 AQI & Speciation Mass","42660","Seattle-Tacoma-Bellevue, WA","53","Washington","033","King","47.755","-122.2806"
"04/09/2020","AirNow","530330024","4","9.3","ug/m3 LC","39","LAKE FOREST PARK TOWNE CENTER","1","100.0000","88502","Acceptable PM2.5 AQI & Speciation Mass","42660","Seattle-Tacoma-Bellevue, WA","53","Washington","033","King","47.755","-122.2806"
"04/10/2020","AirNow","530330024","4","7.2","ug/m3 LC","30","LAKE FOREST PARK TOWNE CENTER","1","100.0000","88502","Acceptable PM2.5 AQI & Speciation Mass","42660","Seattle-Tacoma-Bellevue, WA","53","Washington","033","King","47.755","-122.2806"
"04/11/2020","AirNow","530330024","4","5.4","ug/m3 LC","23","LAKE FOREST PARK TOWNE CENTER","1","100.0000","88502","Acceptable PM2.5 AQI & Speciation Mass","42660","Seattle-Tacoma-Bellevue, WA","53","Washington","033","King","47.755","-122.2806"
"04/12/2020","AirNow","530330024","4","5.7","ug/m3 LC","24","LAKE FOREST PARK TOWNE CENTER","1","100.0000","88502","Acceptable PM2.5 AQI & Speciation Mass","42660","Seattle-Tacoma-Bellevue, WA","53","Washington","033","King","47.755","-122.2806"
"04/13/2020","AirNow","530330024","4","5.5","ug/m3 LC","23","LAKE FOREST PARK TOWNE CENTER","1","100.0000","88502","Acceptable PM2.5 AQI & Speciation Mass","42660","Seattle-Tacoma-Bellevue, WA","53","Washington","033","King","47.755","-122.2806"
"04/14/2020","AirNow","530330024","4","5.8","ug/m3 LC","24","LAKE FOREST PARK TOWNE CENTER","1","100.0000","88502","Acceptable PM2.5 AQI & Speciation Mass","42660","Seattle-Tacoma-Bellevue, WA","53","Washington","033","King","47.755","-122.2806"
"04/15/2020","AirNow","530330024","4","3.4","ug/m3 LC","14","LAKE FOREST PARK TOWNE CENTER","1","100.0000","88502","Acceptable PM2.5 AQI & Speciation Mass","42660","Seattle-Tacoma-Bellevue, WA","53","Washington","033","King","47.755","-122.2806"
"04/16/2020","AirNow","530330024","4","5.5","ug/m3 LC","23","LAKE FOREST PARK TOWNE CENTER","1","100.0000","88502","Acceptable PM2.5 AQI & Speciation Mass","42660","Seattle-Tacoma-Bellevue, WA","53","Washington","033","King","47.755","-122.2806"
"04/17/2020","AirNow","530330024","4","5.3","ug/m3 LC","22","LAKE FOREST PARK TOWNE CENTER","1","100.0000","88502","Acceptable PM2.5 AQI & Speciation Mass","42660","Seattle-Tacoma-Bellevue, WA","53","Washington","033","King","47.755","-122.2806"
"04/18/2020","AirNow","530330024","4","5.5","ug/m3 LC","23","LAKE FOREST PARK TOWNE CENTER","1","100.0000","88502","Acceptable PM2.5 AQI & Speciation Mass","42660","Seattle-Tacoma-Bellevue, WA","53","Washington","033","King","47.755","-122.2806"
"04/19/2020","AirNow","530330024","4","5.5","ug/m3 LC","23","LAKE FOREST PARK TOWNE CENTER","1","100.0000","88502","Acceptable PM2.5 AQI & Speciation Mass","42660","Seattle-Tacoma-Bellevue, WA","53","Washington","033","King","47.755","-122.2806"
"04/20/2020","AirNow","530330024","4","4.7","ug/m3 LC","20","LAKE FOREST PARK TOWNE CENTER","1","100.0000","88502","Acceptable PM2.5 AQI & Speciation Mass","42660","Seattle-Tacoma-Bellevue, WA","53","Washington","033","King","47.755","-122.2806"
"04/21/2020","AirNow","530330024","4","2.6","ug/m3 LC","11","LAKE FOREST PARK TOWNE CENTER","1","100.0000","88502","Acceptable PM2.5 AQI & Speciation Mass","42660","Seattle-Tacoma-Bellevue, WA","53","Washington","033","King","47.755","-122.2806"
"04/22/2020","AirNow","530330024","4","2.7","ug/m3 LC","11","LAKE FOREST PARK TOWNE CENTER","1","100.0000","88502","Acceptable PM2.5 AQI & Speciation Mass","42660","Seattle-Tacoma-Bellevue, WA","53","Washington","033","King","47.755","-122.2806"
"04/23/2020","AirNow","530330024","4","3.4","ug/m3 LC","14","LAKE FOREST PARK TOWNE CENTER","1","100.0000","88502","Acceptable PM2.5 AQI & Speciation Mass","42660","Seattle-Tacoma-Bellevue, WA","53","Washington","033","King","47.755","-122.2806"
"04/24/2020","AirNow","530330024","4","4.3","ug/m3 LC","18","LAKE FOREST PARK TOWNE CENTER","1","100.0000","88502","Acceptable PM2.5 AQI & Speciation Mass","42660","Seattle-Tacoma-Bellevue, WA","53","Washington","033","King","47.755","-122.2806"
"04/25/2020","AirNow","530330024","4","4.7","ug/m3 LC","20","LAKE FOREST PARK TOWNE CENTER","1","100.0000","88502","Acceptable PM2.5 AQI & Speciation Mass","42660","Seattle-Tacoma-Bellevue, WA","53","Washington","033","King","47.755","-122.2806"
"04/26/2020","AirNow","530330024","4","4.9","ug/m3 LC","20","LAKE FOREST PARK TOWNE CENTER","1","100.0000","88502","Acceptable PM2.5 AQI & Speciation Mass","42660","Seattle-Tacoma-Bellevue, WA","53","Washington","033","King","47.755","-122.2806"
"04/27/2020","AirNow","530330024","4","3.1","ug/m3 LC","13","LAKE FOREST PARK TOWNE CENTER","1","100.0000","88502","Acceptable PM2.5 AQI & Speciation Mass","42660","Seattle-Tacoma-Bellevue, WA","53","Washington","033","King","47.755","-122.2806"
"04/28/2020","AirNow","530330024","4","5.5","ug/m3 LC","23","LAKE FOREST PARK TOWNE CENTER","1","100.0000","88502","Acceptable PM2.5 AQI & Speciation Mass","42660","Seattle-Tacoma-Bellevue, WA","53","Washington","033","King","47.755","-122.2806"
"04/29/2020","AirNow","530330024","4","3.8","ug/m3 LC","16","LAKE FOREST PARK TOWNE CENTER","1","100.0000","88502","Acceptable PM2.5 AQI & Speciation Mass","42660","Seattle-Tacoma-Bellevue, WA","53","Washington","033","King","47.755","-122.2806"
"04/30/2020","AirNow","530330024","4","2.5","ug/m3 LC","10","LAKE FOREST PARK TOWNE CENTER","1","100.0000","88502","Acceptable PM2.5 AQI & Speciation Mass","42660","Seattle-Tacoma-Bellevue, WA","53","Washington","033","King","47.755","-122.2806"
"05/01/2020","AirNow","530330024","4","4.3","ug/m3 LC","18","LAKE FOREST PARK TOWNE CENTER","1","100.0000","88502","Acceptable PM2.5 AQI & Speciation Mass","42660","Seattle-Tacoma-Bellevue, WA","53","Washington","033","King","47.755","-122.2806"
"05/02/2020","AirNow","530330024","4","5","ug/m3 LC","21","LAKE FOREST PARK TOWNE CENTER","1","100.0000","88502","Acceptable PM2.5 AQI & Speciation Mass","42660","Seattle-Tacoma-Bellevue, WA","53","Washington","033","King","47.755","-122.2806"
"01/01/2020","AQS","530330030","5","2.7","ug/m3 LC","11","Seattle-10th & Weller","1","100.0000","88101","PM2.5 - Local Conditions","42660","Seattle-Tacoma-Bellevue, WA","53","Washington","033","King","47.597222","-122.319722"
"01/02/2020","AQS","530330030","5","4.2","ug/m3 LC","18","Seattle-10th & Weller","1","100.0000","88101","PM2.5 - Local Conditions","42660","Seattle-Tacoma-Bellevue, WA","53","Washington","033","King","47.597222","-122.319722"
"01/03/2020","AQS","530330030","5","5.9","ug/m3 LC","25","Seattle-10th & Weller","1","100.0000","88101","PM2.5 - Local Conditions","42660","Seattle-Tacoma-Bellevue, WA","53","Washington","033","King","47.597222","-122.319722"
"01/04/2020","AQS","530330030","5","4","ug/m3 LC","17","Seattle-10th & Weller","1","100.0000","88101","PM2.5 - Local Conditions","42660","Seattle-Tacoma-Bellevue, WA","53","Washington","033","King","47.597222","-122.319722"
"01/05/2020","AQS","530330030","5","2.2","ug/m3 LC","9","Seattle-10th & Weller","1","100.0000","88101","PM2.5 - Local Conditions","42660","Seattle-Tacoma-Bellevue, WA","53","Washington","033","King","47.597222","-122.319722"
"01/06/2020","AQS","530330030","5","1.4","ug/m3 LC","6","Seattle-10th & Weller","1","100.0000","88101","PM2.5 - Local Conditions","42660","Seattle-Tacoma-Bellevue, WA","53","Washington","033","King","47.597222","-122.319722"
"01/07/2020","AQS","530330030","5","2.4","ug/m3 LC","10","Seattle-10th & Weller","1","100.0000","88101","PM2.5 - Local Conditions","42660","Seattle-Tacoma-Bellevue, WA","53","Washington","033","King","47.597222","-122.319722"
"01/08/2020","AQS","530330030","5","4.1","ug/m3 LC","17","Seattle-10th & Weller","1","100.0000","88101","PM2.5 - Local Conditions","42660","Seattle-Tacoma-Bellevue, WA","53","Washington","033","King","47.597222","-122.319722"
"01/09/2020","AQS","530330030","5","7.8","ug/m3 LC","33","Seattle-10th & Weller","1","100.0000","88101","PM2.5 - Local Conditions","42660","Seattle-Tacoma-Bellevue, WA","53","Washington","033","King","47.597222","-122.319722"
"01/10/2020","AQS","530330030","5","2.4","ug/m3 LC","10","Seattle-10th & Weller","1","100.0000","88101","PM2.5 - Local Conditions","42660","Seattle-Tacoma-Bellevue, WA","53","Washington","033","King","47.597222","-122.319722"
"01/11/2020","AQS","530330030","5","4.6","ug/m3 LC","19","Seattle-10th & Weller","1","100.0000","88101","PM2.5 - Local Conditions","42660","Seattle-Tacoma-Bellevue, WA","53","Washington","033","King","47.597222","-122.319722"
"01/12/2020","AQS","530330030","5","2.2","ug/m3 LC","9","Seattle-10th & Weller","1","100.0000","88101","PM2.5 - Local Conditions","42660","Seattle-Tacoma-Bellevue, WA","53","Washington","033","King","47.597222","-122.319722"
"01/13/2020","AQS","530330030","5","5.6","ug/m3 LC","23","Seattle-10th & Weller","1","100.0000","88101","PM2.5 - Local Conditions","42660","Seattle-Tacoma-Bellevue, WA","53","Washington","033","King","47.597222","-122.319722"
"01/14/2020","AQS","530330030","5","3.9","ug/m3 LC","16","Seattle-10th & Weller","1","100.0000","88101","PM2.5 - Local Conditions","42660","Seattle-Tacoma-Bellevue, WA","53","Washington","033","King","47.597222","-122.319722"
"01/15/2020","AQS","530330030","5","0.9","ug/m3 LC","4","Seattle-10th & Weller","1","100.0000","88101","PM2.5 - Local Conditions","42660","Seattle-Tacoma-Bellevue, WA","53","Washington","033","King","47.597222","-122.319722"
"01/16/2020","AQS","530330030","5","4.2","ug/m3 LC","18","Seattle-10th & Weller","1","100.0000","88101","PM2.5 - Local Conditions","42660","Seattle-Tacoma-Bellevue, WA","53","Washington","033","King","47.597222","-122.319722"
"01/17/2020","AQS","530330030","5","4.6","ug/m3 LC","19","Seattle-10th & Weller","1","100.0000","88101","PM2.5 - Local Conditions","42660","Seattle-Tacoma-Bellevue, WA","53","Washington","033","King","47.597222","-122.319722"
"01/18/2020","AQS","530330030","5","1.5","ug/m3 LC","6","Seattle-10th & Weller","1","100.0000","88101","PM2.5 - Local Conditions","42660","Seattle-Tacoma-Bellevue, WA","53","Washington","033","King","47.597222","-122.319722"
"01/19/2020","AQS","530330030","5","5.8","ug/m3 LC","24","Seattle-10th & Weller","1","100.0000","88101","PM2.5 - Local Conditions","42660","Seattle-Tacoma-Bellevue, WA","53","Washington","033","King","47.597222","-122.319722"
"01/20/2020","AQS","530330030","5","9.1","ug/m3 LC","38","Seattle-10th & Weller","1","100.0000","88101","PM2.5 - Local Conditions","42660","Seattle-Tacoma-Bellevue, WA","53","Washington","033","King","47.597222","-122.319722"
"01/21/2020","AQS","530330030","5","4.7","ug/m3 LC","20","Seattle-10th & Weller","1","100.0000","88101","PM2.5 - Local Conditions","42660","Seattle-Tacoma-Bellevue, WA","53","Washington","033","King","47.597222","-122.319722"
"01/22/2020","AQS","530330030","5","3.2","ug/m3 LC","13","Seattle-10th & Weller","1","100.0000","88101","PM2.5 - Local Conditions","42660","Seattle-Tacoma-Bellevue, WA","53","Washington","033","King","47.597222","-122.319722"
"01/23/2020","AQS","530330030","5","3.5","ug/m3 LC","15","Seattle-10th & Weller","1","100.0000","88101","PM2.5 - Local Conditions","42660","Seattle-Tacoma-Bellevue, WA","53","Washington","033","King","47.597222","-122.319722"
"01/24/2020","AQS","530330030","5","3.5","ug/m3 LC","15","Seattle-10th & Weller","1","100.0000","88101","PM2.5 - Local Conditions","42660","Seattle-Tacoma-Bellevue, WA","53","Washington","033","King","47.597222","-122.319722"
"01/25/2020","AQS","530330030","5","4.2","ug/m3 LC","18","Seattle-10th & Weller","1","100.0000","88101","PM2.5 - Local Conditions","42660","Seattle-Tacoma-Bellevue, WA","53","Washington","033","King","47.597222","-122.319722"
"01/26/2020","AQS","530330030","5","3","ug/m3 LC","13","Seattle-10th & Weller","1","100.0000","88101","PM2.5 - Local Conditions","42660","Seattle-Tacoma-Bellevue, WA","53","Washington","033","King","47.597222","-122.319722"
"01/27/2020","AQS","530330030","5","2.9","ug/m3 LC","12","Seattle-10th & Weller","1","100.0000","88101","PM2.5 - Local Conditions","42660","Seattle-Tacoma-Bellevue, WA","53","Washington","033","King","47.597222","-122.319722"
"01/28/2020","AQS","530330030","5","3.7","ug/m3 LC","15","Seattle-10th & Weller","1","100.0000","88101","PM2.5 - Local Conditions","42660","Seattle-Tacoma-Bellevue, WA","53","Washington","033","King","47.597222","-122.319722"
"01/29/2020","AQS","530330030","5","5","ug/m3 LC","21","Seattle-10th & Weller","1","100.0000","88101","PM2.5 - Local Conditions","42660","Seattle-Tacoma-Bellevue, WA","53","Washington","033","King","47.597222","-122.319722"
"01/30/2020","AQS","530330030","5","6.2","ug/m3 LC","26","Seattle-10th & Weller","1","100.0000","88101","PM2.5 - Local Conditions","42660","Seattle-Tacoma-Bellevue, WA","53","Washington","033","King","47.597222","-122.319722"
"01/31/2020","AQS","530330030","5","2.7","ug/m3 LC","11","Seattle-10th & Weller","1","100.0000","88101","PM2.5 - Local Conditions","42660","Seattle-Tacoma-Bellevue, WA","53","Washington","033","King","47.597222","-122.319722"
"02/01/2020","AirNow","530330030","5","2.7","ug/m3 LC","11","Seattle-10th & Weller","1","100.0000","88101","PM2.5 - Local Conditions","42660","Seattle-Tacoma-Bellevue, WA","53","Washington","033","King","47.597222","-122.319722"
"02/02/2020","AirNow","530330030","5","6.5","ug/m3 LC","27","Seattle-10th & Weller","1","100.0000","88101","PM2.5 - Local Conditions","42660","Seattle-Tacoma-Bellevue, WA","53","Washington","033","King","47.597222","-122.319722"
"02/03/2020","AirNow","530330030","5","4.8","ug/m3 LC","20","Seattle-10th & Weller","1","100.0000","88101","PM2.5 - Local Conditions","42660","Seattle-Tacoma-Bellevue, WA","53","Washington","033","King","47.597222","-122.319722"
"02/04/2020","AirNow","530330030","5","6.1","ug/m3 LC","25","Seattle-10th & Weller","1","100.0000","88101","PM2.5 - Local Conditions","42660","Seattle-Tacoma-Bellevue, WA","53","Washington","033","King","47.597222","-122.319722"
"02/05/2020","AirNow","530330030","5","3","ug/m3 LC","13","Seattle-10th & Weller","1","100.0000","88101","PM2.5 - Local Conditions","42660","Seattle-Tacoma-Bellevue, WA","53","Washington","033","King","47.597222","-122.319722"
"02/06/2020","AirNow","530330030","5","4.6","ug/m3 LC","19","Seattle-10th & Weller","1","100.0000","88101","PM2.5 - Local Conditions","42660","Seattle-Tacoma-Bellevue, WA","53","Washington","033","King","47.597222","-122.319722"
"02/07/2020","AirNow","530330030","5","4.3","ug/m3 LC","18","Seattle-10th & Weller","1","100.0000","88101","PM2.5 - Local Conditions","42660","Seattle-Tacoma-Bellevue, WA","53","Washington","033","King","47.597222","-122.319722"
"02/08/2020","AirNow","530330030","5","3.2","ug/m3 LC","13","Seattle-10th & Weller","1","100.0000","88101","PM2.5 - Local Conditions","42660","Seattle-Tacoma-Bellevue, WA","53","Washington","033","King","47.597222","-122.319722"
"02/09/2020","AirNow","530330030","5","6.5","ug/m3 LC","27","Seattle-10th & Weller","1","100.0000","88101","PM2.5 - Local Conditions","42660","Seattle-Tacoma-Bellevue, WA","53","Washington","033","King","47.597222","-122.319722"
"02/10/2020","AirNow","530330030","5","9.8","ug/m3 LC","41","Seattle-10th & Weller","1","100.0000","88101","PM2.5 - Local Conditions","42660","Seattle-Tacoma-Bellevue, WA","53","Washington","033","King","47.597222","-122.319722"
"02/11/2020","AirNow","530330030","5","9.9","ug/m3 LC","41","Seattle-10th & Weller","1","100.0000","88101","PM2.5 - Local Conditions","42660","Seattle-Tacoma-Bellevue, WA","53","Washington","033","King","47.597222","-122.319722"
"02/12/2020","AirNow","530330030","5","7.5","ug/m3 LC","31","Seattle-10th & Weller","1","100.0000","88101","PM2.5 - Local Conditions","42660","Seattle-Tacoma-Bellevue, WA","53","Washington","033","King","47.597222","-122.319722"
"02/13/2020","AirNow","530330030","5","6.3","ug/m3 LC","26","Seattle-10th & Weller","1","100.0000","88101","PM2.5 - Local Conditions","42660","Seattle-Tacoma-Bellevue, WA","53","Washington","033","King","47.597222","-122.319722"
"02/14/2020","AirNow","530330030","5","3.4","ug/m3 LC","14","Seattle-10th & Weller","1","100.0000","88101","PM2.5 - Local Conditions","42660","Seattle-Tacoma-Bellevue, WA","53","Washington","033","King","47.597222","-122.319722"
"02/15/2020","AirNow","530330030","5","2.2","ug/m3 LC","9","Seattle-10th & Weller","1","100.0000","88101","PM2.5 - Local Conditions","42660","Seattle-Tacoma-Bellevue, WA","53","Washington","033","King","47.597222","-122.319722"
"02/16/2020","AirNow","530330030","5","4","ug/m3 LC","17","Seattle-10th & Weller","1","100.0000","88101","PM2.5 - Local Conditions","42660","Seattle-Tacoma-Bellevue, WA","53","Washington","033","King","47.597222","-122.319722"
"02/17/2020","AirNow","530330030","5","5.1","ug/m3 LC","21","Seattle-10th & Weller","1","100.0000","88101","PM2.5 - Local Conditions","42660","Seattle-Tacoma-Bellevue, WA","53","Washington","033","King","47.597222","-122.319722"
"02/18/2020","AirNow","530330030","5","4.5","ug/m3 LC","19","Seattle-10th & Weller","1","100.0000","88101","PM2.5 - Local Conditions","42660","Seattle-Tacoma-Bellevue, WA","53","Washington","033","King","47.597222","-122.319722"
"02/19/2020","AirNow","530330030","5","7.3","ug/m3 LC","30","Seattle-10th & Weller","1","100.0000","88101","PM2.5 - Local Conditions","42660","Seattle-Tacoma-Bellevue, WA","53","Washington","033","King","47.597222","-122.319722"
"02/20/2020","AirNow","530330030","5","11.2","ug/m3 LC","47","Seattle-10th & Weller","1","100.0000","88101","PM2.5 - Local Conditions","42660","Seattle-Tacoma-Bellevue, WA","53","Washington","033","King","47.597222","-122.319722"
"02/21/2020","AirNow","530330030","5","9.4","ug/m3 LC","39","Seattle-10th & Weller","1","100.0000","88101","PM2.5 - Local Conditions","42660","Seattle-Tacoma-Bellevue, WA","53","Washington","033","King","47.597222","-122.319722"
"02/22/2020","AirNow","530330030","5","5.6","ug/m3 LC","23","Seattle-10th & Weller","1","100.0000","88101","PM2.5 - Local Conditions","42660","Seattle-Tacoma-Bellevue, WA","53","Washington","033","King","47.597222","-122.319722"
"02/23/2020","AirNow","530330030","5","5.2","ug/m3 LC","22","Seattle-10th & Weller","1","100.0000","88101","PM2.5 - Local Conditions","42660","Seattle-Tacoma-Bellevue, WA","53","Washington","033","King","47.597222","-122.319722"
"02/24/2020","AirNow","530330030","5","6.2","ug/m3 LC","26","Seattle-10th & Weller","1","100.0000","88101","PM2.5 - Local Conditions","42660","Seattle-Tacoma-Bellevue, WA","53","Washington","033","King","47.597222","-122.319722"
"02/25/2020","AirNow","530330030","5","9.1","ug/m3 LC","38","Seattle-10th & Weller","1","100.0000","88101","PM2.5 - Local Conditions","42660","Seattle-Tacoma-Bellevue, WA","53","Washington","033","King","47.597222","-122.319722"
"02/26/2020","AirNow","530330030","5","7.4","ug/m3 LC","31","Seattle-10th & Weller","1","100.0000","88101","PM2.5 - Local Conditions","42660","Seattle-Tacoma-Bellevue, WA","53","Washington","033","King","47.597222","-122.319722"
"02/27/2020","AirNow","530330030","5","7.7","ug/m3 LC","32","Seattle-10th & Weller","1","100.0000","88101","PM2.5 - Local Conditions","42660","Seattle-Tacoma-Bellevue, WA","53","Washington","033","King","47.597222","-122.319722"
"02/28/2020","AirNow","530330030","5","7.6","ug/m3 LC","32","Seattle-10th & Weller","1","100.0000","88101","PM2.5 - Local Conditions","42660","Seattle-Tacoma-Bellevue, WA","53","Washington","033","King","47.597222","-122.319722"
"02/29/2020","AirNow","530330030","5","4.5","ug/m3 LC","19","Seattle-10th & Weller","1","100.0000","88101","PM2.5 - Local Conditions","42660","Seattle-Tacoma-Bellevue, WA","53","Washington","033","King","47.597222","-122.319722"
"03/01/2020","AirNow","530330030","5","6.9","ug/m3 LC","29","Seattle-10th & Weller","1","100.0000","88101","PM2.5 - Local Conditions","42660","Seattle-Tacoma-Bellevue, WA","53","Washington","033","King","47.597222","-122.319722"
"03/02/2020","AirNow","530330030","5","4.3","ug/m3 LC","18","Seattle-10th & Weller","1","100.0000","88101","PM2.5 - Local Conditions","42660","Seattle-Tacoma-Bellevue, WA","53","Washington","033","King","47.597222","-122.319722"
"03/03/2020","AirNow","530330030","5","1.2","ug/m3 LC","5","Seattle-10th & Weller","1","100.0000","88101","PM2.5 - Local Conditions","42660","Seattle-Tacoma-Bellevue, WA","53","Washington","033","King","47.597222","-122.319722"
"03/04/2020","AirNow","530330030","5","6.4","ug/m3 LC","27","Seattle-10th & Weller","1","100.0000","88101","PM2.5 - Local Conditions","42660","Seattle-Tacoma-Bellevue, WA","53","Washington","033","King","47.597222","-122.319722"
"03/05/2020","AirNow","530330030","5","6.4","ug/m3 LC","27","Seattle-10th & Weller","1","100.0000","88101","PM2.5 - Local Conditions","42660","Seattle-Tacoma-Bellevue, WA","53","Washington","033","King","47.597222","-122.319722"
"03/06/2020","AirNow","530330030","5","5.1","ug/m3 LC","21","Seattle-10th & Weller","1","100.0000","88101","PM2.5 - Local Conditions","42660","Seattle-Tacoma-Bellevue, WA","53","Washington","033","King","47.597222","-122.319722"
"03/07/2020","AirNow","530330030","5","5.7","ug/m3 LC","24","Seattle-10th & Weller","1","100.0000","88101","PM2.5 - Local Conditions","42660","Seattle-Tacoma-Bellevue, WA","53","Washington","033","King","47.597222","-122.319722"
"03/08/2020","AirNow","530330030","5","4.8","ug/m3 LC","20","Seattle-10th & Weller","1","100.0000","88101","PM2.5 - Local Conditions","42660","Seattle-Tacoma-Bellevue, WA","53","Washington","033","King","47.597222","-122.319722"
"03/09/2020","AirNow","530330030","5","7.6","ug/m3 LC","32","Seattle-10th & Weller","1","100.0000","88101","PM2.5 - Local Conditions","42660","Seattle-Tacoma-Bellevue, WA","53","Washington","033","King","47.597222","-122.319722"
"03/10/2020","AirNow","530330030","5","4.2","ug/m3 LC","18","Seattle-10th & Weller","1","100.0000","88101","PM2.5 - Local Conditions","42660","Seattle-Tacoma-Bellevue, WA","53","Washington","033","King","47.597222","-122.319722"
"03/11/2020","AirNow","530330030","5","4.4","ug/m3 LC","18","Seattle-10th & Weller","1","100.0000","88101","PM2.5 - Local Conditions","42660","Seattle-Tacoma-Bellevue, WA","53","Washington","033","King","47.597222","-122.319722"
"03/12/2020","AirNow","530330030","5","7.1","ug/m3 LC","30","Seattle-10th & Weller","1","100.0000","88101","PM2.5 - Local Conditions","42660","Seattle-Tacoma-Bellevue, WA","53","Washington","033","King","47.597222","-122.319722"
"03/13/2020","AirNow","530330030","5","4.7","ug/m3 LC","20","Seattle-10th & Weller","1","100.0000","88101","PM2.5 - Local Conditions","42660","Seattle-Tacoma-Bellevue, WA","53","Washington","033","King","47.597222","-122.319722"
"03/14/2020","AirNow","530330030","5","4.6","ug/m3 LC","19","Seattle-10th & Weller","1","100.0000","88101","PM2.5 - Local Conditions","42660","Seattle-Tacoma-Bellevue, WA","53","Washington","033","King","47.597222","-122.319722"
"03/15/2020","AirNow","530330030","5","2.5","ug/m3 LC","10","Seattle-10th & Weller","1","100.0000","88101","PM2.5 - Local Conditions","42660","Seattle-Tacoma-Bellevue, WA","53","Washington","033","King","47.597222","-122.319722"
"03/16/2020","AirNow","530330030","5","5.9","ug/m3 LC","25","Seattle-10th & Weller","1","100.0000","88101","PM2.5 - Local Conditions","42660","Seattle-Tacoma-Bellevue, WA","53","Washington","033","King","47.597222","-122.319722"
"03/17/2020","AirNow","530330030","5","11.8","ug/m3 LC","49","Seattle-10th & Weller","1","100.0000","88101","PM2.5 - Local Conditions","42660","Seattle-Tacoma-Bellevue, WA","53","Washington","033","King","47.597222","-122.319722"
"03/18/2020","AirNow","530330030","5","14.4","ug/m3 LC","56","Seattle-10th & Weller","1","100.0000","88101","PM2.5 - Local Conditions","42660","Seattle-Tacoma-Bellevue, WA","53","Washington","033","King","47.597222","-122.319722"
"03/19/2020","AirNow","530330030","5","17.4","ug/m3 LC","62","Seattle-10th & Weller","1","100.0000","88101","PM2.5 - Local Conditions","42660","Seattle-Tacoma-Bellevue, WA","53","Washington","033","King","47.597222","-122.319722"
"03/20/2020","AirNow","530330030","5","13.2","ug/m3 LC","53","Seattle-10th & Weller","1","100.0000","88101","PM2.5 - Local Conditions","42660","Seattle-Tacoma-Bellevue, WA","53","Washington","033","King","47.597222","-122.319722"
"03/21/2020","AirNow","530330030","5","12.5","ug/m3 LC","52","Seattle-10th & Weller","1","100.0000","88101","PM2.5 - Local Conditions","42660","Seattle-Tacoma-Bellevue, WA","53","Washington","033","King","47.597222","-122.319722"
"03/22/2020","AirNow","530330030","5","12.5","ug/m3 LC","52","Seattle-10th & Weller","1","100.0000","88101","PM2.5 - Local Conditions","42660","Seattle-Tacoma-Bellevue, WA","53","Washington","033","King","47.597222","-122.319722"
"03/23/2020","AirNow","530330030","5","2.7","ug/m3 LC","11","Seattle-10th & Weller","1","100.0000","88101","PM2.5 - Local Conditions","42660","Seattle-Tacoma-Bellevue, WA","53","Washington","033","King","47.597222","-122.319722"
"03/24/2020","AirNow","530330030","5","2.1","ug/m3 LC","9","Seattle-10th & Weller","1","100.0000","88101","PM2.5 - Local Conditions","42660","Seattle-Tacoma-Bellevue, WA","53","Washington","033","King","47.597222","-122.319722"
"03/25/2020","AirNow","530330030","5","4.6","ug/m3 LC","19","Seattle-10th & Weller","1","100.0000","88101","PM2.5 - Local Conditions","42660","Seattle-Tacoma-Bellevue, WA","53","Washington","033","King","47.597222","-122.319722"
"03/26/2020","AirNow","530330030","5","7","ug/m3 LC","29","Seattle-10th & Weller","1","100.0000","88101","PM2.5 - Local Conditions","42660","Seattle-Tacoma-Bellevue, WA","53","Washington","033","King","47.597222","-122.319722"
"03/27/2020","AirNow","530330030","5","4.4","ug/m3 LC","18","Seattle-10th & Weller","1","100.0000","88101","PM2.5 - Local Conditions","42660","Seattle-Tacoma-Bellevue, WA","53","Washington","033","King","47.597222","-122.319722"
"03/28/2020","AirNow","530330030","5","1.3","ug/m3 LC","5","Seattle-10th & Weller","1","100.0000","88101","PM2.5 - Local Conditions","42660","Seattle-Tacoma-Bellevue, WA","53","Washington","033","King","47.597222","-122.319722"
"03/29/2020","AirNow","530330030","5","0.9","ug/m3 LC","4","Seattle-10th & Weller","1","100.0000","88101","PM2.5 - Local Conditions","42660","Seattle-Tacoma-Bellevue, WA","53","Washington","033","King","47.597222","-122.319722"
"03/30/2020","AirNow","530330030","5","2.7","ug/m3 LC","11","Seattle-10th & Weller","1","100.0000","88101","PM2.5 - Local Conditions","42660","Seattle-Tacoma-Bellevue, WA","53","Washington","033","King","47.597222","-122.319722"
"03/31/2020","AirNow","530330030","5","2.8","ug/m3 LC","12","Seattle-10th & Weller","1","100.0000","88101","PM2.5 - Local Conditions","42660","Seattle-Tacoma-Bellevue, WA","53","Washington","033","King","47.597222","-122.319722"
"04/01/2020","AirNow","530330030","5","3.5","ug/m3 LC","15","Seattle-10th & Weller","1","100.0000","88101","PM2.5 - Local Conditions","42660","Seattle-Tacoma-Bellevue, WA","53","Washington","033","King","47.597222","-122.319722"
"04/02/2020","AirNow","530330030","5","4.4","ug/m3 LC","18","Seattle-10th & Weller","1","100.0000","88101","PM2.5 - Local Conditions","42660","Seattle-Tacoma-Bellevue, WA","53","Washington","033","King","47.597222","-122.319722"
"04/03/2020","AirNow","530330030","5","2.3","ug/m3 LC","10","Seattle-10th & Weller","1","100.0000","88101","PM2.5 - Local Conditions","42660","Seattle-Tacoma-Bellevue, WA","53","Washington","033","King","47.597222","-122.319722"
"04/04/2020","AirNow","530330030","5","3","ug/m3 LC","13","Seattle-10th & Weller","1","100.0000","88101","PM2.5 - Local Conditions","42660","Seattle-Tacoma-Bellevue, WA","53","Washington","033","King","47.597222","-122.319722"
"04/05/2020","AirNow","530330030","5","3.3","ug/m3 LC","14","Seattle-10th & Weller","1","100.0000","88101","PM2.5 - Local Conditions","42660","Seattle-Tacoma-Bellevue, WA","53","Washington","033","King","47.597222","-122.319722"
"04/06/2020","AirNow","530330030","5","4.4","ug/m3 LC","18","Seattle-10th & Weller","1","100.0000","88101","PM2.5 - Local Conditions","42660","Seattle-Tacoma-Bellevue, WA","53","Washington","033","King","47.597222","-122.319722"
"04/07/2020","AirNow","530330030","5","6.9","ug/m3 LC","29","Seattle-10th & Weller","1","100.0000","88101","PM2.5 - Local Conditions","42660","Seattle-Tacoma-Bellevue, WA","53","Washington","033","King","47.597222","-122.319722"
"04/08/2020","AirNow","530330030","5","8.9","ug/m3 LC","37","Seattle-10th & Weller","1","100.0000","88101","PM2.5 - Local Conditions","42660","Seattle-Tacoma-Bellevue, WA","53","Washington","033","King","47.597222","-122.319722"
"04/09/2020","AirNow","530330030","5","9.4","ug/m3 LC","39","Seattle-10th & Weller","1","100.0000","88101","PM2.5 - Local Conditions","42660","Seattle-Tacoma-Bellevue, WA","53","Washington","033","King","47.597222","-122.319722"
"04/10/2020","AirNow","530330030","5","9","ug/m3 LC","38","Seattle-10th & Weller","1","100.0000","88101","PM2.5 - Local Conditions","42660","Seattle-Tacoma-Bellevue, WA","53","Washington","033","King","47.597222","-122.319722"
"04/11/2020","AirNow","530330030","5","4.5","ug/m3 LC","19","Seattle-10th & Weller","1","100.0000","88101","PM2.5 - Local Conditions","42660","Seattle-Tacoma-Bellevue, WA","53","Washington","033","King","47.597222","-122.319722"
"04/12/2020","AirNow","530330030","5","5.6","ug/m3 LC","23","Seattle-10th & Weller","1","100.0000","88101","PM2.5 - Local Conditions","42660","Seattle-Tacoma-Bellevue, WA","53","Washington","033","King","47.597222","-122.319722"
"04/13/2020","AirNow","530330030","5","6.3","ug/m3 LC","26","Seattle-10th & Weller","1","100.0000","88101","PM2.5 - Local Conditions","42660","Seattle-Tacoma-Bellevue, WA","53","Washington","033","King","47.597222","-122.319722"
"04/14/2020","AirNow","530330030","5","6.4","ug/m3 LC","27","Seattle-10th & Weller","1","100.0000","88101","PM2.5 - Local Conditions","42660","Seattle-Tacoma-Bellevue, WA","53","Washington","033","King","47.597222","-122.319722"
"04/15/2020","AirNow","530330030","5","3.2","ug/m3 LC","13","Seattle-10th & Weller","1","100.0000","88101","PM2.5 - Local Conditions","42660","Seattle-Tacoma-Bellevue, WA","53","Washington","033","King","47.597222","-122.319722"
"04/16/2020","AirNow","530330030","5","5.8","ug/m3 LC","24","Seattle-10th & Weller","1","100.0000","88101","PM2.5 - Local Conditions","42660","Seattle-Tacoma-Bellevue, WA","53","Washington","033","King","47.597222","-122.319722"
"04/17/2020","AirNow","530330030","5","6.3","ug/m3 LC","26","Seattle-10th & Weller","1","100.0000","88101","PM2.5 - Local Conditions","42660","Seattle-Tacoma-Bellevue, WA","53","Washington","033","King","47.597222","-122.319722"
"04/18/2020","AirNow","530330030","5","4.5","ug/m3 LC","19","Seattle-10th & Weller","1","100.0000","88101","PM2.5 - Local Conditions","42660","Seattle-Tacoma-Bellevue, WA","53","Washington","033","King","47.597222","-122.319722"
"04/19/2020","AirNow","530330030","5","2.5","ug/m3 LC","10","Seattle-10th & Weller","1","100.0000","88101","PM2.5 - Local Conditions","42660","Seattle-Tacoma-Bellevue, WA","53","Washington","033","King","47.597222","-122.319722"
"04/20/2020","AirNow","530330030","5","6.3","ug/m3 LC","26","Seattle-10th & Weller","1","100.0000","88101","PM2.5 - Local Conditions","42660","Seattle-Tacoma-Bellevue, WA","53","Washington","033","King","47.597222","-122.319722"
"04/21/2020","AirNow","530330030","5","2.5","ug/m3 LC","10","Seattle-10th & Weller","1","100.0000","88101","PM2.5 - Local Conditions","42660","Seattle-Tacoma-Bellevue, WA","53","Washington","033","King","47.597222","-122.319722"
"04/22/2020","AirNow","530330030","5","2.4","ug/m3 LC","10","Seattle-10th & Weller","1","100.0000","88101","PM2.5 - Local Conditions","42660","Seattle-Tacoma-Bellevue, WA","53","Washington","033","King","47.597222","-122.319722"
"04/23/2020","AirNow","530330030","5","4.1","ug/m3 LC","17","Seattle-10th & Weller","1","100.0000","88101","PM2.5 - Local Conditions","42660","Seattle-Tacoma-Bellevue, WA","53","Washington","033","King","47.597222","-122.319722"
"04/24/2020","AirNow","530330030","5","5","ug/m3 LC","21","Seattle-10th & Weller","1","100.0000","88101","PM2.5 - Local Conditions","42660","Seattle-Tacoma-Bellevue, WA","53","Washington","033","King","47.597222","-122.319722"
"04/25/2020","AirNow","530330030","5","6.1","ug/m3 LC","25","Seattle-10th & Weller","1","100.0000","88101","PM2.5 - Local Conditions","42660","Seattle-Tacoma-Bellevue, WA","53","Washington","033","King","47.597222","-122.319722"
"04/26/2020","AirNow","530330030","5","5.2","ug/m3 LC","22","Seattle-10th & Weller","1","100.0000","88101","PM2.5 - Local Conditions","42660","Seattle-Tacoma-Bellevue, WA","53","Washington","033","King","47.597222","-122.319722"
"05/01/2020","AirNow","530330030","5","5.3","ug/m3 LC","22","Seattle-10th & Weller","1","100.0000","88101","PM2.5 - Local Conditions","42660","Seattle-Tacoma-Bellevue, WA","53","Washington","033","King","47.597222","-122.319722"
"05/02/2020","AirNow","530330030","5","5.2","ug/m3 LC","22","Seattle-10th & Weller","1","100.0000","88101","PM2.5 - Local Conditions","42660","Seattle-Tacoma-Bellevue, WA","53","Washington","033","King","47.597222","-122.319722"
"01/01/2020","AQS","530330031","4","1.8","ug/m3 LC","8","Bellevue-SE 12th St","1","100.0000","88502","Acceptable PM2.5 AQI & Speciation Mass","42660","Seattle-Tacoma-Bellevue, WA","53","Washington","033","King","47.6008630009392","-122.148397"
"01/02/2020","AQS","530330031","4","1.6","ug/m3 LC","7","Bellevue-SE 12th St","1","100.0000","88502","Acceptable PM2.5 AQI & Speciation Mass","42660","Seattle-Tacoma-Bellevue, WA","53","Washington","033","King","47.6008630009392","-122.148397"
"01/03/2020","AQS","530330031","4","1.5","ug/m3 LC","6","Bellevue-SE 12th St","1","100.0000","88502","Acceptable PM2.5 AQI & Speciation Mass","42660","Seattle-Tacoma-Bellevue, WA","53","Washington","033","King","47.6008630009392","-122.148397"
"01/04/2020","AQS","530330031","4","1.9","ug/m3 LC","8","Bellevue-SE 12th St","1","100.0000","88502","Acceptable PM2.5 AQI & Speciation Mass","42660","Seattle-Tacoma-Bellevue, WA","53","Washington","033","King","47.6008630009392","-122.148397"
"01/05/2020","AQS","530330031","4","1.5","ug/m3 LC","6","Bellevue-SE 12th St","1","100.0000","88502","Acceptable PM2.5 AQI & Speciation Mass","42660","Seattle-Tacoma-Bellevue, WA","53","Washington","033","King","47.6008630009392","-122.148397"
"01/06/2020","AQS","530330031","4","0.5","ug/m3 LC","2","Bellevue-SE 12th St","1","100.0000","88502","Acceptable PM2.5 AQI & Speciation Mass","42660","Seattle-Tacoma-Bellevue, WA","53","Washington","033","King","47.6008630009392","-122.148397"
"01/07/2020","AQS","530330031","4","0.5","ug/m3 LC","2","Bellevue-SE 12th St","1","100.0000","88502","Acceptable PM2.5 AQI & Speciation Mass","42660","Seattle-Tacoma-Bellevue, WA","53","Washington","033","King","47.6008630009392","-122.148397"
"01/08/2020","AQS","530330031","4","1.9","ug/m3 LC","8","Bellevue-SE 12th St","1","100.0000","88502","Acceptable PM2.5 AQI & Speciation Mass","42660","Seattle-Tacoma-Bellevue, WA","53","Washington","033","King","47.6008630009392","-122.148397"
"01/09/2020","AQS","530330031","4","4.6","ug/m3 LC","19","Bellevue-SE 12th St","1","100.0000","88502","Acceptable PM2.5 AQI & Speciation Mass","42660","Seattle-Tacoma-Bellevue, WA","53","Washington","033","King","47.6008630009392","-122.148397"
"01/10/2020","AQS","530330031","4","1.1","ug/m3 LC","5","Bellevue-SE 12th St","1","100.0000","88502","Acceptable PM2.5 AQI & Speciation Mass","42660","Seattle-Tacoma-Bellevue, WA","53","Washington","033","King","47.6008630009392","-122.148397"
"01/11/2020","AQS","530330031","4","2.7","ug/m3 LC","11","Bellevue-SE 12th St","1","100.0000","88502","Acceptable PM2.5 AQI & Speciation Mass","42660","Seattle-Tacoma-Bellevue, WA","53","Washington","033","King","47.6008630009392","-122.148397"
"01/12/2020","AQS","530330031","4","1.6","ug/m3 LC","7","Bellevue-SE 12th St","1","100.0000","88502","Acceptable PM2.5 AQI & Speciation Mass","42660","Seattle-Tacoma-Bellevue, WA","53","Washington","033","King","47.6008630009392","-122.148397"
"01/13/2020","AQS","530330031","4","3.8","ug/m3 LC","16","Bellevue-SE 12th St","1","100.0000","88502","Acceptable PM2.5 AQI & Speciation Mass","42660","Seattle-Tacoma-Bellevue, WA","53","Washington","033","King","47.6008630009392","-122.148397"
"01/14/2020","AQS","530330031","4","3.2","ug/m3 LC","13","Bellevue-SE 12th St","1","100.0000","88502","Acceptable PM2.5 AQI & Speciation Mass","42660","Seattle-Tacoma-Bellevue, WA","53","Washington","033","King","47.6008630009392","-122.148397"
"01/15/2020","AQS","530330031","4","1","ug/m3 LC","4","Bellevue-SE 12th St","1","100.0000","88502","Acceptable PM2.5 AQI & Speciation Mass","42660","Seattle-Tacoma-Bellevue, WA","53","Washington","033","King","47.6008630009392","-122.148397"
"01/16/2020","AQS","530330031","4","2.4","ug/m3 LC","10","Bellevue-SE 12th St","1","100.0000","88502","Acceptable PM2.5 AQI & Speciation Mass","42660","Seattle-Tacoma-Bellevue, WA","53","Washington","033","King","47.6008630009392","-122.148397"
"01/17/2020","AQS","530330031","4","2.6","ug/m3 LC","11","Bellevue-SE 12th St","1","100.0000","88502","Acceptable PM2.5 AQI & Speciation Mass","42660","Seattle-Tacoma-Bellevue, WA","53","Washington","033","King","47.6008630009392","-122.148397"
"01/18/2020","AQS","530330031","4","1.8","ug/m3 LC","8","Bellevue-SE 12th St","1","100.0000","88502","Acceptable PM2.5 AQI & Speciation Mass","42660","Seattle-Tacoma-Bellevue, WA","53","Washington","033","King","47.6008630009392","-122.148397"
"01/19/2020","AQS","530330031","4","4.6","ug/m3 LC","19","Bellevue-SE 12th St","1","100.0000","88502","Acceptable PM2.5 AQI & Speciation Mass","42660","Seattle-Tacoma-Bellevue, WA","53","Washington","033","King","47.6008630009392","-122.148397"
"01/20/2020","AQS","530330031","4","4","ug/m3 LC","17","Bellevue-SE 12th St","1","100.0000","88502","Acceptable PM2.5 AQI & Speciation Mass","42660","Seattle-Tacoma-Bellevue, WA","53","Washington","033","King","47.6008630009392","-122.148397"
"01/21/2020","AQS","530330031","4","1.4","ug/m3 LC","6","Bellevue-SE 12th St","1","100.0000","88502","Acceptable PM2.5 AQI & Speciation Mass","42660","Seattle-Tacoma-Bellevue, WA","53","Washington","033","King","47.6008630009392","-122.148397"
"01/22/2020","AQS","530330031","4","1.8","ug/m3 LC","8","Bellevue-SE 12th St","1","100.0000","88502","Acceptable PM2.5 AQI & Speciation Mass","42660","Seattle-Tacoma-Bellevue, WA","53","Washington","033","King","47.6008630009392","-122.148397"
"01/23/2020","AQS","530330031","4","1","ug/m3 LC","4","Bellevue-SE 12th St","1","100.0000","88502","Acceptable PM2.5 AQI & Speciation Mass","42660","Seattle-Tacoma-Bellevue, WA","53","Washington","033","King","47.6008630009392","-122.148397"
"01/24/2020","AQS","530330031","4","1.4","ug/m3 LC","6","Bellevue-SE 12th St","1","100.0000","88502","Acceptable PM2.5 AQI & Speciation Mass","42660","Seattle-Tacoma-Bellevue, WA","53","Washington","033","King","47.6008630009392","-122.148397"
"01/25/2020","AQS","530330031","4","2.4","ug/m3 LC","10","Bellevue-SE 12th St","1","100.0000","88502","Acceptable PM2.5 AQI & Speciation Mass","42660","Seattle-Tacoma-Bellevue, WA","53","Washington","033","King","47.6008630009392","-122.148397"
"01/26/2020","AQS","530330031","4","1.9","ug/m3 LC","8","Bellevue-SE 12th St","1","100.0000","88502","Acceptable PM2.5 AQI & Speciation Mass","42660","Seattle-Tacoma-Bellevue, WA","53","Washington","033","King","47.6008630009392","-122.148397"
"01/27/2020","AQS","530330031","4","1.1","ug/m3 LC","5","Bellevue-SE 12th St","1","100.0000","88502","Acceptable PM2.5 AQI & Speciation Mass","42660","Seattle-Tacoma-Bellevue, WA","53","Washington","033","King","47.6008630009392","-122.148397"
"01/28/2020","AQS","530330031","4","1.6","ug/m3 LC","7","Bellevue-SE 12th St","1","100.0000","88502","Acceptable PM2.5 AQI & Speciation Mass","42660","Seattle-Tacoma-Bellevue, WA","53","Washington","033","King","47.6008630009392","-122.148397"
"01/29/2020","AQS","530330031","4","1.9","ug/m3 LC","8","Bellevue-SE 12th St","1","100.0000","88502","Acceptable PM2.5 AQI & Speciation Mass","42660","Seattle-Tacoma-Bellevue, WA","53","Washington","033","King","47.6008630009392","-122.148397"
"01/30/2020","AQS","530330031","4","2.8","ug/m3 LC","12","Bellevue-SE 12th St","1","100.0000","88502","Acceptable PM2.5 AQI & Speciation Mass","42660","Seattle-Tacoma-Bellevue, WA","53","Washington","033","King","47.6008630009392","-122.148397"
"01/31/2020","AQS","530330031","4","0.8","ug/m3 LC","3","Bellevue-SE 12th St","1","100.0000","88502","Acceptable PM2.5 AQI & Speciation Mass","42660","Seattle-Tacoma-Bellevue, WA","53","Washington","033","King","47.6008630009392","-122.148397"
"02/01/2020","AirNow","530330031","4","1.2","ug/m3 LC","5","Bellevue-SE 12th St","1","100.0000","88502","Acceptable PM2.5 AQI & Speciation Mass","42660","Seattle-Tacoma-Bellevue, WA","53","Washington","033","King","47.6008630009392","-122.148397"
"02/02/2020","AirNow","530330031","4","4.3","ug/m3 LC","18","Bellevue-SE 12th St","1","100.0000","88502","Acceptable PM2.5 AQI & Speciation Mass","42660","Seattle-Tacoma-Bellevue, WA","53","Washington","033","King","47.6008630009392","-122.148397"
"02/03/2020","AirNow","530330031","4","4.5","ug/m3 LC","19","Bellevue-SE 12th St","1","100.0000","88502","Acceptable PM2.5 AQI & Speciation Mass","42660","Seattle-Tacoma-Bellevue, WA","53","Washington","033","King","47.6008630009392","-122.148397"
"02/04/2020","AirNow","530330031","4","2.4","ug/m3 LC","10","Bellevue-SE 12th St","1","100.0000","88502","Acceptable PM2.5 AQI & Speciation Mass","42660","Seattle-Tacoma-Bellevue, WA","53","Washington","033","King","47.6008630009392","-122.148397"
"02/05/2020","AirNow","530330031","4","0.9","ug/m3 LC","4","Bellevue-SE 12th St","1","100.0000","88502","Acceptable PM2.5 AQI & Speciation Mass","42660","Seattle-Tacoma-Bellevue, WA","53","Washington","033","King","47.6008630009392","-122.148397"
"02/06/2020","AirNow","530330031","4","2.9","ug/m3 LC","12","Bellevue-SE 12th St","1","100.0000","88502","Acceptable PM2.5 AQI & Speciation Mass","42660","Seattle-Tacoma-Bellevue, WA","53","Washington","033","King","47.6008630009392","-122.148397"
"02/07/2020","AirNow","530330031","4","2.5","ug/m3 LC","10","Bellevue-SE 12th St","1","100.0000","88502","Acceptable PM2.5 AQI & Speciation Mass","42660","Seattle-Tacoma-Bellevue, WA","53","Washington","033","King","47.6008630009392","-122.148397"
"02/08/2020","AirNow","530330031","4","2.3","ug/m3 LC","10","Bellevue-SE 12th St","1","100.0000","88502","Acceptable PM2.5 AQI & Speciation Mass","42660","Seattle-Tacoma-Bellevue, WA","53","Washington","033","King","47.6008630009392","-122.148397"
"02/09/2020","AirNow","530330031","4","4.2","ug/m3 LC","18","Bellevue-SE 12th St","1","100.0000","88502","Acceptable PM2.5 AQI & Speciation Mass","42660","Seattle-Tacoma-Bellevue, WA","53","Washington","033","King","47.6008630009392","-122.148397"
"02/10/2020","AirNow","530330031","4","4.5","ug/m3 LC","19","Bellevue-SE 12th St","1","100.0000","88502","Acceptable PM2.5 AQI & Speciation Mass","42660","Seattle-Tacoma-Bellevue, WA","53","Washington","033","King","47.6008630009392","-122.148397"
"02/11/2020","AirNow","530330031","4","4.8","ug/m3 LC","20","Bellevue-SE 12th St","1","100.0000","88502","Acceptable PM2.5 AQI & Speciation Mass","42660","Seattle-Tacoma-Bellevue, WA","53","Washington","033","King","47.6008630009392","-122.148397"
"02/12/2020","AirNow","530330031","4","4.4","ug/m3 LC","18","Bellevue-SE 12th St","1","100.0000","88502","Acceptable PM2.5 AQI & Speciation Mass","42660","Seattle-Tacoma-Bellevue, WA","53","Washington","033","King","47.6008630009392","-122.148397"
"02/13/2020","AirNow","530330031","4","2.9","ug/m3 LC","12","Bellevue-SE 12th St","1","100.0000","88502","Acceptable PM2.5 AQI & Speciation Mass","42660","Seattle-Tacoma-Bellevue, WA","53","Washington","033","King","47.6008630009392","-122.148397"
"02/14/2020","AirNow","530330031","4","2","ug/m3 LC","8","Bellevue-SE 12th St","1","100.0000","88502","Acceptable PM2.5 AQI & Speciation Mass","42660","Seattle-Tacoma-Bellevue, WA","53","Washington","033","King","47.6008630009392","-122.148397"
"02/15/2020","AirNow","530330031","4","1.2","ug/m3 LC","5","Bellevue-SE 12th St","1","100.0000","88502","Acceptable PM2.5 AQI & Speciation Mass","42660","Seattle-Tacoma-Bellevue, WA","53","Washington","033","King","47.6008630009392","-122.148397"
"02/16/2020","AirNow","530330031","4","2.7","ug/m3 LC","11","Bellevue-SE 12th St","1","100.0000","88502","Acceptable PM2.5 AQI & Speciation Mass","42660","Seattle-Tacoma-Bellevue, WA","53","Washington","033","King","47.6008630009392","-122.148397"
"02/17/2020","AirNow","530330031","4","2.7","ug/m3 LC","11","Bellevue-SE 12th St","1","100.0000","88502","Acceptable PM2.5 AQI & Speciation Mass","42660","Seattle-Tacoma-Bellevue, WA","53","Washington","033","King","47.6008630009392","-122.148397"
"02/18/2020","AirNow","530330031","4","3","ug/m3 LC","13","Bellevue-SE 12th St","1","100.0000","88502","Acceptable PM2.5 AQI & Speciation Mass","42660","Seattle-Tacoma-Bellevue, WA","53","Washington","033","King","47.6008630009392","-122.148397"
"02/19/2020","AirNow","530330031","4","3.8","ug/m3 LC","16","Bellevue-SE 12th St","1","100.0000","88502","Acceptable PM2.5 AQI & Speciation Mass","42660","Seattle-Tacoma-Bellevue, WA","53","Washington","033","King","47.6008630009392","-122.148397"
"02/20/2020","AirNow","530330031","4","3.9","ug/m3 LC","16","Bellevue-SE 12th St","1","100.0000","88502","Acceptable PM2.5 AQI & Speciation Mass","42660","Seattle-Tacoma-Bellevue, WA","53","Washington","033","King","47.6008630009392","-122.148397"
"02/21/2020","AirNow","530330031","4","5.1","ug/m3 LC","21","Bellevue-SE 12th St","1","100.0000","88502","Acceptable PM2.5 AQI & Speciation Mass","42660","Seattle-Tacoma-Bellevue, WA","53","Washington","033","King","47.6008630009392","-122.148397"
"02/22/2020","AirNow","530330031","4","4.2","ug/m3 LC","18","Bellevue-SE 12th St","1","100.0000","88502","Acceptable PM2.5 AQI & Speciation Mass","42660","Seattle-Tacoma-Bellevue, WA","53","Washington","033","King","47.6008630009392","-122.148397"
"02/23/2020","AirNow","530330031","4","2.7","ug/m3 LC","11","Bellevue-SE 12th St","1","100.0000","88502","Acceptable PM2.5 AQI & Speciation Mass","42660","Seattle-Tacoma-Bellevue, WA","53","Washington","033","King","47.6008630009392","-122.148397"
"02/24/2020","AirNow","530330031","4","4.4","ug/m3 LC","18","Bellevue-SE 12th St","1","100.0000","88502","Acceptable PM2.5 AQI & Speciation Mass","42660","Seattle-Tacoma-Bellevue, WA","53","Washington","033","King","47.6008630009392","-122.148397"
"02/25/2020","AirNow","530330031","4","4.2","ug/m3 LC","18","Bellevue-SE 12th St","1","100.0000","88502","Acceptable PM2.5 AQI & Speciation Mass","42660","Seattle-Tacoma-Bellevue, WA","53","Washington","033","King","47.6008630009392","-122.148397"
"02/26/2020","AirNow","530330031","4","3.8","ug/m3 LC","16","Bellevue-SE 12th St","1","100.0000","88502","Acceptable PM2.5 AQI & Speciation Mass","42660","Seattle-Tacoma-Bellevue, WA","53","Washington","033","King","47.6008630009392","-122.148397"
"02/27/2020","AirNow","530330031","4","3.2","ug/m3 LC","13","Bellevue-SE 12th St","1","100.0000","88502","Acceptable PM2.5 AQI & Speciation Mass","42660","Seattle-Tacoma-Bellevue, WA","53","Washington","033","King","47.6008630009392","-122.148397"
"02/28/2020","AirNow","530330031","4","4.9","ug/m3 LC","20","Bellevue-SE 12th St","1","100.0000","88502","Acceptable PM2.5 AQI & Speciation Mass","42660","Seattle-Tacoma-Bellevue, WA","53","Washington","033","King","47.6008630009392","-122.148397"
"02/29/2020","AirNow","530330031","4","2.3","ug/m3 LC","10","Bellevue-SE 12th St","1","100.0000","88502","Acceptable PM2.5 AQI & Speciation Mass","42660","Seattle-Tacoma-Bellevue, WA","53","Washington","033","King","47.6008630009392","-122.148397"
"03/01/2020","AirNow","530330031","4","3.6","ug/m3 LC","15","Bellevue-SE 12th St","1","100.0000","88502","Acceptable PM2.5 AQI & Speciation Mass","42660","Seattle-Tacoma-Bellevue, WA","53","Washington","033","King","47.6008630009392","-122.148397"
"03/02/2020","AirNow","530330031","4","2","ug/m3 LC","8","Bellevue-SE 12th St","1","100.0000","88502","Acceptable PM2.5 AQI & Speciation Mass","42660","Seattle-Tacoma-Bellevue, WA","53","Washington","033","King","47.6008630009392","-122.148397"
"03/03/2020","AirNow","530330031","4","0.8","ug/m3 LC","3","Bellevue-SE 12th St","1","100.0000","88502","Acceptable PM2.5 AQI & Speciation Mass","42660","Seattle-Tacoma-Bellevue, WA","53","Washington","033","King","47.6008630009392","-122.148397"
"03/04/2020","AirNow","530330031","4","3.7","ug/m3 LC","15","Bellevue-SE 12th St","1","100.0000","88502","Acceptable PM2.5 AQI & Speciation Mass","42660","Seattle-Tacoma-Bellevue, WA","53","Washington","033","King","47.6008630009392","-122.148397"
"03/05/2020","AirNow","530330031","4","2.7","ug/m3 LC","11","Bellevue-SE 12th St","1","100.0000","88502","Acceptable PM2.5 AQI & Speciation Mass","42660","Seattle-Tacoma-Bellevue, WA","53","Washington","033","King","47.6008630009392","-122.148397"
"03/06/2020","AirNow","530330031","4","3.4","ug/m3 LC","14","Bellevue-SE 12th St","1","100.0000","88502","Acceptable PM2.5 AQI & Speciation Mass","42660","Seattle-Tacoma-Bellevue, WA","53","Washington","033","King","47.6008630009392","-122.148397"
"03/07/2020","AirNow","530330031","4","4.1","ug/m3 LC","17","Bellevue-SE 12th St","1","100.0000","88502","Acceptable PM2.5 AQI & Speciation Mass","42660","Seattle-Tacoma-Bellevue, WA","53","Washington","033","King","47.6008630009392","-122.148397"
"03/08/2020","AirNow","530330031","4","3.9","ug/m3 LC","16","Bellevue-SE 12th St","1","100.0000","88502","Acceptable PM2.5 AQI & Speciation Mass","42660","Seattle-Tacoma-Bellevue, WA","53","Washington","033","King","47.6008630009392","-122.148397"
"03/09/2020","AirNow","530330031","4","4.2","ug/m3 LC","18","Bellevue-SE 12th St","1","100.0000","88502","Acceptable PM2.5 AQI & Speciation Mass","42660","Seattle-Tacoma-Bellevue, WA","53","Washington","033","King","47.6008630009392","-122.148397"
"03/10/2020","AirNow","530330031","4","2.3","ug/m3 LC","10","Bellevue-SE 12th St","1","100.0000","88502","Acceptable PM2.5 AQI & Speciation Mass","42660","Seattle-Tacoma-Bellevue, WA","53","Washington","033","King","47.6008630009392","-122.148397"
"03/11/2020","AirNow","530330031","4","2.2","ug/m3 LC","9","Bellevue-SE 12th St","1","100.0000","88502","Acceptable PM2.5 AQI & Speciation Mass","42660","Seattle-Tacoma-Bellevue, WA","53","Washington","033","King","47.6008630009392","-122.148397"
"03/12/2020","AirNow","530330031","4","3.6","ug/m3 LC","15","Bellevue-SE 12th St","1","100.0000","88502","Acceptable PM2.5 AQI & Speciation Mass","42660","Seattle-Tacoma-Bellevue, WA","53","Washington","033","King","47.6008630009392","-122.148397"
"03/13/2020","AirNow","530330031","4","3.5","ug/m3 LC","15","Bellevue-SE 12th St","1","100.0000","88502","Acceptable PM2.5 AQI & Speciation Mass","42660","Seattle-Tacoma-Bellevue, WA","53","Washington","033","King","47.6008630009392","-122.148397"
"03/14/2020","AirNow","530330031","4","4.4","ug/m3 LC","18","Bellevue-SE 12th St","1","100.0000","88502","Acceptable PM2.5 AQI & Speciation Mass","42660","Seattle-Tacoma-Bellevue, WA","53","Washington","033","King","47.6008630009392","-122.148397"
"03/15/2020","AirNow","530330031","4","3.8","ug/m3 LC","16","Bellevue-SE 12th St","1","100.0000","88502","Acceptable PM2.5 AQI & Speciation Mass","42660","Seattle-Tacoma-Bellevue, WA","53","Washington","033","King","47.6008630009392","-122.148397"
"03/16/2020","AirNow","530330031","4","4","ug/m3 LC","17","Bellevue-SE 12th St","1","100.0000","88502","Acceptable PM2.5 AQI & Speciation Mass","42660","Seattle-Tacoma-Bellevue, WA","53","Washington","033","King","47.6008630009392","-122.148397"
"03/17/2020","AirNow","530330031","4","5.5","ug/m3 LC","23","Bellevue-SE 12th St","1","100.0000","88502","Acceptable PM2.5 AQI & Speciation Mass","42660","Seattle-Tacoma-Bellevue, WA","53","Washington","033","King","47.6008630009392","-122.148397"
"03/18/2020","AirNow","530330031","4","7.7","ug/m3 LC","32","Bellevue-SE 12th St","1","100.0000","88502","Acceptable PM2.5 AQI & Speciation Mass","42660","Seattle-Tacoma-Bellevue, WA","53","Washington","033","King","47.6008630009392","-122.148397"
"03/19/2020","AirNow","530330031","4","8.4","ug/m3 LC","35","Bellevue-SE 12th St","1","100.0000","88502","Acceptable PM2.5 AQI & Speciation Mass","42660","Seattle-Tacoma-Bellevue, WA","53","Washington","033","King","47.6008630009392","-122.148397"
"03/20/2020","AirNow","530330031","4","9","ug/m3 LC","38","Bellevue-SE 12th St","1","100.0000","88502","Acceptable PM2.5 AQI & Speciation Mass","42660","Seattle-Tacoma-Bellevue, WA","53","Washington","033","King","47.6008630009392","-122.148397"
"03/21/2020","AirNow","530330031","4","8.2","ug/m3 LC","34","Bellevue-SE 12th St","1","100.0000","88502","Acceptable PM2.5 AQI & Speciation Mass","42660","Seattle-Tacoma-Bellevue, WA","53","Washington","033","King","47.6008630009392","-122.148397"
"03/22/2020","AirNow","530330031","4","7.4","ug/m3 LC","31","Bellevue-SE 12th St","1","100.0000","88502","Acceptable PM2.5 AQI & Speciation Mass","42660","Seattle-Tacoma-Bellevue, WA","53","Washington","033","King","47.6008630009392","-122.148397"
"03/23/2020","AirNow","530330031","4","1.6","ug/m3 LC","7","Bellevue-SE 12th St","1","100.0000","88502","Acceptable PM2.5 AQI & Speciation Mass","42660","Seattle-Tacoma-Bellevue, WA","53","Washington","033","King","47.6008630009392","-122.148397"
"03/24/2020","AirNow","530330031","4","1.1","ug/m3 LC","5","Bellevue-SE 12th St","1","100.0000","88502","Acceptable PM2.5 AQI & Speciation Mass","42660","Seattle-Tacoma-Bellevue, WA","53","Washington","033","King","47.6008630009392","-122.148397"
"03/25/2020","AirNow","530330031","4","3.4","ug/m3 LC","14","Bellevue-SE 12th St","1","100.0000","88502","Acceptable PM2.5 AQI & Speciation Mass","42660","Seattle-Tacoma-Bellevue, WA","53","Washington","033","King","47.6008630009392","-122.148397"
"03/26/2020","AirNow","530330031","4","4","ug/m3 LC","17","Bellevue-SE 12th St","1","100.0000","88502","Acceptable PM2.5 AQI & Speciation Mass","42660","Seattle-Tacoma-Bellevue, WA","53","Washington","033","King","47.6008630009392","-122.148397"
"03/27/2020","AirNow","530330031","4","3.8","ug/m3 LC","16","Bellevue-SE 12th St","1","100.0000","88502","Acceptable PM2.5 AQI & Speciation Mass","42660","Seattle-Tacoma-Bellevue, WA","53","Washington","033","King","47.6008630009392","-122.148397"
"03/28/2020","AirNow","530330031","4","0.8","ug/m3 LC","3","Bellevue-SE 12th St","1","100.0000","88502","Acceptable PM2.5 AQI & Speciation Mass","42660","Seattle-Tacoma-Bellevue, WA","53","Washington","033","King","47.6008630009392","-122.148397"
"03/29/2020","AirNow","530330031","4","1","ug/m3 LC","4","Bellevue-SE 12th St","1","100.0000","88502","Acceptable PM2.5 AQI & Speciation Mass","42660","Seattle-Tacoma-Bellevue, WA","53","Washington","033","King","47.6008630009392","-122.148397"
"03/30/2020","AirNow","530330031","4","1.1","ug/m3 LC","5","Bellevue-SE 12th St","1","100.0000","88502","Acceptable PM2.5 AQI & Speciation Mass","42660","Seattle-Tacoma-Bellevue, WA","53","Washington","033","King","47.6008630009392","-122.148397"
"03/31/2020","AirNow","530330031","4","1.4","ug/m3 LC","6","Bellevue-SE 12th St","1","100.0000","88502","Acceptable PM2.5 AQI & Speciation Mass","42660","Seattle-Tacoma-Bellevue, WA","53","Washington","033","King","47.6008630009392","-122.148397"
"04/01/2020","AirNow","530330031","4","2.4","ug/m3 LC","10","Bellevue-SE 12th St","1","100.0000","88502","Acceptable PM2.5 AQI & Speciation Mass","42660","Seattle-Tacoma-Bellevue, WA","53","Washington","033","King","47.6008630009392","-122.148397"
"04/02/2020","AirNow","530330031","4","2.3","ug/m3 LC","10","Bellevue-SE 12th St","1","100.0000","88502","Acceptable PM2.5 AQI & Speciation Mass","42660","Seattle-Tacoma-Bellevue, WA","53","Washington","033","King","47.6008630009392","-122.148397"
"04/03/2020","AirNow","530330031","4","2","ug/m3 LC","8","Bellevue-SE 12th St","1","100.0000","88502","Acceptable PM2.5 AQI & Speciation Mass","42660","Seattle-Tacoma-Bellevue, WA","53","Washington","033","King","47.6008630009392","-122.148397"
"04/04/2020","AirNow","530330031","4","2.5","ug/m3 LC","10","Bellevue-SE 12th St","1","100.0000","88502","Acceptable PM2.5 AQI & Speciation Mass","42660","Seattle-Tacoma-Bellevue, WA","53","Washington","033","King","47.6008630009392","-122.148397"
"04/05/2020","AirNow","530330031","4","3.7","ug/m3 LC","15","Bellevue-SE 12th St","1","100.0000","88502","Acceptable PM2.5 AQI & Speciation Mass","42660","Seattle-Tacoma-Bellevue, WA","53","Washington","033","King","47.6008630009392","-122.148397"
"04/06/2020","AirNow","530330031","4","3.3","ug/m3 LC","14","Bellevue-SE 12th St","1","100.0000","88502","Acceptable PM2.5 AQI & Speciation Mass","42660","Seattle-Tacoma-Bellevue, WA","53","Washington","033","King","47.6008630009392","-122.148397"
"04/07/2020","AirNow","530330031","4","5.6","ug/m3 LC","23","Bellevue-SE 12th St","1","100.0000","88502","Acceptable PM2.5 AQI & Speciation Mass","42660","Seattle-Tacoma-Bellevue, WA","53","Washington","033","King","47.6008630009392","-122.148397"
"04/08/2020","AirNow","530330031","4","7","ug/m3 LC","29","Bellevue-SE 12th St","1","100.0000","88502","Acceptable PM2.5 AQI & Speciation Mass","42660","Seattle-Tacoma-Bellevue, WA","53","Washington","033","King","47.6008630009392","-122.148397"
"04/09/2020","AirNow","530330031","4","7.2","ug/m3 LC","30","Bellevue-SE 12th St","1","100.0000","88502","Acceptable PM2.5 AQI & Speciation Mass","42660","Seattle-Tacoma-Bellevue, WA","53","Washington","033","King","47.6008630009392","-122.148397"
"04/10/2020","AirNow","530330031","4","6.1","ug/m3 LC","25","Bellevue-SE 12th St","1","100.0000","88502","Acceptable PM2.5 AQI & Speciation Mass","42660","Seattle-Tacoma-Bellevue, WA","53","Washington","033","King","47.6008630009392","-122.148397"
"04/11/2020","AirNow","530330031","4","4.5","ug/m3 LC","19","Bellevue-SE 12th St","1","100.0000","88502","Acceptable PM2.5 AQI & Speciation Mass","42660","Seattle-Tacoma-Bellevue, WA","53","Washington","033","King","47.6008630009392","-122.148397"
"04/12/2020","AirNow","530330031","4","3.6","ug/m3 LC","15","Bellevue-SE 12th St","1","100.0000","88502","Acceptable PM2.5 AQI & Speciation Mass","42660","Seattle-Tacoma-Bellevue, WA","53","Washington","033","King","47.6008630009392","-122.148397"
"04/13/2020","AirNow","530330031","4","3.3","ug/m3 LC","14","Bellevue-SE 12th St","1","100.0000","88502","Acceptable PM2.5 AQI & Speciation Mass","42660","Seattle-Tacoma-Bellevue, WA","53","Washington","033","King","47.6008630009392","-122.148397"
"04/14/2020","AirNow","530330031","4","3.7","ug/m3 LC","15","Bellevue-SE 12th St","1","100.0000","88502","Acceptable PM2.5 AQI & Speciation Mass","42660","Seattle-Tacoma-Bellevue, WA","53","Washington","033","King","47.6008630009392","-122.148397"
"04/15/2020","AirNow","530330031","4","2.4","ug/m3 LC","10","Bellevue-SE 12th St","1","100.0000","88502","Acceptable PM2.5 AQI & Speciation Mass","42660","Seattle-Tacoma-Bellevue, WA","53","Washington","033","King","47.6008630009392","-122.148397"
"04/16/2020","AirNow","530330031","4","2.8","ug/m3 LC","12","Bellevue-SE 12th St","1","100.0000","88502","Acceptable PM2.5 AQI & Speciation Mass","42660","Seattle-Tacoma-Bellevue, WA","53","Washington","033","King","47.6008630009392","-122.148397"
"04/17/2020","AirNow","530330031","4","3.4","ug/m3 LC","14","Bellevue-SE 12th St","1","100.0000","88502","Acceptable PM2.5 AQI & Speciation Mass","42660","Seattle-Tacoma-Bellevue, WA","53","Washington","033","King","47.6008630009392","-122.148397"
"04/18/2020","AirNow","530330031","4","4.2","ug/m3 LC","18","Bellevue-SE 12th St","1","100.0000","88502","Acceptable PM2.5 AQI & Speciation Mass","42660","Seattle-Tacoma-Bellevue, WA","53","Washington","033","King","47.6008630009392","-122.148397"
"04/19/2020","AirNow","530330031","4","2","ug/m3 LC","8","Bellevue-SE 12th St","1","100.0000","88502","Acceptable PM2.5 AQI & Speciation Mass","42660","Seattle-Tacoma-Bellevue, WA","53","Washington","033","King","47.6008630009392","-122.148397"
"04/20/2020","AirNow","530330031","4","3.7","ug/m3 LC","15","Bellevue-SE 12th St","1","100.0000","88502","Acceptable PM2.5 AQI & Speciation Mass","42660","Seattle-Tacoma-Bellevue, WA","53","Washington","033","King","47.6008630009392","-122.148397"
"04/21/2020","AirNow","530330031","4","1.8","ug/m3 LC","8","Bellevue-SE 12th St","1","100.0000","88502","Acceptable PM2.5 AQI & Speciation Mass","42660","Seattle-Tacoma-Bellevue, WA","53","Washington","033","King","47.6008630009392","-122.148397"
"04/22/2020","AirNow","530330031","4","1.7","ug/m3 LC","7","Bellevue-SE 12th St","1","100.0000","88502","Acceptable PM2.5 AQI & Speciation Mass","42660","Seattle-Tacoma-Bellevue, WA","53","Washington","033","King","47.6008630009392","-122.148397"
"04/23/2020","AirNow","530330031","4","2.1","ug/m3 LC","9","Bellevue-SE 12th St","1","100.0000","88502","Acceptable PM2.5 AQI & Speciation Mass","42660","Seattle-Tacoma-Bellevue, WA","53","Washington","033","King","47.6008630009392","-122.148397"
"04/24/2020","AirNow","530330031","4","3.7","ug/m3 LC","15","Bellevue-SE 12th St","1","100.0000","88502","Acceptable PM2.5 AQI & Speciation Mass","42660","Seattle-Tacoma-Bellevue, WA","53","Washington","033","King","47.6008630009392","-122.148397"
"04/25/2020","AirNow","530330031","4","3.6","ug/m3 LC","15","Bellevue-SE 12th St","1","100.0000","88502","Acceptable PM2.5 AQI & Speciation Mass","42660","Seattle-Tacoma-Bellevue, WA","53","Washington","033","King","47.6008630009392","-122.148397"
"04/26/2020","AirNow","530330031","4","4.3","ug/m3 LC","18","Bellevue-SE 12th St","1","100.0000","88502","Acceptable PM2.5 AQI & Speciation Mass","42660","Seattle-Tacoma-Bellevue, WA","53","Washington","033","King","47.6008630009392","-122.148397"
"04/27/2020","AirNow","530330031","4","2","ug/m3 LC","8","Bellevue-SE 12th St","1","100.0000","88502","Acceptable PM2.5 AQI & Speciation Mass","42660","Seattle-Tacoma-Bellevue, WA","53","Washington","033","King","47.6008630009392","-122.148397"
"04/28/2020","AirNow","530330031","4","3.9","ug/m3 LC","16","Bellevue-SE 12th St","1","100.0000","88502","Acceptable PM2.5 AQI & Speciation Mass","42660","Seattle-Tacoma-Bellevue, WA","53","Washington","033","King","47.6008630009392","-122.148397"
"04/29/2020","AirNow","530330031","4","3.4","ug/m3 LC","14","Bellevue-SE 12th St","1","100.0000","88502","Acceptable PM2.5 AQI & Speciation Mass","42660","Seattle-Tacoma-Bellevue, WA","53","Washington","033","King","47.6008630009392","-122.148397"
"04/30/2020","AirNow","530330031","4","1.8","ug/m3 LC","8","Bellevue-SE 12th St","1","100.0000","88502","Acceptable PM2.5 AQI & Speciation Mass","42660","Seattle-Tacoma-Bellevue, WA","53","Washington","033","King","47.6008630009392","-122.148397"
"05/01/2020","AirNow","530330031","4","3.1","ug/m3 LC","13","Bellevue-SE 12th St","1","100.0000","88502","Acceptable PM2.5 AQI & Speciation Mass","42660","Seattle-Tacoma-Bellevue, WA","53","Washington","033","King","47.6008630009392","-122.148397"
"05/02/2020","AirNow","530330031","4","2.9","ug/m3 LC","12","Bellevue-SE 12th St","1","100.0000","88502","Acceptable PM2.5 AQI & Speciation Mass","42660","Seattle-Tacoma-Bellevue, WA","53","Washington","033","King","47.6008630009392","-122.148397"
"01/01/2020","AirNow","530330057","4","4.9","ug/m3 LC","20","SEATTLE - DUWAMISH","1","100.0000","88502","Acceptable PM2.5 AQI & Speciation Mass","42660","Seattle-Tacoma-Bellevue, WA","53","Washington","033","King","47.55975","-122.338265"
"01/02/2020","AirNow","530330057","4","7.2","ug/m3 LC","30","SEATTLE - DUWAMISH","1","100.0000","88502","Acceptable PM2.5 AQI & Speciation Mass","42660","Seattle-Tacoma-Bellevue, WA","53","Washington","033","King","47.55975","-122.338265"
"01/03/2020","AirNow","530330057","4","8.7","ug/m3 LC","36","SEATTLE - DUWAMISH","1","100.0000","88502","Acceptable PM2.5 AQI & Speciation Mass","42660","Seattle-Tacoma-Bellevue, WA","53","Washington","033","King","47.55975","-122.338265"
"01/04/2020","AirNow","530330057","4","7.1","ug/m3 LC","30","SEATTLE - DUWAMISH","1","100.0000","88502","Acceptable PM2.5 AQI & Speciation Mass","42660","Seattle-Tacoma-Bellevue, WA","53","Washington","033","King","47.55975","-122.338265"
"01/05/2020","AirNow","530330057","4","5.8","ug/m3 LC","24","SEATTLE - DUWAMISH","1","100.0000","88502","Acceptable PM2.5 AQI & Speciation Mass","42660","Seattle-Tacoma-Bellevue, WA","53","Washington","033","King","47.55975","-122.338265"
"01/06/2020","AirNow","530330057","4","5.8","ug/m3 LC","24","SEATTLE - DUWAMISH","1","100.0000","88502","Acceptable PM2.5 AQI & Speciation Mass","42660","Seattle-Tacoma-Bellevue, WA","53","Washington","033","King","47.55975","-122.338265"
"01/07/2020","AirNow","530330057","4","5.4","ug/m3 LC","23","SEATTLE - DUWAMISH","1","100.0000","88502","Acceptable PM2.5 AQI & Speciation Mass","42660","Seattle-Tacoma-Bellevue, WA","53","Washington","033","King","47.55975","-122.338265"
"01/08/2020","AirNow","530330057","4","5.6","ug/m3 LC","23","SEATTLE - DUWAMISH","1","100.0000","88502","Acceptable PM2.5 AQI & Speciation Mass","42660","Seattle-Tacoma-Bellevue, WA","53","Washington","033","King","47.55975","-122.338265"
"01/09/2020","AirNow","530330057","4","13.8","ug/m3 LC","55","SEATTLE - DUWAMISH","1","100.0000","88502","Acceptable PM2.5 AQI & Speciation Mass","42660","Seattle-Tacoma-Bellevue, WA","53","Washington","033","King","47.55975","-122.338265"
"01/10/2020","AirNow","530330057","4","7.6","ug/m3 LC","32","SEATTLE - DUWAMISH","1","100.0000","88502","Acceptable PM2.5 AQI & Speciation Mass","42660","Seattle-Tacoma-Bellevue, WA","53","Washington","033","King","47.55975","-122.338265"
"01/11/2020","AirNow","530330057","4","6.4","ug/m3 LC","27","SEATTLE - DUWAMISH","1","100.0000","88502","Acceptable PM2.5 AQI & Speciation Mass","42660","Seattle-Tacoma-Bellevue, WA","53","Washington","033","King","47.55975","-122.338265"
"01/12/2020","AirNow","530330057","4","4.7","ug/m3 LC","20","SEATTLE - DUWAMISH","1","100.0000","88502","Acceptable PM2.5 AQI & Speciation Mass","42660","Seattle-Tacoma-Bellevue, WA","53","Washington","033","King","47.55975","-122.338265"
"01/13/2020","AirNow","530330057","4","7","ug/m3 LC","29","SEATTLE - DUWAMISH","1","100.0000","88502","Acceptable PM2.5 AQI & Speciation Mass","42660","Seattle-Tacoma-Bellevue, WA","53","Washington","033","King","47.55975","-122.338265"
"01/14/2020","AirNow","530330057","4","7.7","ug/m3 LC","32","SEATTLE - DUWAMISH","1","100.0000","88502","Acceptable PM2.5 AQI & Speciation Mass","42660","Seattle-Tacoma-Bellevue, WA","53","Washington","033","King","47.55975","-122.338265"
"01/15/2020","AirNow","530330057","4","5","ug/m3 LC","21","SEATTLE - DUWAMISH","1","100.0000","88502","Acceptable PM2.5 AQI & Speciation Mass","42660","Seattle-Tacoma-Bellevue, WA","53","Washington","033","King","47.55975","-122.338265"
"01/16/2020","AirNow","530330057","4","7.1","ug/m3 LC","30","SEATTLE - DUWAMISH","1","100.0000","88502","Acceptable PM2.5 AQI & Speciation Mass","42660","Seattle-Tacoma-Bellevue, WA","53","Washington","033","King","47.55975","-122.338265"
"01/17/2020","AirNow","530330057","4","9.1","ug/m3 LC","38","SEATTLE - DUWAMISH","1","100.0000","88502","Acceptable PM2.5 AQI & Speciation Mass","42660","Seattle-Tacoma-Bellevue, WA","53","Washington","033","King","47.55975","-122.338265"
"01/18/2020","AirNow","530330057","4","5.5","ug/m3 LC","23","SEATTLE - DUWAMISH","1","100.0000","88502","Acceptable PM2.5 AQI & Speciation Mass","42660","Seattle-Tacoma-Bellevue, WA","53","Washington","033","King","47.55975","-122.338265"
"01/19/2020","AirNow","530330057","4","8.7","ug/m3 LC","36","SEATTLE - DUWAMISH","1","100.0000","88502","Acceptable PM2.5 AQI & Speciation Mass","42660","Seattle-Tacoma-Bellevue, WA","53","Washington","033","King","47.55975","-122.338265"
"01/20/2020","AirNow","530330057","4","11.4","ug/m3 LC","48","SEATTLE - DUWAMISH","1","100.0000","88502","Acceptable PM2.5 AQI & Speciation Mass","42660","Seattle-Tacoma-Bellevue, WA","53","Washington","033","King","47.55975","-122.338265"
"01/21/2020","AirNow","530330057","4","7.5","ug/m3 LC","31","SEATTLE - DUWAMISH","1","100.0000","88502","Acceptable PM2.5 AQI & Speciation Mass","42660","Seattle-Tacoma-Bellevue, WA","53","Washington","033","King","47.55975","-122.338265"
"01/22/2020","AirNow","530330057","4","7","ug/m3 LC","29","SEATTLE - DUWAMISH","1","100.0000","88502","Acceptable PM2.5 AQI & Speciation Mass","42660","Seattle-Tacoma-Bellevue, WA","53","Washington","033","King","47.55975","-122.338265"
"01/23/2020","AirNow","530330057","4","7","ug/m3 LC","29","SEATTLE - DUWAMISH","1","100.0000","88502","Acceptable PM2.5 AQI & Speciation Mass","42660","Seattle-Tacoma-Bellevue, WA","53","Washington","033","King","47.55975","-122.338265"
"01/24/2020","AirNow","530330057","4","6.1","ug/m3 LC","25","SEATTLE - DUWAMISH","1","100.0000","88502","Acceptable PM2.5 AQI & Speciation Mass","42660","Seattle-Tacoma-Bellevue, WA","53","Washington","033","King","47.55975","-122.338265"
"01/25/2020","AirNow","530330057","4","7.4","ug/m3 LC","31","SEATTLE - DUWAMISH","1","100.0000","88502","Acceptable PM2.5 AQI & Speciation Mass","42660","Seattle-Tacoma-Bellevue, WA","53","Washington","033","King","47.55975","-122.338265"
"01/26/2020","AirNow","530330057","4","6.1","ug/m3 LC","25","SEATTLE - DUWAMISH","1","100.0000","88502","Acceptable PM2.5 AQI & Speciation Mass","42660","Seattle-Tacoma-Bellevue, WA","53","Washington","033","King","47.55975","-122.338265"
"01/27/2020","AirNow","530330057","4","5.6","ug/m3 LC","23","SEATTLE - DUWAMISH","1","100.0000","88502","Acceptable PM2.5 AQI & Speciation Mass","42660","Seattle-Tacoma-Bellevue, WA","53","Washington","033","King","47.55975","-122.338265"
"01/28/2020","AirNow","530330057","4","6.2","ug/m3 LC","26","SEATTLE - DUWAMISH","1","100.0000","88502","Acceptable PM2.5 AQI & Speciation Mass","42660","Seattle-Tacoma-Bellevue, WA","53","Washington","033","King","47.55975","-122.338265"
"01/29/2020","AirNow","530330057","4","8.1","ug/m3 LC","34","SEATTLE - DUWAMISH","1","100.0000","88502","Acceptable PM2.5 AQI & Speciation Mass","42660","Seattle-Tacoma-Bellevue, WA","53","Washington","033","King","47.55975","-122.338265"
"01/30/2020","AirNow","530330057","4","11.3","ug/m3 LC","47","SEATTLE - DUWAMISH","1","100.0000","88502","Acceptable PM2.5 AQI & Speciation Mass","42660","Seattle-Tacoma-Bellevue, WA","53","Washington","033","King","47.55975","-122.338265"
"01/31/2020","AirNow","530330057","4","5.9","ug/m3 LC","25","SEATTLE - DUWAMISH","1","100.0000","88502","Acceptable PM2.5 AQI & Speciation Mass","42660","Seattle-Tacoma-Bellevue, WA","53","Washington","033","King","47.55975","-122.338265"
"02/01/2020","AirNow","530330057","4","4.6","ug/m3 LC","19","SEATTLE - DUWAMISH","1","100.0000","88502","Acceptable PM2.5 AQI & Speciation Mass","42660","Seattle-Tacoma-Bellevue, WA","53","Washington","033","King","47.55975","-122.338265"
"02/02/2020","AirNow","530330057","4","8.3","ug/m3 LC","35","SEATTLE - DUWAMISH","1","100.0000","88502","Acceptable PM2.5 AQI & Speciation Mass","42660","Seattle-Tacoma-Bellevue, WA","53","Washington","033","King","47.55975","-122.338265"
"02/03/2020","AirNow","530330057","4","7.6","ug/m3 LC","32","SEATTLE - DUWAMISH","1","100.0000","88502","Acceptable PM2.5 AQI & Speciation Mass","42660","Seattle-Tacoma-Bellevue, WA","53","Washington","033","King","47.55975","-122.338265"
"02/04/2020","AirNow","530330057","4","9.4","ug/m3 LC","39","SEATTLE - DUWAMISH","1","100.0000","88502","Acceptable PM2.5 AQI & Speciation Mass","42660","Seattle-Tacoma-Bellevue, WA","53","Washington","033","King","47.55975","-122.338265"
"02/05/2020","AirNow","530330057","4","5.9","ug/m3 LC","25","SEATTLE - DUWAMISH","1","100.0000","88502","Acceptable PM2.5 AQI & Speciation Mass","42660","Seattle-Tacoma-Bellevue, WA","53","Washington","033","King","47.55975","-122.338265"
"02/06/2020","AirNow","530330057","4","7.5","ug/m3 LC","31","SEATTLE - DUWAMISH","1","100.0000","88502","Acceptable PM2.5 AQI & Speciation Mass","42660","Seattle-Tacoma-Bellevue, WA","53","Washington","033","King","47.55975","-122.338265"
"02/07/2020","AirNow","530330057","4","7.4","ug/m3 LC","31","SEATTLE - DUWAMISH","1","100.0000","88502","Acceptable PM2.5 AQI & Speciation Mass","42660","Seattle-Tacoma-Bellevue, WA","53","Washington","033","King","47.55975","-122.338265"
"02/08/2020","AirNow","530330057","4","5.6","ug/m3 LC","23","SEATTLE - DUWAMISH","1","100.0000","88502","Acceptable PM2.5 AQI & Speciation Mass","42660","Seattle-Tacoma-Bellevue, WA","53","Washington","033","King","47.55975","-122.338265"
"02/09/2020","AirNow","530330057","4","8.7","ug/m3 LC","36","SEATTLE - DUWAMISH","1","100.0000","88502","Acceptable PM2.5 AQI & Speciation Mass","42660","Seattle-Tacoma-Bellevue, WA","53","Washington","033","King","47.55975","-122.338265"
"02/10/2020","AirNow","530330057","4","12.5","ug/m3 LC","52","SEATTLE - DUWAMISH","1","100.0000","88502","Acceptable PM2.5 AQI & Speciation Mass","42660","Seattle-Tacoma-Bellevue, WA","53","Washington","033","King","47.55975","-122.338265"
"02/11/2020","AirNow","530330057","4","12.9","ug/m3 LC","53","SEATTLE - DUWAMISH","1","100.0000","88502","Acceptable PM2.5 AQI & Speciation Mass","42660","Seattle-Tacoma-Bellevue, WA","53","Washington","033","King","47.55975","-122.338265"
"02/12/2020","AirNow","530330057","4","11.7","ug/m3 LC","49","SEATTLE - DUWAMISH","1","100.0000","88502","Acceptable PM2.5 AQI & Speciation Mass","42660","Seattle-Tacoma-Bellevue, WA","53","Washington","033","King","47.55975","-122.338265"
"02/13/2020","AirNow","530330057","4","9.4","ug/m3 LC","39","SEATTLE - DUWAMISH","1","100.0000","88502","Acceptable PM2.5 AQI & Speciation Mass","42660","Seattle-Tacoma-Bellevue, WA","53","Washington","033","King","47.55975","-122.338265"
"02/14/2020","AirNow","530330057","4","6.5","ug/m3 LC","27","SEATTLE - DUWAMISH","1","100.0000","88502","Acceptable PM2.5 AQI & Speciation Mass","42660","Seattle-Tacoma-Bellevue, WA","53","Washington","033","King","47.55975","-122.338265"
"02/15/2020","AirNow","530330057","4","5.3","ug/m3 LC","22","SEATTLE - DUWAMISH","1","100.0000","88502","Acceptable PM2.5 AQI & Speciation Mass","42660","Seattle-Tacoma-Bellevue, WA","53","Washington","033","King","47.55975","-122.338265"
"02/16/2020","AirNow","530330057","4","5.5","ug/m3 LC","23","SEATTLE - DUWAMISH","1","100.0000","88502","Acceptable PM2.5 AQI & Speciation Mass","42660","Seattle-Tacoma-Bellevue, WA","53","Washington","033","King","47.55975","-122.338265"
"02/17/2020","AirNow","530330057","4","7.5","ug/m3 LC","31","SEATTLE - DUWAMISH","1","100.0000","88502","Acceptable PM2.5 AQI & Speciation Mass","42660","Seattle-Tacoma-Bellevue, WA","53","Washington","033","King","47.55975","-122.338265"
"02/18/2020","AirNow","530330057","4","7.1","ug/m3 LC","30","SEATTLE - DUWAMISH","1","100.0000","88502","Acceptable PM2.5 AQI & Speciation Mass","42660","Seattle-Tacoma-Bellevue, WA","53","Washington","033","King","47.55975","-122.338265"
"02/19/2020","AirNow","530330057","4","8.8","ug/m3 LC","37","SEATTLE - DUWAMISH","1","100.0000","88502","Acceptable PM2.5 AQI & Speciation Mass","42660","Seattle-Tacoma-Bellevue, WA","53","Washington","033","King","47.55975","-122.338265"
"02/20/2020","AirNow","530330057","4","11.3","ug/m3 LC","47","SEATTLE - DUWAMISH","1","100.0000","88502","Acceptable PM2.5 AQI & Speciation Mass","42660","Seattle-Tacoma-Bellevue, WA","53","Washington","033","King","47.55975","-122.338265"
"02/21/2020","AirNow","530330057","4","12.9","ug/m3 LC","53","SEATTLE - DUWAMISH","1","100.0000","88502","Acceptable PM2.5 AQI & Speciation Mass","42660","Seattle-Tacoma-Bellevue, WA","53","Washington","033","King","47.55975","-122.338265"
"02/22/2020","AirNow","530330057","4","7.9","ug/m3 LC","33","SEATTLE - DUWAMISH","1","100.0000","88502","Acceptable PM2.5 AQI & Speciation Mass","42660","Seattle-Tacoma-Bellevue, WA","53","Washington","033","King","47.55975","-122.338265"
"02/23/2020","AirNow","530330057","4","7.7","ug/m3 LC","32","SEATTLE - DUWAMISH","1","100.0000","88502","Acceptable PM2.5 AQI & Speciation Mass","42660","Seattle-Tacoma-Bellevue, WA","53","Washington","033","King","47.55975","-122.338265"
"02/24/2020","AirNow","530330057","4","7.9","ug/m3 LC","33","SEATTLE - DUWAMISH","1","100.0000","88502","Acceptable PM2.5 AQI & Speciation Mass","42660","Seattle-Tacoma-Bellevue, WA","53","Washington","033","King","47.55975","-122.338265"
"02/25/2020","AirNow","530330057","4","11.3","ug/m3 LC","47","SEATTLE - DUWAMISH","1","100.0000","88502","Acceptable PM2.5 AQI & Speciation Mass","42660","Seattle-Tacoma-Bellevue, WA","53","Washington","033","King","47.55975","-122.338265"
"02/26/2020","AirNow","530330057","4","8.7","ug/m3 LC","36","SEATTLE - DUWAMISH","1","100.0000","88502","Acceptable PM2.5 AQI & Speciation Mass","42660","Seattle-Tacoma-Bellevue, WA","53","Washington","033","King","47.55975","-122.338265"
"02/27/2020","AirNow","530330057","4","8.8","ug/m3 LC","37","SEATTLE - DUWAMISH","1","100.0000","88502","Acceptable PM2.5 AQI & Speciation Mass","42660","Seattle-Tacoma-Bellevue, WA","53","Washington","033","King","47.55975","-122.338265"
"02/28/2020","AirNow","530330057","4","11.5","ug/m3 LC","48","SEATTLE - DUWAMISH","1","100.0000","88502","Acceptable PM2.5 AQI & Speciation Mass","42660","Seattle-Tacoma-Bellevue, WA","53","Washington","033","King","47.55975","-122.338265"
"02/29/2020","AirNow","530330057","4","6","ug/m3 LC","25","SEATTLE - DUWAMISH","1","100.0000","88502","Acceptable PM2.5 AQI & Speciation Mass","42660","Seattle-Tacoma-Bellevue, WA","53","Washington","033","King","47.55975","-122.338265"
"03/01/2020","AirNow","530330057","4","9.7","ug/m3 LC","40","SEATTLE - DUWAMISH","1","100.0000","88502","Acceptable PM2.5 AQI & Speciation Mass","42660","Seattle-Tacoma-Bellevue, WA","53","Washington","033","King","47.55975","-122.338265"
"03/02/2020","AirNow","530330057","4","6.6","ug/m3 LC","28","SEATTLE - DUWAMISH","1","100.0000","88502","Acceptable PM2.5 AQI & Speciation Mass","42660","Seattle-Tacoma-Bellevue, WA","53","Washington","033","King","47.55975","-122.338265"
"03/03/2020","AirNow","530330057","4","4.5","ug/m3 LC","19","SEATTLE - DUWAMISH","1","100.0000","88502","Acceptable PM2.5 AQI & Speciation Mass","42660","Seattle-Tacoma-Bellevue, WA","53","Washington","033","King","47.55975","-122.338265"
"03/04/2020","AirNow","530330057","4","8.6","ug/m3 LC","36","SEATTLE - DUWAMISH","1","100.0000","88502","Acceptable PM2.5 AQI & Speciation Mass","42660","Seattle-Tacoma-Bellevue, WA","53","Washington","033","King","47.55975","-122.338265"
"03/05/2020","AirNow","530330057","4","8.5","ug/m3 LC","35","SEATTLE - DUWAMISH","1","100.0000","88502","Acceptable PM2.5 AQI & Speciation Mass","42660","Seattle-Tacoma-Bellevue, WA","53","Washington","033","King","47.55975","-122.338265"
"03/06/2020","AirNow","530330057","4","5.6","ug/m3 LC","23","SEATTLE - DUWAMISH","1","100.0000","88502","Acceptable PM2.5 AQI & Speciation Mass","42660","Seattle-Tacoma-Bellevue, WA","53","Washington","033","King","47.55975","-122.338265"
"03/07/2020","AirNow","530330057","4","7.7","ug/m3 LC","32","SEATTLE - DUWAMISH","1","100.0000","88502","Acceptable PM2.5 AQI & Speciation Mass","42660","Seattle-Tacoma-Bellevue, WA","53","Washington","033","King","47.55975","-122.338265"
"03/08/2020","AirNow","530330057","4","7.5","ug/m3 LC","31","SEATTLE - DUWAMISH","1","100.0000","88502","Acceptable PM2.5 AQI & Speciation Mass","42660","Seattle-Tacoma-Bellevue, WA","53","Washington","033","King","47.55975","-122.338265"
"03/09/2020","AirNow","530330057","4","10.7","ug/m3 LC","45","SEATTLE - DUWAMISH","1","100.0000","88502","Acceptable PM2.5 AQI & Speciation Mass","42660","Seattle-Tacoma-Bellevue, WA","53","Washington","033","King","47.55975","-122.338265"
"03/10/2020","AirNow","530330057","4","7.7","ug/m3 LC","32","SEATTLE - DUWAMISH","1","100.0000","88502","Acceptable PM2.5 AQI & Speciation Mass","42660","Seattle-Tacoma-Bellevue, WA","53","Washington","033","King","47.55975","-122.338265"
"03/11/2020","AirNow","530330057","4","5.8","ug/m3 LC","24","SEATTLE - DUWAMISH","1","100.0000","88502","Acceptable PM2.5 AQI & Speciation Mass","42660","Seattle-Tacoma-Bellevue, WA","53","Washington","033","King","47.55975","-122.338265"
"03/12/2020","AirNow","530330057","4","8.7","ug/m3 LC","36","SEATTLE - DUWAMISH","1","100.0000","88502","Acceptable PM2.5 AQI & Speciation Mass","42660","Seattle-Tacoma-Bellevue, WA","53","Washington","033","King","47.55975","-122.338265"
"03/13/2020","AirNow","530330057","4","7.2","ug/m3 LC","30","SEATTLE - DUWAMISH","1","100.0000","88502","Acceptable PM2.5 AQI & Speciation Mass","42660","Seattle-Tacoma-Bellevue, WA","53","Washington","033","King","47.55975","-122.338265"
"03/14/2020","AirNow","530330057","4","6.7","ug/m3 LC","28","SEATTLE - DUWAMISH","1","100.0000","88502","Acceptable PM2.5 AQI & Speciation Mass","42660","Seattle-Tacoma-Bellevue, WA","53","Washington","033","King","47.55975","-122.338265"
"03/15/2020","AirNow","530330057","4","6.3","ug/m3 LC","26","SEATTLE - DUWAMISH","1","100.0000","88502","Acceptable PM2.5 AQI & Speciation Mass","42660","Seattle-Tacoma-Bellevue, WA","53","Washington","033","King","47.55975","-122.338265"
"03/16/2020","AirNow","530330057","4","8.6","ug/m3 LC","36","SEATTLE - DUWAMISH","1","100.0000","88502","Acceptable PM2.5 AQI & Speciation Mass","42660","Seattle-Tacoma-Bellevue, WA","53","Washington","033","King","47.55975","-122.338265"
"03/17/2020","AirNow","530330057","4","14.5","ug/m3 LC","56","SEATTLE - DUWAMISH","1","100.0000","88502","Acceptable PM2.5 AQI & Speciation Mass","42660","Seattle-Tacoma-Bellevue, WA","53","Washington","033","King","47.55975","-122.338265"
"03/18/2020","AirNow","530330057","4","16.5","ug/m3 LC","60","SEATTLE - DUWAMISH","1","100.0000","88502","Acceptable PM2.5 AQI & Speciation Mass","42660","Seattle-Tacoma-Bellevue, WA","53","Washington","033","King","47.55975","-122.338265"
"03/19/2020","AirNow","530330057","4","19.9","ug/m3 LC","67","SEATTLE - DUWAMISH","1","100.0000","88502","Acceptable PM2.5 AQI & Speciation Mass","42660","Seattle-Tacoma-Bellevue, WA","53","Washington","033","King","47.55975","-122.338265"
"03/20/2020","AirNow","530330057","4","17.2","ug/m3 LC","62","SEATTLE - DUWAMISH","1","100.0000","88502","Acceptable PM2.5 AQI & Speciation Mass","42660","Seattle-Tacoma-Bellevue, WA","53","Washington","033","King","47.55975","-122.338265"
"03/21/2020","AirNow","530330057","4","18.1","ug/m3 LC","64","SEATTLE - DUWAMISH","1","100.0000","88502","Acceptable PM2.5 AQI & Speciation Mass","42660","Seattle-Tacoma-Bellevue, WA","53","Washington","033","King","47.55975","-122.338265"
"03/22/2020","AirNow","530330057","4","17.3","ug/m3 LC","62","SEATTLE - DUWAMISH","1","100.0000","88502","Acceptable PM2.5 AQI & Speciation Mass","42660","Seattle-Tacoma-Bellevue, WA","53","Washington","033","King","47.55975","-122.338265"
"03/23/2020","AirNow","530330057","4","5.9","ug/m3 LC","25","SEATTLE - DUWAMISH","1","100.0000","88502","Acceptable PM2.5 AQI & Speciation Mass","42660","Seattle-Tacoma-Bellevue, WA","53","Washington","033","King","47.55975","-122.338265"
"03/24/2020","AirNow","530330057","4","5.1","ug/m3 LC","21","SEATTLE - DUWAMISH","1","100.0000","88502","Acceptable PM2.5 AQI & Speciation Mass","42660","Seattle-Tacoma-Bellevue, WA","53","Washington","033","King","47.55975","-122.338265"
"03/25/2020","AirNow","530330057","4","6.7","ug/m3 LC","28","SEATTLE - DUWAMISH","1","100.0000","88502","Acceptable PM2.5 AQI & Speciation Mass","42660","Seattle-Tacoma-Bellevue, WA","53","Washington","033","King","47.55975","-122.338265"
"03/26/2020","AirNow","530330057","4","9.6","ug/m3 LC","40","SEATTLE - DUWAMISH","1","100.0000","88502","Acceptable PM2.5 AQI & Speciation Mass","42660","Seattle-Tacoma-Bellevue, WA","53","Washington","033","King","47.55975","-122.338265"
"03/27/2020","AirNow","530330057","4","8.8","ug/m3 LC","37","SEATTLE - DUWAMISH","1","100.0000","88502","Acceptable PM2.5 AQI & Speciation Mass","42660","Seattle-Tacoma-Bellevue, WA","53","Washington","033","King","47.55975","-122.338265"
"03/28/2020","AirNow","530330057","4","5.7","ug/m3 LC","24","SEATTLE - DUWAMISH","1","100.0000","88502","Acceptable PM2.5 AQI & Speciation Mass","42660","Seattle-Tacoma-Bellevue, WA","53","Washington","033","King","47.55975","-122.338265"
"03/29/2020","AirNow","530330057","4","4.4","ug/m3 LC","18","SEATTLE - DUWAMISH","1","100.0000","88502","Acceptable PM2.5 AQI & Speciation Mass","42660","Seattle-Tacoma-Bellevue, WA","53","Washington","033","King","47.55975","-122.338265"
"03/30/2020","AirNow","530330057","4","5.1","ug/m3 LC","21","SEATTLE - DUWAMISH","1","100.0000","88502","Acceptable PM2.5 AQI & Speciation Mass","42660","Seattle-Tacoma-Bellevue, WA","53","Washington","033","King","47.55975","-122.338265"
"03/31/2020","AirNow","530330057","4","5","ug/m3 LC","21","SEATTLE - DUWAMISH","1","100.0000","88502","Acceptable PM2.5 AQI & Speciation Mass","42660","Seattle-Tacoma-Bellevue, WA","53","Washington","033","King","47.55975","-122.338265"
"04/01/2020","AirNow","530330057","4","5.7","ug/m3 LC","24","SEATTLE - DUWAMISH","1","100.0000","88502","Acceptable PM2.5 AQI & Speciation Mass","42660","Seattle-Tacoma-Bellevue, WA","53","Washington","033","King","47.55975","-122.338265"
"04/02/2020","AirNow","530330057","4","7.4","ug/m3 LC","31","SEATTLE - DUWAMISH","1","100.0000","88502","Acceptable PM2.5 AQI & Speciation Mass","42660","Seattle-Tacoma-Bellevue, WA","53","Washington","033","King","47.55975","-122.338265"
"04/03/2020","AirNow","530330057","4","5.9","ug/m3 LC","25","SEATTLE - DUWAMISH","1","100.0000","88502","Acceptable PM2.5 AQI & Speciation Mass","42660","Seattle-Tacoma-Bellevue, WA","53","Washington","033","King","47.55975","-122.338265"
"04/04/2020","AirNow","530330057","4","7.4","ug/m3 LC","31","SEATTLE - DUWAMISH","1","100.0000","88502","Acceptable PM2.5 AQI & Speciation Mass","42660","Seattle-Tacoma-Bellevue, WA","53","Washington","033","King","47.55975","-122.338265"
"04/05/2020","AirNow","530330057","4","6","ug/m3 LC","25","SEATTLE - DUWAMISH","1","100.0000","88502","Acceptable PM2.5 AQI & Speciation Mass","42660","Seattle-Tacoma-Bellevue, WA","53","Washington","033","King","47.55975","-122.338265"
"04/06/2020","AirNow","530330057","4","7.7","ug/m3 LC","32","SEATTLE - DUWAMISH","1","100.0000","88502","Acceptable PM2.5 AQI & Speciation Mass","42660","Seattle-Tacoma-Bellevue, WA","53","Washington","033","King","47.55975","-122.338265"
"04/07/2020","AirNow","530330057","4","9.6","ug/m3 LC","40","SEATTLE - DUWAMISH","1","100.0000","88502","Acceptable PM2.5 AQI & Speciation Mass","42660","Seattle-Tacoma-Bellevue, WA","53","Washington","033","King","47.55975","-122.338265"
"04/08/2020","AirNow","530330057","4","12.3","ug/m3 LC","51","SEATTLE - DUWAMISH","1","100.0000","88502","Acceptable PM2.5 AQI & Speciation Mass","42660","Seattle-Tacoma-Bellevue, WA","53","Washington","033","King","47.55975","-122.338265"
"04/09/2020","AirNow","530330057","4","11.9","ug/m3 LC","50","SEATTLE - DUWAMISH","1","100.0000","88502","Acceptable PM2.5 AQI & Speciation Mass","42660","Seattle-Tacoma-Bellevue, WA","53","Washington","033","King","47.55975","-122.338265"
"04/10/2020","AirNow","530330057","4","11.2","ug/m3 LC","47","SEATTLE - DUWAMISH","1","100.0000","88502","Acceptable PM2.5 AQI & Speciation Mass","42660","Seattle-Tacoma-Bellevue, WA","53","Washington","033","King","47.55975","-122.338265"
"04/11/2020","AirNow","530330057","4","7.5","ug/m3 LC","31","SEATTLE - DUWAMISH","1","100.0000","88502","Acceptable PM2.5 AQI & Speciation Mass","42660","Seattle-Tacoma-Bellevue, WA","53","Washington","033","King","47.55975","-122.338265"
"04/12/2020","AirNow","530330057","4","8.2","ug/m3 LC","34","SEATTLE - DUWAMISH","1","100.0000","88502","Acceptable PM2.5 AQI & Speciation Mass","42660","Seattle-Tacoma-Bellevue, WA","53","Washington","033","King","47.55975","-122.338265"
"04/13/2020","AirNow","530330057","4","8.3","ug/m3 LC","35","SEATTLE - DUWAMISH","1","100.0000","88502","Acceptable PM2.5 AQI & Speciation Mass","42660","Seattle-Tacoma-Bellevue, WA","53","Washington","033","King","47.55975","-122.338265"
"04/14/2020","AirNow","530330057","4","8.7","ug/m3 LC","36","SEATTLE - DUWAMISH","1","100.0000","88502","Acceptable PM2.5 AQI & Speciation Mass","42660","Seattle-Tacoma-Bellevue, WA","53","Washington","033","King","47.55975","-122.338265"
"04/15/2020","AirNow","530330057","4","6","ug/m3 LC","25","SEATTLE - DUWAMISH","1","100.0000","88502","Acceptable PM2.5 AQI & Speciation Mass","42660","Seattle-Tacoma-Bellevue, WA","53","Washington","033","King","47.55975","-122.338265"
"04/16/2020","AirNow","530330057","4","8.6","ug/m3 LC","36","SEATTLE - DUWAMISH","1","100.0000","88502","Acceptable PM2.5 AQI & Speciation Mass","42660","Seattle-Tacoma-Bellevue, WA","53","Washington","033","King","47.55975","-122.338265"
"04/17/2020","AirNow","530330057","4","9.4","ug/m3 LC","39","SEATTLE - DUWAMISH","1","100.0000","88502","Acceptable PM2.5 AQI & Speciation Mass","42660","Seattle-Tacoma-Bellevue, WA","53","Washington","033","King","47.55975","-122.338265"
"04/18/2020","AirNow","530330057","4","6.6","ug/m3 LC","28","SEATTLE - DUWAMISH","1","100.0000","88502","Acceptable PM2.5 AQI & Speciation Mass","42660","Seattle-Tacoma-Bellevue, WA","53","Washington","033","King","47.55975","-122.338265"
"04/19/2020","AirNow","530330057","4","4.7","ug/m3 LC","20","SEATTLE - DUWAMISH","1","100.0000","88502","Acceptable PM2.5 AQI & Speciation Mass","42660","Seattle-Tacoma-Bellevue, WA","53","Washington","033","King","47.55975","-122.338265"
"04/20/2020","AirNow","530330057","4","7.5","ug/m3 LC","31","SEATTLE - DUWAMISH","1","100.0000","88502","Acceptable PM2.5 AQI & Speciation Mass","42660","Seattle-Tacoma-Bellevue, WA","53","Washington","033","King","47.55975","-122.338265"
"04/21/2020","AirNow","530330057","4","5.2","ug/m3 LC","22","SEATTLE - DUWAMISH","1","100.0000","88502","Acceptable PM2.5 AQI & Speciation Mass","42660","Seattle-Tacoma-Bellevue, WA","53","Washington","033","King","47.55975","-122.338265"
"04/22/2020","AirNow","530330057","4","5.7","ug/m3 LC","24","SEATTLE - DUWAMISH","1","100.0000","88502","Acceptable PM2.5 AQI & Speciation Mass","42660","Seattle-Tacoma-Bellevue, WA","53","Washington","033","King","47.55975","-122.338265"
"04/23/2020","AirNow","530330057","4","5.4","ug/m3 LC","23","SEATTLE - DUWAMISH","1","100.0000","88502","Acceptable PM2.5 AQI & Speciation Mass","42660","Seattle-Tacoma-Bellevue, WA","53","Washington","033","King","47.55975","-122.338265"
"04/24/2020","AirNow","530330057","4","7.8","ug/m3 LC","33","SEATTLE - DUWAMISH","1","100.0000","88502","Acceptable PM2.5 AQI & Speciation Mass","42660","Seattle-Tacoma-Bellevue, WA","53","Washington","033","King","47.55975","-122.338265"
"04/25/2020","AirNow","530330057","4","8.9","ug/m3 LC","37","SEATTLE - DUWAMISH","1","100.0000","88502","Acceptable PM2.5 AQI & Speciation Mass","42660","Seattle-Tacoma-Bellevue, WA","53","Washington","033","King","47.55975","-122.338265"
"04/26/2020","AirNow","530330057","4","8.1","ug/m3 LC","34","SEATTLE - DUWAMISH","1","100.0000","88502","Acceptable PM2.5 AQI & Speciation Mass","42660","Seattle-Tacoma-Bellevue, WA","53","Washington","033","King","47.55975","-122.338265"
"04/27/2020","AirNow","530330057","4","6.2","ug/m3 LC","26","SEATTLE - DUWAMISH","1","100.0000","88502","Acceptable PM2.5 AQI & Speciation Mass","42660","Seattle-Tacoma-Bellevue, WA","53","Washington","033","King","47.55975","-122.338265"
"04/28/2020","AirNow","530330057","4","9.1","ug/m3 LC","38","SEATTLE - DUWAMISH","1","100.0000","88502","Acceptable PM2.5 AQI & Speciation Mass","42660","Seattle-Tacoma-Bellevue, WA","53","Washington","033","King","47.55975","-122.338265"
"04/29/2020","AirNow","530330057","4","6.9","ug/m3 LC","29","SEATTLE - DUWAMISH","1","100.0000","88502","Acceptable PM2.5 AQI & Speciation Mass","42660","Seattle-Tacoma-Bellevue, WA","53","Washington","033","King","47.55975","-122.338265"
"04/30/2020","AirNow","530330057","4","5.3","ug/m3 LC","22","SEATTLE - DUWAMISH","1","100.0000","88502","Acceptable PM2.5 AQI & Speciation Mass","42660","Seattle-Tacoma-Bellevue, WA","53","Washington","033","King","47.55975","-122.338265"
"05/01/2020","AirNow","530330057","4","7.3","ug/m3 LC","30","SEATTLE - DUWAMISH","1","100.0000","88502","Acceptable PM2.5 AQI & Speciation Mass","42660","Seattle-Tacoma-Bellevue, WA","53","Washington","033","King","47.55975","-122.338265"
"05/02/2020","AirNow","530330057","4","7.3","ug/m3 LC","30","SEATTLE - DUWAMISH","1","100.0000","88502","Acceptable PM2.5 AQI & Speciation Mass","42660","Seattle-Tacoma-Bellevue, WA","53","Washington","033","King","47.55975","-122.338265"
"01/01/2020","AQS","530330057","5","3.6","ug/m3 LC","15","SEATTLE - DUWAMISH","1","100.0000","88101","PM2.5 - Local Conditions","42660","Seattle-Tacoma-Bellevue, WA","53","Washington","033","King","47.55975","-122.338265"
"01/02/2020","AQS","530330057","5","6.5","ug/m3 LC","27","SEATTLE - DUWAMISH","1","100.0000","88101","PM2.5 - Local Conditions","42660","Seattle-Tacoma-Bellevue, WA","53","Washington","033","King","47.55975","-122.338265"
"01/03/2020","AQS","530330057","5","8.4","ug/m3 LC","35","SEATTLE - DUWAMISH","1","100.0000","88101","PM2.5 - Local Conditions","42660","Seattle-Tacoma-Bellevue, WA","53","Washington","033","King","47.55975","-122.338265"
"01/04/2020","AQS","530330057","5","7.2","ug/m3 LC","30","SEATTLE - DUWAMISH","1","100.0000","88101","PM2.5 - Local Conditions","42660","Seattle-Tacoma-Bellevue, WA","53","Washington","033","King","47.55975","-122.338265"
"01/05/2020","AQS","530330057","5","5.4","ug/m3 LC","23","SEATTLE - DUWAMISH","1","100.0000","88101","PM2.5 - Local Conditions","42660","Seattle-Tacoma-Bellevue, WA","53","Washington","033","King","47.55975","-122.338265"
"01/06/2020","AQS","530330057","5","8.2","ug/m3 LC","34","SEATTLE - DUWAMISH","1","100.0000","88101","PM2.5 - Local Conditions","42660","Seattle-Tacoma-Bellevue, WA","53","Washington","033","King","47.55975","-122.338265"
"01/07/2020","AQS","530330057","5","6","ug/m3 LC","25","SEATTLE - DUWAMISH","1","100.0000","88101","PM2.5 - Local Conditions","42660","Seattle-Tacoma-Bellevue, WA","53","Washington","033","King","47.55975","-122.338265"
"01/08/2020","AQS","530330057","5","5.8","ug/m3 LC","24","SEATTLE - DUWAMISH","1","100.0000","88101","PM2.5 - Local Conditions","42660","Seattle-Tacoma-Bellevue, WA","53","Washington","033","King","47.55975","-122.338265"
"01/09/2020","AQS","530330057","5","11","ug/m3 LC","46","SEATTLE - DUWAMISH","1","100.0000","88101","PM2.5 - Local Conditions","42660","Seattle-Tacoma-Bellevue, WA","53","Washington","033","King","47.55975","-122.338265"
"01/10/2020","AQS","530330057","5","7.9","ug/m3 LC","33","SEATTLE - DUWAMISH","1","100.0000","88101","PM2.5 - Local Conditions","42660","Seattle-Tacoma-Bellevue, WA","53","Washington","033","King","47.55975","-122.338265"
"01/11/2020","AQS","530330057","5","7","ug/m3 LC","29","SEATTLE - DUWAMISH","1","100.0000","88101","PM2.5 - Local Conditions","42660","Seattle-Tacoma-Bellevue, WA","53","Washington","033","King","47.55975","-122.338265"
"01/12/2020","AQS","530330057","5","4.4","ug/m3 LC","18","SEATTLE - DUWAMISH","1","100.0000","88101","PM2.5 - Local Conditions","42660","Seattle-Tacoma-Bellevue, WA","53","Washington","033","King","47.55975","-122.338265"
"01/13/2020","AQS","530330057","5","5.4","ug/m3 LC","23","SEATTLE - DUWAMISH","1","100.0000","88101","PM2.5 - Local Conditions","42660","Seattle-Tacoma-Bellevue, WA","53","Washington","033","King","47.55975","-122.338265"
"01/14/2020","AQS","530330057","5","7.6","ug/m3 LC","32","SEATTLE - DUWAMISH","1","100.0000","88101","PM2.5 - Local Conditions","42660","Seattle-Tacoma-Bellevue, WA","53","Washington","033","King","47.55975","-122.338265"
"01/15/2020","AQS","530330057","5","4.5","ug/m3 LC","19","SEATTLE - DUWAMISH","1","100.0000","88101","PM2.5 - Local Conditions","42660","Seattle-Tacoma-Bellevue, WA","53","Washington","033","King","47.55975","-122.338265"
"01/16/2020","AQS","530330057","5","7.4","ug/m3 LC","31","SEATTLE - DUWAMISH","1","100.0000","88101","PM2.5 - Local Conditions","42660","Seattle-Tacoma-Bellevue, WA","53","Washington","033","King","47.55975","-122.338265"
"01/17/2020","AQS","530330057","5","9.7","ug/m3 LC","40","SEATTLE - DUWAMISH","1","100.0000","88101","PM2.5 - Local Conditions","42660","Seattle-Tacoma-Bellevue, WA","53","Washington","033","King","47.55975","-122.338265"
"01/18/2020","AQS","530330057","5","4.2","ug/m3 LC","18","SEATTLE - DUWAMISH","1","100.0000","88101","PM2.5 - Local Conditions","42660","Seattle-Tacoma-Bellevue, WA","53","Washington","033","King","47.55975","-122.338265"
"01/19/2020","AQS","530330057","5","8.2","ug/m3 LC","34","SEATTLE - DUWAMISH","1","100.0000","88101","PM2.5 - Local Conditions","42660","Seattle-Tacoma-Bellevue, WA","53","Washington","033","King","47.55975","-122.338265"
"01/20/2020","AQS","530330057","5","11.1","ug/m3 LC","46","SEATTLE - DUWAMISH","1","100.0000","88101","PM2.5 - Local Conditions","42660","Seattle-Tacoma-Bellevue, WA","53","Washington","033","King","47.55975","-122.338265"
"01/21/2020","AQS","530330057","5","9.1","ug/m3 LC","38","SEATTLE - DUWAMISH","1","100.0000","88101","PM2.5 - Local Conditions","42660","Seattle-Tacoma-Bellevue, WA","53","Washington","033","King","47.55975","-122.338265"
"01/22/2020","AQS","530330057","5","8.4","ug/m3 LC","35","SEATTLE - DUWAMISH","1","100.0000","88101","PM2.5 - Local Conditions","42660","Seattle-Tacoma-Bellevue, WA","53","Washington","033","King","47.55975","-122.338265"
"01/23/2020","AQS","530330057","5","6.8","ug/m3 LC","28","SEATTLE - DUWAMISH","1","100.0000","88101","PM2.5 - Local Conditions","42660","Seattle-Tacoma-Bellevue, WA","53","Washington","033","King","47.55975","-122.338265"
"01/24/2020","AQS","530330057","5","4.9","ug/m3 LC","20","SEATTLE - DUWAMISH","1","100.0000","88101","PM2.5 - Local Conditions","42660","Seattle-Tacoma-Bellevue, WA","53","Washington","033","King","47.55975","-122.338265"
"01/25/2020","AQS","530330057","5","5.9","ug/m3 LC","25","SEATTLE - DUWAMISH","1","100.0000","88101","PM2.5 - Local Conditions","42660","Seattle-Tacoma-Bellevue, WA","53","Washington","033","King","47.55975","-122.338265"
"01/26/2020","AQS","530330057","5","5.5","ug/m3 LC","23","SEATTLE - DUWAMISH","1","100.0000","88101","PM2.5 - Local Conditions","42660","Seattle-Tacoma-Bellevue, WA","53","Washington","033","King","47.55975","-122.338265"
"01/27/2020","AQS","530330057","5","4.8","ug/m3 LC","20","SEATTLE - DUWAMISH","1","100.0000","88101","PM2.5 - Local Conditions","42660","Seattle-Tacoma-Bellevue, WA","53","Washington","033","King","47.55975","-122.338265"
"01/28/2020","AQS","530330057","5","5.2","ug/m3 LC","22","SEATTLE - DUWAMISH","1","100.0000","88101","PM2.5 - Local Conditions","42660","Seattle-Tacoma-Bellevue, WA","53","Washington","033","King","47.55975","-122.338265"
"01/29/2020","AQS","530330057","5","6.9","ug/m3 LC","29","SEATTLE - DUWAMISH","1","100.0000","88101","PM2.5 - Local Conditions","42660","Seattle-Tacoma-Bellevue, WA","53","Washington","033","King","47.55975","-122.338265"
"01/30/2020","AQS","530330057","5","8.6","ug/m3 LC","36","SEATTLE - DUWAMISH","1","100.0000","88101","PM2.5 - Local Conditions","42660","Seattle-Tacoma-Bellevue, WA","53","Washington","033","King","47.55975","-122.338265"
"01/31/2020","AQS","530330057","5","6.6","ug/m3 LC","28","SEATTLE - DUWAMISH","1","100.0000","88101","PM2.5 - Local Conditions","42660","Seattle-Tacoma-Bellevue, WA","53","Washington","033","King","47.55975","-122.338265"
"02/01/2020","AirNow","530330057","5","3.4","ug/m3 LC","14","SEATTLE - DUWAMISH","1","100.0000","88101","PM2.5 - Local Conditions","42660","Seattle-Tacoma-Bellevue, WA","53","Washington","033","King","47.55975","-122.338265"
"02/02/2020","AirNow","530330057","5","6.9","ug/m3 LC","29","SEATTLE - DUWAMISH","1","100.0000","88101","PM2.5 - Local Conditions","42660","Seattle-Tacoma-Bellevue, WA","53","Washington","033","King","47.55975","-122.338265"
"02/03/2020","AirNow","530330057","5","6.5","ug/m3 LC","27","SEATTLE - DUWAMISH","1","100.0000","88101","PM2.5 - Local Conditions","42660","Seattle-Tacoma-Bellevue, WA","53","Washington","033","King","47.55975","-122.338265"
"02/04/2020","AirNow","530330057","5","9","ug/m3 LC","38","SEATTLE - DUWAMISH","1","100.0000","88101","PM2.5 - Local Conditions","42660","Seattle-Tacoma-Bellevue, WA","53","Washington","033","King","47.55975","-122.338265"
"02/05/2020","AirNow","530330057","5","5.9","ug/m3 LC","25","SEATTLE - DUWAMISH","1","100.0000","88101","PM2.5 - Local Conditions","42660","Seattle-Tacoma-Bellevue, WA","53","Washington","033","King","47.55975","-122.338265"
"02/06/2020","AirNow","530330057","5","5.7","ug/m3 LC","24","SEATTLE - DUWAMISH","1","100.0000","88101","PM2.5 - Local Conditions","42660","Seattle-Tacoma-Bellevue, WA","53","Washington","033","King","47.55975","-122.338265"
"02/07/2020","AirNow","530330057","5","5.5","ug/m3 LC","23","SEATTLE - DUWAMISH","1","100.0000","88101","PM2.5 - Local Conditions","42660","Seattle-Tacoma-Bellevue, WA","53","Washington","033","King","47.55975","-122.338265"
"02/08/2020","AirNow","530330057","5","5.7","ug/m3 LC","24","SEATTLE - DUWAMISH","1","100.0000","88101","PM2.5 - Local Conditions","42660","Seattle-Tacoma-Bellevue, WA","53","Washington","033","King","47.55975","-122.338265"
"02/09/2020","AirNow","530330057","5","7.8","ug/m3 LC","33","SEATTLE - DUWAMISH","1","100.0000","88101","PM2.5 - Local Conditions","42660","Seattle-Tacoma-Bellevue, WA","53","Washington","033","King","47.55975","-122.338265"
"02/10/2020","AirNow","530330057","5","12","ug/m3 LC","50","SEATTLE - DUWAMISH","1","100.0000","88101","PM2.5 - Local Conditions","42660","Seattle-Tacoma-Bellevue, WA","53","Washington","033","King","47.55975","-122.338265"
"02/11/2020","AirNow","530330057","5","12","ug/m3 LC","50","SEATTLE - DUWAMISH","1","100.0000","88101","PM2.5 - Local Conditions","42660","Seattle-Tacoma-Bellevue, WA","53","Washington","033","King","47.55975","-122.338265"
"02/12/2020","AirNow","530330057","5","9.5","ug/m3 LC","40","SEATTLE - DUWAMISH","1","100.0000","88101","PM2.5 - Local Conditions","42660","Seattle-Tacoma-Bellevue, WA","53","Washington","033","King","47.55975","-122.338265"
"02/13/2020","AirNow","530330057","5","8.2","ug/m3 LC","34","SEATTLE - DUWAMISH","1","100.0000","88101","PM2.5 - Local Conditions","42660","Seattle-Tacoma-Bellevue, WA","53","Washington","033","King","47.55975","-122.338265"
"02/14/2020","AirNow","530330057","5","7.1","ug/m3 LC","30","SEATTLE - DUWAMISH","1","100.0000","88101","PM2.5 - Local Conditions","42660","Seattle-Tacoma-Bellevue, WA","53","Washington","033","King","47.55975","-122.338265"
"02/15/2020","AirNow","530330057","5","5.7","ug/m3 LC","24","SEATTLE - DUWAMISH","1","100.0000","88101","PM2.5 - Local Conditions","42660","Seattle-Tacoma-Bellevue, WA","53","Washington","033","King","47.55975","-122.338265"
"02/16/2020","AirNow","530330057","5","4.9","ug/m3 LC","20","SEATTLE - DUWAMISH","1","100.0000","88101","PM2.5 - Local Conditions","42660","Seattle-Tacoma-Bellevue, WA","53","Washington","033","King","47.55975","-122.338265"
"02/17/2020","AirNow","530330057","5","7.5","ug/m3 LC","31","SEATTLE - DUWAMISH","1","100.0000","88101","PM2.5 - Local Conditions","42660","Seattle-Tacoma-Bellevue, WA","53","Washington","033","King","47.55975","-122.338265"
"02/18/2020","AirNow","530330057","5","7.5","ug/m3 LC","31","SEATTLE - DUWAMISH","1","100.0000","88101","PM2.5 - Local Conditions","42660","Seattle-Tacoma-Bellevue, WA","53","Washington","033","King","47.55975","-122.338265"
"02/19/2020","AirNow","530330057","5","8.7","ug/m3 LC","36","SEATTLE - DUWAMISH","1","100.0000","88101","PM2.5 - Local Conditions","42660","Seattle-Tacoma-Bellevue, WA","53","Washington","033","King","47.55975","-122.338265"
"02/20/2020","AirNow","530330057","5","13.6","ug/m3 LC","54","SEATTLE - DUWAMISH","1","100.0000","88101","PM2.5 - Local Conditions","42660","Seattle-Tacoma-Bellevue, WA","53","Washington","033","King","47.55975","-122.338265"
"02/21/2020","AirNow","530330057","5","14","ug/m3 LC","55","SEATTLE - DUWAMISH","1","100.0000","88101","PM2.5 - Local Conditions","42660","Seattle-Tacoma-Bellevue, WA","53","Washington","033","King","47.55975","-122.338265"
"02/22/2020","AirNow","530330057","5","7.3","ug/m3 LC","30","SEATTLE - DUWAMISH","1","100.0000","88101","PM2.5 - Local Conditions","42660","Seattle-Tacoma-Bellevue, WA","53","Washington","033","King","47.55975","-122.338265"
"02/23/2020","AirNow","530330057","5","7.4","ug/m3 LC","31","SEATTLE - DUWAMISH","1","100.0000","88101","PM2.5 - Local Conditions","42660","Seattle-Tacoma-Bellevue, WA","53","Washington","033","King","47.55975","-122.338265"
"02/24/2020","AirNow","530330057","5","8.3","ug/m3 LC","35","SEATTLE - DUWAMISH","1","100.0000","88101","PM2.5 - Local Conditions","42660","Seattle-Tacoma-Bellevue, WA","53","Washington","033","King","47.55975","-122.338265"
"02/25/2020","AirNow","530330057","5","11.3","ug/m3 LC","47","SEATTLE - DUWAMISH","1","100.0000","88101","PM2.5 - Local Conditions","42660","Seattle-Tacoma-Bellevue, WA","53","Washington","033","King","47.55975","-122.338265"
"02/26/2020","AirNow","530330057","5","8","ug/m3 LC","33","SEATTLE - DUWAMISH","1","100.0000","88101","PM2.5 - Local Conditions","42660","Seattle-Tacoma-Bellevue, WA","53","Washington","033","King","47.55975","-122.338265"
"02/27/2020","AirNow","530330057","5","7.2","ug/m3 LC","30","SEATTLE - DUWAMISH","1","100.0000","88101","PM2.5 - Local Conditions","42660","Seattle-Tacoma-Bellevue, WA","53","Washington","033","King","47.55975","-122.338265"
"02/28/2020","AirNow","530330057","5","11","ug/m3 LC","46","SEATTLE - DUWAMISH","1","100.0000","88101","PM2.5 - Local Conditions","42660","Seattle-Tacoma-Bellevue, WA","53","Washington","033","King","47.55975","-122.338265"
"02/29/2020","AirNow","530330057","5","6.1","ug/m3 LC","25","SEATTLE - DUWAMISH","1","100.0000","88101","PM2.5 - Local Conditions","42660","Seattle-Tacoma-Bellevue, WA","53","Washington","033","King","47.55975","-122.338265"
"03/01/2020","AirNow","530330057","5","8.2","ug/m3 LC","34","SEATTLE - DUWAMISH","1","100.0000","88101","PM2.5 - Local Conditions","42660","Seattle-Tacoma-Bellevue, WA","53","Washington","033","King","47.55975","-122.338265"
"03/02/2020","AirNow","530330057","5","7.3","ug/m3 LC","30","SEATTLE - DUWAMISH","1","100.0000","88101","PM2.5 - Local Conditions","42660","Seattle-Tacoma-Bellevue, WA","53","Washington","033","King","47.55975","-122.338265"
"03/03/2020","AirNow","530330057","5","5.3","ug/m3 LC","22","SEATTLE - DUWAMISH","1","100.0000","88101","PM2.5 - Local Conditions","42660","Seattle-Tacoma-Bellevue, WA","53","Washington","033","King","47.55975","-122.338265"
"03/04/2020","AirNow","530330057","5","9.2","ug/m3 LC","38","SEATTLE - DUWAMISH","1","100.0000","88101","PM2.5 - Local Conditions","42660","Seattle-Tacoma-Bellevue, WA","53","Washington","033","King","47.55975","-122.338265"
"03/05/2020","AirNow","530330057","5","8.1","ug/m3 LC","34","SEATTLE - DUWAMISH","1","100.0000","88101","PM2.5 - Local Conditions","42660","Seattle-Tacoma-Bellevue, WA","53","Washington","033","King","47.55975","-122.338265"
"03/06/2020","AirNow","530330057","5","4.1","ug/m3 LC","17","SEATTLE - DUWAMISH","1","100.0000","88101","PM2.5 - Local Conditions","42660","Seattle-Tacoma-Bellevue, WA","53","Washington","033","King","47.55975","-122.338265"
"03/07/2020","AirNow","530330057","5","6.2","ug/m3 LC","26","SEATTLE - DUWAMISH","1","100.0000","88101","PM2.5 - Local Conditions","42660","Seattle-Tacoma-Bellevue, WA","53","Washington","033","King","47.55975","-122.338265"
"03/08/2020","AirNow","530330057","5","6.4","ug/m3 LC","27","SEATTLE - DUWAMISH","1","100.0000","88101","PM2.5 - Local Conditions","42660","Seattle-Tacoma-Bellevue, WA","53","Washington","033","King","47.55975","-122.338265"
"03/09/2020","AirNow","530330057","5","9.5","ug/m3 LC","40","SEATTLE - DUWAMISH","1","100.0000","88101","PM2.5 - Local Conditions","42660","Seattle-Tacoma-Bellevue, WA","53","Washington","033","King","47.55975","-122.338265"
"03/10/2020","AirNow","530330057","5","7","ug/m3 LC","29","SEATTLE - DUWAMISH","1","100.0000","88101","PM2.5 - Local Conditions","42660","Seattle-Tacoma-Bellevue, WA","53","Washington","033","King","47.55975","-122.338265"
"03/11/2020","AirNow","530330057","5","5.4","ug/m3 LC","23","SEATTLE - DUWAMISH","1","100.0000","88101","PM2.5 - Local Conditions","42660","Seattle-Tacoma-Bellevue, WA","53","Washington","033","King","47.55975","-122.338265"
"03/12/2020","AirNow","530330057","5","8.2","ug/m3 LC","34","SEATTLE - DUWAMISH","1","100.0000","88101","PM2.5 - Local Conditions","42660","Seattle-Tacoma-Bellevue, WA","53","Washington","033","King","47.55975","-122.338265"
"03/13/2020","AirNow","530330057","5","5.1","ug/m3 LC","21","SEATTLE - DUWAMISH","1","100.0000","88101","PM2.5 - Local Conditions","42660","Seattle-Tacoma-Bellevue, WA","53","Washington","033","King","47.55975","-122.338265"
"03/14/2020","AirNow","530330057","5","6","ug/m3 LC","25","SEATTLE - DUWAMISH","1","100.0000","88101","PM2.5 - Local Conditions","42660","Seattle-Tacoma-Bellevue, WA","53","Washington","033","King","47.55975","-122.338265"
"03/15/2020","AirNow","530330057","5","5.6","ug/m3 LC","23","SEATTLE - DUWAMISH","1","100.0000","88101","PM2.5 - Local Conditions","42660","Seattle-Tacoma-Bellevue, WA","53","Washington","033","King","47.55975","-122.338265"
"03/16/2020","AirNow","530330057","5","8.6","ug/m3 LC","36","SEATTLE - DUWAMISH","1","100.0000","88101","PM2.5 - Local Conditions","42660","Seattle-Tacoma-Bellevue, WA","53","Washington","033","King","47.55975","-122.338265"
"03/17/2020","AirNow","530330057","5","14.9","ug/m3 LC","57","SEATTLE - DUWAMISH","1","100.0000","88101","PM2.5 - Local Conditions","42660","Seattle-Tacoma-Bellevue, WA","53","Washington","033","King","47.55975","-122.338265"
"03/18/2020","AirNow","530330057","5","16.1","ug/m3 LC","59","SEATTLE - DUWAMISH","1","100.0000","88101","PM2.5 - Local Conditions","42660","Seattle-Tacoma-Bellevue, WA","53","Washington","033","King","47.55975","-122.338265"
"03/19/2020","AirNow","530330057","5","20.7","ug/m3 LC","69","SEATTLE - DUWAMISH","1","100.0000","88101","PM2.5 - Local Conditions","42660","Seattle-Tacoma-Bellevue, WA","53","Washington","033","King","47.55975","-122.338265"
"03/20/2020","AirNow","530330057","5","16.9","ug/m3 LC","61","SEATTLE - DUWAMISH","1","100.0000","88101","PM2.5 - Local Conditions","42660","Seattle-Tacoma-Bellevue, WA","53","Washington","033","King","47.55975","-122.338265"
"03/21/2020","AirNow","530330057","5","16","ug/m3 LC","59","SEATTLE - DUWAMISH","1","100.0000","88101","PM2.5 - Local Conditions","42660","Seattle-Tacoma-Bellevue, WA","53","Washington","033","King","47.55975","-122.338265"
"03/22/2020","AirNow","530330057","5","16.1","ug/m3 LC","59","SEATTLE - DUWAMISH","1","100.0000","88101","PM2.5 - Local Conditions","42660","Seattle-Tacoma-Bellevue, WA","53","Washington","033","King","47.55975","-122.338265"
"03/23/2020","AirNow","530330057","5","5.8","ug/m3 LC","24","SEATTLE - DUWAMISH","1","100.0000","88101","PM2.5 - Local Conditions","42660","Seattle-Tacoma-Bellevue, WA","53","Washington","033","King","47.55975","-122.338265"
"03/24/2020","AirNow","530330057","5","5.3","ug/m3 LC","22","SEATTLE - DUWAMISH","1","100.0000","88101","PM2.5 - Local Conditions","42660","Seattle-Tacoma-Bellevue, WA","53","Washington","033","King","47.55975","-122.338265"
"03/25/2020","AirNow","530330057","5","6.1","ug/m3 LC","25","SEATTLE - DUWAMISH","1","100.0000","88101","PM2.5 - Local Conditions","42660","Seattle-Tacoma-Bellevue, WA","53","Washington","033","King","47.55975","-122.338265"
"03/26/2020","AirNow","530330057","5","10.2","ug/m3 LC","43","SEATTLE - DUWAMISH","1","100.0000","88101","PM2.5 - Local Conditions","42660","Seattle-Tacoma-Bellevue, WA","53","Washington","033","King","47.55975","-122.338265"
"03/27/2020","AirNow","530330057","5","9.5","ug/m3 LC","40","SEATTLE - DUWAMISH","1","100.0000","88101","PM2.5 - Local Conditions","42660","Seattle-Tacoma-Bellevue, WA","53","Washington","033","King","47.55975","-122.338265"
"03/28/2020","AirNow","530330057","5","6.5","ug/m3 LC","27","SEATTLE - DUWAMISH","1","100.0000","88101","PM2.5 - Local Conditions","42660","Seattle-Tacoma-Bellevue, WA","53","Washington","033","King","47.55975","-122.338265"
"03/29/2020","AirNow","530330057","5","3.8","ug/m3 LC","16","SEATTLE - DUWAMISH","1","100.0000","88101","PM2.5 - Local Conditions","42660","Seattle-Tacoma-Bellevue, WA","53","Washington","033","King","47.55975","-122.338265"
"03/30/2020","AirNow","530330057","5","4.3","ug/m3 LC","18","SEATTLE - DUWAMISH","1","100.0000","88101","PM2.5 - Local Conditions","42660","Seattle-Tacoma-Bellevue, WA","53","Washington","033","King","47.55975","-122.338265"
"03/31/2020","AirNow","530330057","5","3.8","ug/m3 LC","16","SEATTLE - DUWAMISH","1","100.0000","88101","PM2.5 - Local Conditions","42660","Seattle-Tacoma-Bellevue, WA","53","Washington","033","King","47.55975","-122.338265"
"04/01/2020","AirNow","530330057","5","4.4","ug/m3 LC","18","SEATTLE - DUWAMISH","1","100.0000","88101","PM2.5 - Local Conditions","42660","Seattle-Tacoma-Bellevue, WA","53","Washington","033","King","47.55975","-122.338265"
"04/02/2020","AirNow","530330057","5","6.4","ug/m3 LC","27","SEATTLE - DUWAMISH","1","100.0000","88101","PM2.5 - Local Conditions","42660","Seattle-Tacoma-Bellevue, WA","53","Washington","033","King","47.55975","-122.338265"
"04/03/2020","AirNow","530330057","5","4.8","ug/m3 LC","20","SEATTLE - DUWAMISH","1","100.0000","88101","PM2.5 - Local Conditions","42660","Seattle-Tacoma-Bellevue, WA","53","Washington","033","King","47.55975","-122.338265"
"04/04/2020","AirNow","530330057","5","6","ug/m3 LC","25","SEATTLE - DUWAMISH","1","100.0000","88101","PM2.5 - Local Conditions","42660","Seattle-Tacoma-Bellevue, WA","53","Washington","033","King","47.55975","-122.338265"
"04/05/2020","AirNow","530330057","5","4.6","ug/m3 LC","19","SEATTLE - DUWAMISH","1","100.0000","88101","PM2.5 - Local Conditions","42660","Seattle-Tacoma-Bellevue, WA","53","Washington","033","King","47.55975","-122.338265"
"04/06/2020","AirNow","530330057","5","8","ug/m3 LC","33","SEATTLE - DUWAMISH","1","100.0000","88101","PM2.5 - Local Conditions","42660","Seattle-Tacoma-Bellevue, WA","53","Washington","033","King","47.55975","-122.338265"
"04/07/2020","AirNow","530330057","5","9.3","ug/m3 LC","39","SEATTLE - DUWAMISH","1","100.0000","88101","PM2.5 - Local Conditions","42660","Seattle-Tacoma-Bellevue, WA","53","Washington","033","King","47.55975","-122.338265"
"04/08/2020","AirNow","530330057","5","11.7","ug/m3 LC","49","SEATTLE - DUWAMISH","1","100.0000","88101","PM2.5 - Local Conditions","42660","Seattle-Tacoma-Bellevue, WA","53","Washington","033","King","47.55975","-122.338265"
"04/09/2020","AirNow","530330057","5","11.3","ug/m3 LC","47","SEATTLE - DUWAMISH","1","100.0000","88101","PM2.5 - Local Conditions","42660","Seattle-Tacoma-Bellevue, WA","53","Washington","033","King","47.55975","-122.338265"
"04/10/2020","AirNow","530330057","5","10.4","ug/m3 LC","43","SEATTLE - DUWAMISH","1","100.0000","88101","PM2.5 - Local Conditions","42660","Seattle-Tacoma-Bellevue, WA","53","Washington","033","King","47.55975","-122.338265"
"04/11/2020","AirNow","530330057","5","7.1","ug/m3 LC","30","SEATTLE - DUWAMISH","1","100.0000","88101","PM2.5 - Local Conditions","42660","Seattle-Tacoma-Bellevue, WA","53","Washington","033","King","47.55975","-122.338265"
"04/12/2020","AirNow","530330057","5","7.2","ug/m3 LC","30","SEATTLE - DUWAMISH","1","100.0000","88101","PM2.5 - Local Conditions","42660","Seattle-Tacoma-Bellevue, WA","53","Washington","033","King","47.55975","-122.338265"
"04/13/2020","AirNow","530330057","5","7.7","ug/m3 LC","32","SEATTLE - DUWAMISH","1","100.0000","88101","PM2.5 - Local Conditions","42660","Seattle-Tacoma-Bellevue, WA","53","Washington","033","King","47.55975","-122.338265"
"04/14/2020","AirNow","530330057","5","8","ug/m3 LC","33","SEATTLE - DUWAMISH","1","100.0000","88101","PM2.5 - Local Conditions","42660","Seattle-Tacoma-Bellevue, WA","53","Washington","033","King","47.55975","-122.338265"
"04/15/2020","AirNow","530330057","5","4.9","ug/m3 LC","20","SEATTLE - DUWAMISH","1","100.0000","88101","PM2.5 - Local Conditions","42660","Seattle-Tacoma-Bellevue, WA","53","Washington","033","King","47.55975","-122.338265"
"04/16/2020","AirNow","530330057","5","8.6","ug/m3 LC","36","SEATTLE - DUWAMISH","1","100.0000","88101","PM2.5 - Local Conditions","42660","Seattle-Tacoma-Bellevue, WA","53","Washington","033","King","47.55975","-122.338265"
"04/17/2020","AirNow","530330057","5","8.2","ug/m3 LC","34","SEATTLE - DUWAMISH","1","100.0000","88101","PM2.5 - Local Conditions","42660","Seattle-Tacoma-Bellevue, WA","53","Washington","033","King","47.55975","-122.338265"
"04/18/2020","AirNow","530330057","5","5","ug/m3 LC","21","SEATTLE - DUWAMISH","1","100.0000","88101","PM2.5 - Local Conditions","42660","Seattle-Tacoma-Bellevue, WA","53","Washington","033","King","47.55975","-122.338265"
"04/19/2020","AirNow","530330057","5","2.8","ug/m3 LC","12","SEATTLE - DUWAMISH","1","100.0000","88101","PM2.5 - Local Conditions","42660","Seattle-Tacoma-Bellevue, WA","53","Washington","033","King","47.55975","-122.338265"
"04/20/2020","AirNow","530330057","5","6.2","ug/m3 LC","26","SEATTLE - DUWAMISH","1","100.0000","88101","PM2.5 - Local Conditions","42660","Seattle-Tacoma-Bellevue, WA","53","Washington","033","King","47.55975","-122.338265"
"04/21/2020","AirNow","530330057","5","4.2","ug/m3 LC","18","SEATTLE - DUWAMISH","1","100.0000","88101","PM2.5 - Local Conditions","42660","Seattle-Tacoma-Bellevue, WA","53","Washington","033","King","47.55975","-122.338265"
"04/22/2020","AirNow","530330057","5","4.7","ug/m3 LC","20","SEATTLE - DUWAMISH","1","100.0000","88101","PM2.5 - Local Conditions","42660","Seattle-Tacoma-Bellevue, WA","53","Washington","033","King","47.55975","-122.338265"
"04/23/2020","AirNow","530330057","5","4.6","ug/m3 LC","19","SEATTLE - DUWAMISH","1","100.0000","88101","PM2.5 - Local Conditions","42660","Seattle-Tacoma-Bellevue, WA","53","Washington","033","King","47.55975","-122.338265"
"04/24/2020","AirNow","530330057","5","6.7","ug/m3 LC","28","SEATTLE - DUWAMISH","1","100.0000","88101","PM2.5 - Local Conditions","42660","Seattle-Tacoma-Bellevue, WA","53","Washington","033","King","47.55975","-122.338265"
"04/25/2020","AirNow","530330057","5","7.9","ug/m3 LC","33","SEATTLE - DUWAMISH","1","100.0000","88101","PM2.5 - Local Conditions","42660","Seattle-Tacoma-Bellevue, WA","53","Washington","033","King","47.55975","-122.338265"
"04/26/2020","AirNow","530330057","5","7.3","ug/m3 LC","30","SEATTLE - DUWAMISH","1","100.0000","88101","PM2.5 - Local Conditions","42660","Seattle-Tacoma-Bellevue, WA","53","Washington","033","King","47.55975","-122.338265"
"04/27/2020","AirNow","530330057","5","5.1","ug/m3 LC","21","SEATTLE - DUWAMISH","1","100.0000","88101","PM2.5 - Local Conditions","42660","Seattle-Tacoma-Bellevue, WA","53","Washington","033","King","47.55975","-122.338265"
"04/28/2020","AirNow","530330057","5","8","ug/m3 LC","33","SEATTLE - DUWAMISH","1","100.0000","88101","PM2.5 - Local Conditions","42660","Seattle-Tacoma-Bellevue, WA","53","Washington","033","King","47.55975","-122.338265"
"04/29/2020","AirNow","530330057","5","5.2","ug/m3 LC","22","SEATTLE - DUWAMISH","1","100.0000","88101","PM2.5 - Local Conditions","42660","Seattle-Tacoma-Bellevue, WA","53","Washington","033","King","47.55975","-122.338265"
"04/30/2020","AirNow","530330057","5","4.1","ug/m3 LC","17","SEATTLE - DUWAMISH","1","100.0000","88101","PM2.5 - Local Conditions","42660","Seattle-Tacoma-Bellevue, WA","53","Washington","033","King","47.55975","-122.338265"
"05/01/2020","AirNow","530330057","5","5.5","ug/m3 LC","23","SEATTLE - DUWAMISH","1","100.0000","88101","PM2.5 - Local Conditions","42660","Seattle-Tacoma-Bellevue, WA","53","Washington","033","King","47.55975","-122.338265"
"05/02/2020","AirNow","530330057","5","6.2","ug/m3 LC","26","SEATTLE - DUWAMISH","1","100.0000","88101","PM2.5 - Local Conditions","42660","Seattle-Tacoma-Bellevue, WA","53","Washington","033","King","47.55975","-122.338265"
"01/01/2020","AQS","530330069","4","4","ug/m3 LC","17","Tukwila Allentown","1","100.0000","88502","Acceptable PM2.5 AQI & Speciation Mass","42660","Seattle-Tacoma-Bellevue, WA","53","Washington","033","King","47.4985350009395","-122.278385"
"01/02/2020","AQS","530330069","4","4.4","ug/m3 LC","18","Tukwila Allentown","1","100.0000","88502","Acceptable PM2.5 AQI & Speciation Mass","42660","Seattle-Tacoma-Bellevue, WA","53","Washington","033","King","47.4985350009395","-122.278385"
"01/03/2020","AQS","530330069","4","5.8","ug/m3 LC","24","Tukwila Allentown","1","100.0000","88502","Acceptable PM2.5 AQI & Speciation Mass","42660","Seattle-Tacoma-Bellevue, WA","53","Washington","033","King","47.4985350009395","-122.278385"
"01/04/2020","AQS","530330069","4","3.4","ug/m3 LC","14","Tukwila Allentown","1","100.0000","88502","Acceptable PM2.5 AQI & Speciation Mass","42660","Seattle-Tacoma-Bellevue, WA","53","Washington","033","King","47.4985350009395","-122.278385"
"01/05/2020","AQS","530330069","4","3.5","ug/m3 LC","15","Tukwila Allentown","1","100.0000","88502","Acceptable PM2.5 AQI & Speciation Mass","42660","Seattle-Tacoma-Bellevue, WA","53","Washington","033","King","47.4985350009395","-122.278385"
"01/06/2020","AQS","530330069","4","2.5","ug/m3 LC","10","Tukwila Allentown","1","100.0000","88502","Acceptable PM2.5 AQI & Speciation Mass","42660","Seattle-Tacoma-Bellevue, WA","53","Washington","033","King","47.4985350009395","-122.278385"
"01/07/2020","AQS","530330069","4","2.6","ug/m3 LC","11","Tukwila Allentown","1","100.0000","88502","Acceptable PM2.5 AQI & Speciation Mass","42660","Seattle-Tacoma-Bellevue, WA","53","Washington","033","King","47.4985350009395","-122.278385"
"01/08/2020","AQS","530330069","4","3.8","ug/m3 LC","16","Tukwila Allentown","1","100.0000","88502","Acceptable PM2.5 AQI & Speciation Mass","42660","Seattle-Tacoma-Bellevue, WA","53","Washington","033","King","47.4985350009395","-122.278385"
"01/09/2020","AQS","530330069","4","10.4","ug/m3 LC","43","Tukwila Allentown","1","100.0000","88502","Acceptable PM2.5 AQI & Speciation Mass","42660","Seattle-Tacoma-Bellevue, WA","53","Washington","033","King","47.4985350009395","-122.278385"
"01/10/2020","AQS","530330069","4","5","ug/m3 LC","21","Tukwila Allentown","1","100.0000","88502","Acceptable PM2.5 AQI & Speciation Mass","42660","Seattle-Tacoma-Bellevue, WA","53","Washington","033","King","47.4985350009395","-122.278385"
"01/11/2020","AQS","530330069","4","3.7","ug/m3 LC","15","Tukwila Allentown","1","100.0000","88502","Acceptable PM2.5 AQI & Speciation Mass","42660","Seattle-Tacoma-Bellevue, WA","53","Washington","033","King","47.4985350009395","-122.278385"
"01/12/2020","AQS","530330069","4","2.9","ug/m3 LC","12","Tukwila Allentown","1","100.0000","88502","Acceptable PM2.5 AQI & Speciation Mass","42660","Seattle-Tacoma-Bellevue, WA","53","Washington","033","King","47.4985350009395","-122.278385"
"01/13/2020","AQS","530330069","4","5.2","ug/m3 LC","22","Tukwila Allentown","1","100.0000","88502","Acceptable PM2.5 AQI & Speciation Mass","42660","Seattle-Tacoma-Bellevue, WA","53","Washington","033","King","47.4985350009395","-122.278385"
"01/14/2020","AQS","530330069","4","4.7","ug/m3 LC","20","Tukwila Allentown","1","100.0000","88502","Acceptable PM2.5 AQI & Speciation Mass","42660","Seattle-Tacoma-Bellevue, WA","53","Washington","033","King","47.4985350009395","-122.278385"
"01/15/2020","AQS","530330069","4","3","ug/m3 LC","13","Tukwila Allentown","1","100.0000","88502","Acceptable PM2.5 AQI & Speciation Mass","42660","Seattle-Tacoma-Bellevue, WA","53","Washington","033","King","47.4985350009395","-122.278385"
"01/16/2020","AQS","530330069","4","4","ug/m3 LC","17","Tukwila Allentown","1","100.0000","88502","Acceptable PM2.5 AQI & Speciation Mass","42660","Seattle-Tacoma-Bellevue, WA","53","Washington","033","King","47.4985350009395","-122.278385"
"01/17/2020","AQS","530330069","4","6.1","ug/m3 LC","25","Tukwila Allentown","1","100.0000","88502","Acceptable PM2.5 AQI & Speciation Mass","42660","Seattle-Tacoma-Bellevue, WA","53","Washington","033","King","47.4985350009395","-122.278385"
"01/18/2020","AQS","530330069","4","4","ug/m3 LC","17","Tukwila Allentown","1","100.0000","88502","Acceptable PM2.5 AQI & Speciation Mass","42660","Seattle-Tacoma-Bellevue, WA","53","Washington","033","King","47.4985350009395","-122.278385"
"01/19/2020","AQS","530330069","4","8.9","ug/m3 LC","37","Tukwila Allentown","1","100.0000","88502","Acceptable PM2.5 AQI & Speciation Mass","42660","Seattle-Tacoma-Bellevue, WA","53","Washington","033","King","47.4985350009395","-122.278385"
"01/20/2020","AQS","530330069","4","10.4","ug/m3 LC","43","Tukwila Allentown","1","100.0000","88502","Acceptable PM2.5 AQI & Speciation Mass","42660","Seattle-Tacoma-Bellevue, WA","53","Washington","033","King","47.4985350009395","-122.278385"
"01/21/2020","AQS","530330069","4","4.9","ug/m3 LC","20","Tukwila Allentown","1","100.0000","88502","Acceptable PM2.5 AQI & Speciation Mass","42660","Seattle-Tacoma-Bellevue, WA","53","Washington","033","King","47.4985350009395","-122.278385"
"01/22/2020","AQS","530330069","4","4.1","ug/m3 LC","17","Tukwila Allentown","1","100.0000","88502","Acceptable PM2.5 AQI & Speciation Mass","42660","Seattle-Tacoma-Bellevue, WA","53","Washington","033","King","47.4985350009395","-122.278385"
"01/23/2020","AQS","530330069","4","4.6","ug/m3 LC","19","Tukwila Allentown","1","100.0000","88502","Acceptable PM2.5 AQI & Speciation Mass","42660","Seattle-Tacoma-Bellevue, WA","53","Washington","033","King","47.4985350009395","-122.278385"
"01/24/2020","AQS","530330069","4","3.7","ug/m3 LC","15","Tukwila Allentown","1","100.0000","88502","Acceptable PM2.5 AQI & Speciation Mass","42660","Seattle-Tacoma-Bellevue, WA","53","Washington","033","King","47.4985350009395","-122.278385"
"01/25/2020","AQS","530330069","4","5.7","ug/m3 LC","24","Tukwila Allentown","1","100.0000","88502","Acceptable PM2.5 AQI & Speciation Mass","42660","Seattle-Tacoma-Bellevue, WA","53","Washington","033","King","47.4985350009395","-122.278385"
"01/26/2020","AQS","530330069","4","4.3","ug/m3 LC","18","Tukwila Allentown","1","100.0000","88502","Acceptable PM2.5 AQI & Speciation Mass","42660","Seattle-Tacoma-Bellevue, WA","53","Washington","033","King","47.4985350009395","-122.278385"
"01/27/2020","AQS","530330069","4","3.9","ug/m3 LC","16","Tukwila Allentown","1","100.0000","88502","Acceptable PM2.5 AQI & Speciation Mass","42660","Seattle-Tacoma-Bellevue, WA","53","Washington","033","King","47.4985350009395","-122.278385"
"01/28/2020","AQS","530330069","4","4","ug/m3 LC","17","Tukwila Allentown","1","100.0000","88502","Acceptable PM2.5 AQI & Speciation Mass","42660","Seattle-Tacoma-Bellevue, WA","53","Washington","033","King","47.4985350009395","-122.278385"
"01/29/2020","AQS","530330069","4","5.9","ug/m3 LC","25","Tukwila Allentown","1","100.0000","88502","Acceptable PM2.5 AQI & Speciation Mass","42660","Seattle-Tacoma-Bellevue, WA","53","Washington","033","King","47.4985350009395","-122.278385"
"01/30/2020","AQS","530330069","4","7.4","ug/m3 LC","31","Tukwila Allentown","1","100.0000","88502","Acceptable PM2.5 AQI & Speciation Mass","42660","Seattle-Tacoma-Bellevue, WA","53","Washington","033","King","47.4985350009395","-122.278385"
"01/31/2020","AQS","530330069","4","3","ug/m3 LC","13","Tukwila Allentown","1","100.0000","88502","Acceptable PM2.5 AQI & Speciation Mass","42660","Seattle-Tacoma-Bellevue, WA","53","Washington","033","King","47.4985350009395","-122.278385"
"02/01/2020","AirNow","530330069","4","2.8","ug/m3 LC","12","Tukwila Allentown","1","100.0000","88502","Acceptable PM2.5 AQI & Speciation Mass","42660","Seattle-Tacoma-Bellevue, WA","53","Washington","033","King","47.4985350009395","-122.278385"
"02/02/2020","AirNow","530330069","4","6.9","ug/m3 LC","29","Tukwila Allentown","1","100.0000","88502","Acceptable PM2.5 AQI & Speciation Mass","42660","Seattle-Tacoma-Bellevue, WA","53","Washington","033","King","47.4985350009395","-122.278385"
"02/03/2020","AirNow","530330069","4","6.4","ug/m3 LC","27","Tukwila Allentown","1","100.0000","88502","Acceptable PM2.5 AQI & Speciation Mass","42660","Seattle-Tacoma-Bellevue, WA","53","Washington","033","King","47.4985350009395","-122.278385"
"02/04/2020","AirNow","530330069","4","7.1","ug/m3 LC","30","Tukwila Allentown","1","100.0000","88502","Acceptable PM2.5 AQI & Speciation Mass","42660","Seattle-Tacoma-Bellevue, WA","53","Washington","033","King","47.4985350009395","-122.278385"
"02/05/2020","AirNow","530330069","4","3.4","ug/m3 LC","14","Tukwila Allentown","1","100.0000","88502","Acceptable PM2.5 AQI & Speciation Mass","42660","Seattle-Tacoma-Bellevue, WA","53","Washington","033","King","47.4985350009395","-122.278385"
"02/06/2020","AirNow","530330069","4","4.9","ug/m3 LC","20","Tukwila Allentown","1","100.0000","88502","Acceptable PM2.5 AQI & Speciation Mass","42660","Seattle-Tacoma-Bellevue, WA","53","Washington","033","King","47.4985350009395","-122.278385"
"02/07/2020","AirNow","530330069","4","4.5","ug/m3 LC","19","Tukwila Allentown","1","100.0000","88502","Acceptable PM2.5 AQI & Speciation Mass","42660","Seattle-Tacoma-Bellevue, WA","53","Washington","033","King","47.4985350009395","-122.278385"
"02/08/2020","AirNow","530330069","4","3.9","ug/m3 LC","16","Tukwila Allentown","1","100.0000","88502","Acceptable PM2.5 AQI & Speciation Mass","42660","Seattle-Tacoma-Bellevue, WA","53","Washington","033","King","47.4985350009395","-122.278385"
"02/09/2020","AirNow","530330069","4","10.1","ug/m3 LC","42","Tukwila Allentown","1","100.0000","88502","Acceptable PM2.5 AQI & Speciation Mass","42660","Seattle-Tacoma-Bellevue, WA","53","Washington","033","King","47.4985350009395","-122.278385"
"02/10/2020","AirNow","530330069","4","10.8","ug/m3 LC","45","Tukwila Allentown","1","100.0000","88502","Acceptable PM2.5 AQI & Speciation Mass","42660","Seattle-Tacoma-Bellevue, WA","53","Washington","033","King","47.4985350009395","-122.278385"
"02/11/2020","AirNow","530330069","4","8.9","ug/m3 LC","37","Tukwila Allentown","1","100.0000","88502","Acceptable PM2.5 AQI & Speciation Mass","42660","Seattle-Tacoma-Bellevue, WA","53","Washington","033","King","47.4985350009395","-122.278385"
"02/12/2020","AirNow","530330069","4","8.7","ug/m3 LC","36","Tukwila Allentown","1","100.0000","88502","Acceptable PM2.5 AQI & Speciation Mass","42660","Seattle-Tacoma-Bellevue, WA","53","Washington","033","King","47.4985350009395","-122.278385"
"02/13/2020","AirNow","530330069","4","5.9","ug/m3 LC","25","Tukwila Allentown","1","100.0000","88502","Acceptable PM2.5 AQI & Speciation Mass","42660","Seattle-Tacoma-Bellevue, WA","53","Washington","033","King","47.4985350009395","-122.278385"
"02/14/2020","AirNow","530330069","4","3.3","ug/m3 LC","14","Tukwila Allentown","1","100.0000","88502","Acceptable PM2.5 AQI & Speciation Mass","42660","Seattle-Tacoma-Bellevue, WA","53","Washington","033","King","47.4985350009395","-122.278385"
"02/15/2020","AirNow","530330069","4","2.9","ug/m3 LC","12","Tukwila Allentown","1","100.0000","88502","Acceptable PM2.5 AQI & Speciation Mass","42660","Seattle-Tacoma-Bellevue, WA","53","Washington","033","King","47.4985350009395","-122.278385"
"02/16/2020","AirNow","530330069","4","3.5","ug/m3 LC","15","Tukwila Allentown","1","100.0000","88502","Acceptable PM2.5 AQI & Speciation Mass","42660","Seattle-Tacoma-Bellevue, WA","53","Washington","033","King","47.4985350009395","-122.278385"
"02/17/2020","AirNow","530330069","4","6.1","ug/m3 LC","25","Tukwila Allentown","1","100.0000","88502","Acceptable PM2.5 AQI & Speciation Mass","42660","Seattle-Tacoma-Bellevue, WA","53","Washington","033","King","47.4985350009395","-122.278385"
"02/18/2020","AirNow","530330069","4","6.8","ug/m3 LC","28","Tukwila Allentown","1","100.0000","88502","Acceptable PM2.5 AQI & Speciation Mass","42660","Seattle-Tacoma-Bellevue, WA","53","Washington","033","King","47.4985350009395","-122.278385"
"02/19/2020","AirNow","530330069","4","6.1","ug/m3 LC","25","Tukwila Allentown","1","100.0000","88502","Acceptable PM2.5 AQI & Speciation Mass","42660","Seattle-Tacoma-Bellevue, WA","53","Washington","033","King","47.4985350009395","-122.278385"
"02/20/2020","AirNow","530330069","4","9.2","ug/m3 LC","38","Tukwila Allentown","1","100.0000","88502","Acceptable PM2.5 AQI & Speciation Mass","42660","Seattle-Tacoma-Bellevue, WA","53","Washington","033","King","47.4985350009395","-122.278385"
"02/21/2020","AirNow","530330069","4","9.6","ug/m3 LC","40","Tukwila Allentown","1","100.0000","88502","Acceptable PM2.5 AQI & Speciation Mass","42660","Seattle-Tacoma-Bellevue, WA","53","Washington","033","King","47.4985350009395","-122.278385"
"02/22/2020","AirNow","530330069","4","7.4","ug/m3 LC","31","Tukwila Allentown","1","100.0000","88502","Acceptable PM2.5 AQI & Speciation Mass","42660","Seattle-Tacoma-Bellevue, WA","53","Washington","033","King","47.4985350009395","-122.278385"
"02/23/2020","AirNow","530330069","4","5.7","ug/m3 LC","24","Tukwila Allentown","1","100.0000","88502","Acceptable PM2.5 AQI & Speciation Mass","42660","Seattle-Tacoma-Bellevue, WA","53","Washington","033","King","47.4985350009395","-122.278385"
"02/24/2020","AirNow","530330069","4","5.7","ug/m3 LC","24","Tukwila Allentown","1","100.0000","88502","Acceptable PM2.5 AQI & Speciation Mass","42660","Seattle-Tacoma-Bellevue, WA","53","Washington","033","King","47.4985350009395","-122.278385"
"02/25/2020","AirNow","530330069","4","8","ug/m3 LC","33","Tukwila Allentown","1","100.0000","88502","Acceptable PM2.5 AQI & Speciation Mass","42660","Seattle-Tacoma-Bellevue, WA","53","Washington","033","King","47.4985350009395","-122.278385"
"02/26/2020","AirNow","530330069","4","6.9","ug/m3 LC","29","Tukwila Allentown","1","100.0000","88502","Acceptable PM2.5 AQI & Speciation Mass","42660","Seattle-Tacoma-Bellevue, WA","53","Washington","033","King","47.4985350009395","-122.278385"
"02/27/2020","AirNow","530330069","4","6.3","ug/m3 LC","26","Tukwila Allentown","1","100.0000","88502","Acceptable PM2.5 AQI & Speciation Mass","42660","Seattle-Tacoma-Bellevue, WA","53","Washington","033","King","47.4985350009395","-122.278385"
"02/28/2020","AirNow","530330069","4","8.1","ug/m3 LC","34","Tukwila Allentown","1","100.0000","88502","Acceptable PM2.5 AQI & Speciation Mass","42660","Seattle-Tacoma-Bellevue, WA","53","Washington","033","King","47.4985350009395","-122.278385"
"02/29/2020","AirNow","530330069","4","3.7","ug/m3 LC","15","Tukwila Allentown","1","100.0000","88502","Acceptable PM2.5 AQI & Speciation Mass","42660","Seattle-Tacoma-Bellevue, WA","53","Washington","033","King","47.4985350009395","-122.278385"
"03/01/2020","AirNow","530330069","4","7","ug/m3 LC","29","Tukwila Allentown","1","100.0000","88502","Acceptable PM2.5 AQI & Speciation Mass","42660","Seattle-Tacoma-Bellevue, WA","53","Washington","033","King","47.4985350009395","-122.278385"
"03/02/2020","AirNow","530330069","4","3.4","ug/m3 LC","14","Tukwila Allentown","1","100.0000","88502","Acceptable PM2.5 AQI & Speciation Mass","42660","Seattle-Tacoma-Bellevue, WA","53","Washington","033","King","47.4985350009395","-122.278385"
"03/03/2020","AirNow","530330069","4","2.4","ug/m3 LC","10","Tukwila Allentown","1","100.0000","88502","Acceptable PM2.5 AQI & Speciation Mass","42660","Seattle-Tacoma-Bellevue, WA","53","Washington","033","King","47.4985350009395","-122.278385"
"03/04/2020","AirNow","530330069","4","6.2","ug/m3 LC","26","Tukwila Allentown","1","100.0000","88502","Acceptable PM2.5 AQI & Speciation Mass","42660","Seattle-Tacoma-Bellevue, WA","53","Washington","033","King","47.4985350009395","-122.278385"
"03/05/2020","AirNow","530330069","4","6","ug/m3 LC","25","Tukwila Allentown","1","100.0000","88502","Acceptable PM2.5 AQI & Speciation Mass","42660","Seattle-Tacoma-Bellevue, WA","53","Washington","033","King","47.4985350009395","-122.278385"
"03/06/2020","AirNow","530330069","4","4.6","ug/m3 LC","19","Tukwila Allentown","1","100.0000","88502","Acceptable PM2.5 AQI & Speciation Mass","42660","Seattle-Tacoma-Bellevue, WA","53","Washington","033","King","47.4985350009395","-122.278385"
"03/07/2020","AirNow","530330069","4","7.7","ug/m3 LC","32","Tukwila Allentown","1","100.0000","88502","Acceptable PM2.5 AQI & Speciation Mass","42660","Seattle-Tacoma-Bellevue, WA","53","Washington","033","King","47.4985350009395","-122.278385"
"03/08/2020","AirNow","530330069","4","5.2","ug/m3 LC","22","Tukwila Allentown","1","100.0000","88502","Acceptable PM2.5 AQI & Speciation Mass","42660","Seattle-Tacoma-Bellevue, WA","53","Washington","033","King","47.4985350009395","-122.278385"
"03/09/2020","AirNow","530330069","4","8.3","ug/m3 LC","35","Tukwila Allentown","1","100.0000","88502","Acceptable PM2.5 AQI & Speciation Mass","42660","Seattle-Tacoma-Bellevue, WA","53","Washington","033","King","47.4985350009395","-122.278385"
"03/10/2020","AirNow","530330069","4","5.1","ug/m3 LC","21","Tukwila Allentown","1","100.0000","88502","Acceptable PM2.5 AQI & Speciation Mass","42660","Seattle-Tacoma-Bellevue, WA","53","Washington","033","King","47.4985350009395","-122.278385"
"03/11/2020","AirNow","530330069","4","5","ug/m3 LC","21","Tukwila Allentown","1","100.0000","88502","Acceptable PM2.5 AQI & Speciation Mass","42660","Seattle-Tacoma-Bellevue, WA","53","Washington","033","King","47.4985350009395","-122.278385"
"03/12/2020","AirNow","530330069","4","6.8","ug/m3 LC","28","Tukwila Allentown","1","100.0000","88502","Acceptable PM2.5 AQI & Speciation Mass","42660","Seattle-Tacoma-Bellevue, WA","53","Washington","033","King","47.4985350009395","-122.278385"
"03/13/2020","AirNow","530330069","4","5.1","ug/m3 LC","21","Tukwila Allentown","1","100.0000","88502","Acceptable PM2.5 AQI & Speciation Mass","42660","Seattle-Tacoma-Bellevue, WA","53","Washington","033","King","47.4985350009395","-122.278385"
"03/14/2020","AirNow","530330069","4","4.7","ug/m3 LC","20","Tukwila Allentown","1","100.0000","88502","Acceptable PM2.5 AQI & Speciation Mass","42660","Seattle-Tacoma-Bellevue, WA","53","Washington","033","King","47.4985350009395","-122.278385"
"03/15/2020","AirNow","530330069","4","4.7","ug/m3 LC","20","Tukwila Allentown","1","100.0000","88502","Acceptable PM2.5 AQI & Speciation Mass","42660","Seattle-Tacoma-Bellevue, WA","53","Washington","033","King","47.4985350009395","-122.278385"
"03/16/2020","AirNow","530330069","4","5.7","ug/m3 LC","24","Tukwila Allentown","1","100.0000","88502","Acceptable PM2.5 AQI & Speciation Mass","42660","Seattle-Tacoma-Bellevue, WA","53","Washington","033","King","47.4985350009395","-122.278385"
"03/17/2020","AirNow","530330069","4","9.9","ug/m3 LC","41","Tukwila Allentown","1","100.0000","88502","Acceptable PM2.5 AQI & Speciation Mass","42660","Seattle-Tacoma-Bellevue, WA","53","Washington","033","King","47.4985350009395","-122.278385"
"03/18/2020","AirNow","530330069","4","12.7","ug/m3 LC","52","Tukwila Allentown","1","100.0000","88502","Acceptable PM2.5 AQI & Speciation Mass","42660","Seattle-Tacoma-Bellevue, WA","53","Washington","033","King","47.4985350009395","-122.278385"
"03/19/2020","AirNow","530330069","4","14.5","ug/m3 LC","56","Tukwila Allentown","1","100.0000","88502","Acceptable PM2.5 AQI & Speciation Mass","42660","Seattle-Tacoma-Bellevue, WA","53","Washington","033","King","47.4985350009395","-122.278385"
"03/20/2020","AirNow","530330069","4","13.2","ug/m3 LC","53","Tukwila Allentown","1","100.0000","88502","Acceptable PM2.5 AQI & Speciation Mass","42660","Seattle-Tacoma-Bellevue, WA","53","Washington","033","King","47.4985350009395","-122.278385"
"03/21/2020","AirNow","530330069","4","14.5","ug/m3 LC","56","Tukwila Allentown","1","100.0000","88502","Acceptable PM2.5 AQI & Speciation Mass","42660","Seattle-Tacoma-Bellevue, WA","53","Washington","033","King","47.4985350009395","-122.278385"
"03/22/2020","AirNow","530330069","4","13.1","ug/m3 LC","53","Tukwila Allentown","1","100.0000","88502","Acceptable PM2.5 AQI & Speciation Mass","42660","Seattle-Tacoma-Bellevue, WA","53","Washington","033","King","47.4985350009395","-122.278385"
"03/23/2020","AirNow","530330069","4","3.2","ug/m3 LC","13","Tukwila Allentown","1","100.0000","88502","Acceptable PM2.5 AQI & Speciation Mass","42660","Seattle-Tacoma-Bellevue, WA","53","Washington","033","King","47.4985350009395","-122.278385"
"03/24/2020","AirNow","530330069","4","3.7","ug/m3 LC","15","Tukwila Allentown","1","100.0000","88502","Acceptable PM2.5 AQI & Speciation Mass","42660","Seattle-Tacoma-Bellevue, WA","53","Washington","033","King","47.4985350009395","-122.278385"
"03/25/2020","AirNow","530330069","4","4.4","ug/m3 LC","18","Tukwila Allentown","1","100.0000","88502","Acceptable PM2.5 AQI & Speciation Mass","42660","Seattle-Tacoma-Bellevue, WA","53","Washington","033","King","47.4985350009395","-122.278385"
"03/26/2020","AirNow","530330069","4","5.9","ug/m3 LC","25","Tukwila Allentown","1","100.0000","88502","Acceptable PM2.5 AQI & Speciation Mass","42660","Seattle-Tacoma-Bellevue, WA","53","Washington","033","King","47.4985350009395","-122.278385"
"03/27/2020","AirNow","530330069","4","5.4","ug/m3 LC","23","Tukwila Allentown","1","100.0000","88502","Acceptable PM2.5 AQI & Speciation Mass","42660","Seattle-Tacoma-Bellevue, WA","53","Washington","033","King","47.4985350009395","-122.278385"
"03/28/2020","AirNow","530330069","4","2.8","ug/m3 LC","12","Tukwila Allentown","1","100.0000","88502","Acceptable PM2.5 AQI & Speciation Mass","42660","Seattle-Tacoma-Bellevue, WA","53","Washington","033","King","47.4985350009395","-122.278385"
"03/29/2020","AirNow","530330069","4","2.6","ug/m3 LC","11","Tukwila Allentown","1","100.0000","88502","Acceptable PM2.5 AQI & Speciation Mass","42660","Seattle-Tacoma-Bellevue, WA","53","Washington","033","King","47.4985350009395","-122.278385"
"03/30/2020","AirNow","530330069","4","2.7","ug/m3 LC","11","Tukwila Allentown","1","100.0000","88502","Acceptable PM2.5 AQI & Speciation Mass","42660","Seattle-Tacoma-Bellevue, WA","53","Washington","033","King","47.4985350009395","-122.278385"
"03/31/2020","AirNow","530330069","4","2.9","ug/m3 LC","12","Tukwila Allentown","1","100.0000","88502","Acceptable PM2.5 AQI & Speciation Mass","42660","Seattle-Tacoma-Bellevue, WA","53","Washington","033","King","47.4985350009395","-122.278385"
"04/01/2020","AirNow","530330069","4","4","ug/m3 LC","17","Tukwila Allentown","1","100.0000","88502","Acceptable PM2.5 AQI & Speciation Mass","42660","Seattle-Tacoma-Bellevue, WA","53","Washington","033","King","47.4985350009395","-122.278385"
"04/02/2020","AirNow","530330069","4","5","ug/m3 LC","21","Tukwila Allentown","1","100.0000","88502","Acceptable PM2.5 AQI & Speciation Mass","42660","Seattle-Tacoma-Bellevue, WA","53","Washington","033","King","47.4985350009395","-122.278385"
"04/03/2020","AirNow","530330069","4","3.8","ug/m3 LC","16","Tukwila Allentown","1","100.0000","88502","Acceptable PM2.5 AQI & Speciation Mass","42660","Seattle-Tacoma-Bellevue, WA","53","Washington","033","King","47.4985350009395","-122.278385"
"04/04/2020","AirNow","530330069","4","5.5","ug/m3 LC","23","Tukwila Allentown","1","100.0000","88502","Acceptable PM2.5 AQI & Speciation Mass","42660","Seattle-Tacoma-Bellevue, WA","53","Washington","033","King","47.4985350009395","-122.278385"
"04/05/2020","AirNow","530330069","4","4.5","ug/m3 LC","19","Tukwila Allentown","1","100.0000","88502","Acceptable PM2.5 AQI & Speciation Mass","42660","Seattle-Tacoma-Bellevue, WA","53","Washington","033","King","47.4985350009395","-122.278385"
"04/06/2020","AirNow","530330069","4","6.7","ug/m3 LC","28","Tukwila Allentown","1","100.0000","88502","Acceptable PM2.5 AQI & Speciation Mass","42660","Seattle-Tacoma-Bellevue, WA","53","Washington","033","King","47.4985350009395","-122.278385"
"04/11/2020","AirNow","530330069","4","5.7","ug/m3 LC","24","Tukwila Allentown","1","100.0000","88502","Acceptable PM2.5 AQI & Speciation Mass","42660","Seattle-Tacoma-Bellevue, WA","53","Washington","033","King","47.4985350009395","-122.278385"
"04/12/2020","AirNow","530330069","4","6.7","ug/m3 LC","28","Tukwila Allentown","1","100.0000","88502","Acceptable PM2.5 AQI & Speciation Mass","42660","Seattle-Tacoma-Bellevue, WA","53","Washington","033","King","47.4985350009395","-122.278385"
"04/13/2020","AirNow","530330069","4","6.8","ug/m3 LC","28","Tukwila Allentown","1","100.0000","88502","Acceptable PM2.5 AQI & Speciation Mass","42660","Seattle-Tacoma-Bellevue, WA","53","Washington","033","King","47.4985350009395","-122.278385"
"04/14/2020","AirNow","530330069","4","6.3","ug/m3 LC","26","Tukwila Allentown","1","100.0000","88502","Acceptable PM2.5 AQI & Speciation Mass","42660","Seattle-Tacoma-Bellevue, WA","53","Washington","033","King","47.4985350009395","-122.278385"
"04/15/2020","AirNow","530330069","4","5.4","ug/m3 LC","23","Tukwila Allentown","1","100.0000","88502","Acceptable PM2.5 AQI & Speciation Mass","42660","Seattle-Tacoma-Bellevue, WA","53","Washington","033","King","47.4985350009395","-122.278385"
"04/16/2020","AirNow","530330069","4","6.1","ug/m3 LC","25","Tukwila Allentown","1","100.0000","88502","Acceptable PM2.5 AQI & Speciation Mass","42660","Seattle-Tacoma-Bellevue, WA","53","Washington","033","King","47.4985350009395","-122.278385"
"04/17/2020","AirNow","530330069","4","6.2","ug/m3 LC","26","Tukwila Allentown","1","100.0000","88502","Acceptable PM2.5 AQI & Speciation Mass","42660","Seattle-Tacoma-Bellevue, WA","53","Washington","033","King","47.4985350009395","-122.278385"
"04/18/2020","AirNow","530330069","4","5.2","ug/m3 LC","22","Tukwila Allentown","1","100.0000","88502","Acceptable PM2.5 AQI & Speciation Mass","42660","Seattle-Tacoma-Bellevue, WA","53","Washington","033","King","47.4985350009395","-122.278385"
"04/19/2020","AirNow","530330069","4","3.2","ug/m3 LC","13","Tukwila Allentown","1","100.0000","88502","Acceptable PM2.5 AQI & Speciation Mass","42660","Seattle-Tacoma-Bellevue, WA","53","Washington","033","King","47.4985350009395","-122.278385"
"04/20/2020","AirNow","530330069","4","6.4","ug/m3 LC","27","Tukwila Allentown","1","100.0000","88502","Acceptable PM2.5 AQI & Speciation Mass","42660","Seattle-Tacoma-Bellevue, WA","53","Washington","033","King","47.4985350009395","-122.278385"
"04/21/2020","AirNow","530330069","4","2.9","ug/m3 LC","12","Tukwila Allentown","1","100.0000","88502","Acceptable PM2.5 AQI & Speciation Mass","42660","Seattle-Tacoma-Bellevue, WA","53","Washington","033","King","47.4985350009395","-122.278385"
"04/22/2020","AirNow","530330069","4","3.8","ug/m3 LC","16","Tukwila Allentown","1","100.0000","88502","Acceptable PM2.5 AQI & Speciation Mass","42660","Seattle-Tacoma-Bellevue, WA","53","Washington","033","King","47.4985350009395","-122.278385"
"04/23/2020","AirNow","530330069","4","3.1","ug/m3 LC","13","Tukwila Allentown","1","100.0000","88502","Acceptable PM2.5 AQI & Speciation Mass","42660","Seattle-Tacoma-Bellevue, WA","53","Washington","033","King","47.4985350009395","-122.278385"
"04/24/2020","AirNow","530330069","4","6.5","ug/m3 LC","27","Tukwila Allentown","1","100.0000","88502","Acceptable PM2.5 AQI & Speciation Mass","42660","Seattle-Tacoma-Bellevue, WA","53","Washington","033","King","47.4985350009395","-122.278385"
"04/25/2020","AirNow","530330069","4","6.6","ug/m3 LC","28","Tukwila Allentown","1","100.0000","88502","Acceptable PM2.5 AQI & Speciation Mass","42660","Seattle-Tacoma-Bellevue, WA","53","Washington","033","King","47.4985350009395","-122.278385"
"04/26/2020","AirNow","530330069","4","5.8","ug/m3 LC","24","Tukwila Allentown","1","100.0000","88502","Acceptable PM2.5 AQI & Speciation Mass","42660","Seattle-Tacoma-Bellevue, WA","53","Washington","033","King","47.4985350009395","-122.278385"
"04/27/2020","AirNow","530330069","4","3.8","ug/m3 LC","16","Tukwila Allentown","1","100.0000","88502","Acceptable PM2.5 AQI & Speciation Mass","42660","Seattle-Tacoma-Bellevue, WA","53","Washington","033","King","47.4985350009395","-122.278385"
"04/28/2020","AirNow","530330069","4","6.6","ug/m3 LC","28","Tukwila Allentown","1","100.0000","88502","Acceptable PM2.5 AQI & Speciation Mass","42660","Seattle-Tacoma-Bellevue, WA","53","Washington","033","King","47.4985350009395","-122.278385"
"04/29/2020","AirNow","530330069","4","4.6","ug/m3 LC","19","Tukwila Allentown","1","100.0000","88502","Acceptable PM2.5 AQI & Speciation Mass","42660","Seattle-Tacoma-Bellevue, WA","53","Washington","033","King","47.4985350009395","-122.278385"
"04/30/2020","AirNow","530330069","4","3.3","ug/m3 LC","14","Tukwila Allentown","1","100.0000","88502","Acceptable PM2.5 AQI & Speciation Mass","42660","Seattle-Tacoma-Bellevue, WA","53","Washington","033","King","47.4985350009395","-122.278385"
"05/01/2020","AirNow","530330069","4","6.2","ug/m3 LC","26","Tukwila Allentown","1","100.0000","88502","Acceptable PM2.5 AQI & Speciation Mass","42660","Seattle-Tacoma-Bellevue, WA","53","Washington","033","King","47.4985350009395","-122.278385"
"05/02/2020","AirNow","530330069","4","5.5","ug/m3 LC","23","Tukwila Allentown","1","100.0000","88502","Acceptable PM2.5 AQI & Speciation Mass","42660","Seattle-Tacoma-Bellevue, WA","53","Washington","033","King","47.4985350009395","-122.278385"
"01/01/2020","AQS","530330080","1","2","ug/m3 LC","8","SEATTLE - BEACON HILL","1","100.0000","88101","PM2.5 - Local Conditions","42660","Seattle-Tacoma-Bellevue, WA","53","Washington","033","King","47.568236","-122.308628"
"01/04/2020","AQS","530330080","1","2.2","ug/m3 LC","9","SEATTLE - BEACON HILL","1","100.0000","88101","PM2.5 - Local Conditions","42660","Seattle-Tacoma-Bellevue, WA","53","Washington","033","King","47.568236","-122.308628"
"01/07/2020","AQS","530330080","1","1.2","ug/m3 LC","5","SEATTLE - BEACON HILL","1","100.0000","88101","PM2.5 - Local Conditions","42660","Seattle-Tacoma-Bellevue, WA","53","Washington","033","King","47.568236","-122.308628"
"01/10/2020","AQS","530330080","1","1.7","ug/m3 LC","7","SEATTLE - BEACON HILL","1","100.0000","88101","PM2.5 - Local Conditions","42660","Seattle-Tacoma-Bellevue, WA","53","Washington","033","King","47.568236","-122.308628"
"01/13/2020","AQS","530330080","1","4.3","ug/m3 LC","18","SEATTLE - BEACON HILL","1","100.0000","88101","PM2.5 - Local Conditions","42660","Seattle-Tacoma-Bellevue, WA","53","Washington","033","King","47.568236","-122.308628"
"01/16/2020","AQS","530330080","1","3.2","ug/m3 LC","13","SEATTLE - BEACON HILL","1","100.0000","88101","PM2.5 - Local Conditions","42660","Seattle-Tacoma-Bellevue, WA","53","Washington","033","King","47.568236","-122.308628"
"01/19/2020","AQS","530330080","1","2.5","ug/m3 LC","10","SEATTLE - BEACON HILL","1","100.0000","88101","PM2.5 - Local Conditions","42660","Seattle-Tacoma-Bellevue, WA","53","Washington","033","King","47.568236","-122.308628"
"01/22/2020","AQS","530330080","1","2.3","ug/m3 LC","10","SEATTLE - BEACON HILL","1","100.0000","88101","PM2.5 - Local Conditions","42660","Seattle-Tacoma-Bellevue, WA","53","Washington","033","King","47.568236","-122.308628"
"01/25/2020","AQS","530330080","1","2.6","ug/m3 LC","11","SEATTLE - BEACON HILL","1","100.0000","88101","PM2.5 - Local Conditions","42660","Seattle-Tacoma-Bellevue, WA","53","Washington","033","King","47.568236","-122.308628"
"01/28/2020","AQS","530330080","1","2.5","ug/m3 LC","10","SEATTLE - BEACON HILL","1","100.0000","88101","PM2.5 - Local Conditions","42660","Seattle-Tacoma-Bellevue, WA","53","Washington","033","King","47.568236","-122.308628"
"01/31/2020","AQS","530330080","1","1.2","ug/m3 LC","5","SEATTLE - BEACON HILL","1","100.0000","88101","PM2.5 - Local Conditions","42660","Seattle-Tacoma-Bellevue, WA","53","Washington","033","King","47.568236","-122.308628"
"01/01/2020","AirNow","530330080","3","2.1","ug/m3 LC","9","SEATTLE - BEACON HILL","1","100.0000","88101","PM2.5 - Local Conditions","42660","Seattle-Tacoma-Bellevue, WA","53","Washington","033","King","47.568236","-122.308628"
"04/13/2020","AirNow","530330080","5","3.3","ug/m3 LC","14","SEATTLE - BEACON HILL","1","100.0000","88101","PM2.5 - Local Conditions","42660","Seattle-Tacoma-Bellevue, WA","53","Washington","033","King","47.568236","-122.308628"
"04/14/2020","AirNow","530330080","5","4.3","ug/m3 LC","18","SEATTLE - BEACON HILL","1","100.0000","88101","PM2.5 - Local Conditions","42660","Seattle-Tacoma-Bellevue, WA","53","Washington","033","King","47.568236","-122.308628"
"04/15/2020","AirNow","530330080","5","1","ug/m3 LC","4","SEATTLE - BEACON HILL","1","100.0000","88101","PM2.5 - Local Conditions","42660","Seattle-Tacoma-Bellevue, WA","53","Washington","033","King","47.568236","-122.308628"
"04/16/2020","AirNow","530330080","5","3.5","ug/m3 LC","15","SEATTLE - BEACON HILL","1","100.0000","88101","PM2.5 - Local Conditions","42660","Seattle-Tacoma-Bellevue, WA","53","Washington","033","King","47.568236","-122.308628"
"04/17/2020","AirNow","530330080","5","3.5","ug/m3 LC","15","SEATTLE - BEACON HILL","1","100.0000","88101","PM2.5 - Local Conditions","42660","Seattle-Tacoma-Bellevue, WA","53","Washington","033","King","47.568236","-122.308628"
"04/18/2020","AirNow","530330080","5","3.3","ug/m3 LC","14","SEATTLE - BEACON HILL","1","100.0000","88101","PM2.5 - Local Conditions","42660","Seattle-Tacoma-Bellevue, WA","53","Washington","033","King","47.568236","-122.308628"
"04/19/2020","AirNow","530330080","5","0.5","ug/m3 LC","2","SEATTLE - BEACON HILL","1","100.0000","88101","PM2.5 - Local Conditions","42660","Seattle-Tacoma-Bellevue, WA","53","Washington","033","King","47.568236","-122.308628"
"04/20/2020","AirNow","530330080","5","3.1","ug/m3 LC","13","SEATTLE - BEACON HILL","1","100.0000","88101","PM2.5 - Local Conditions","42660","Seattle-Tacoma-Bellevue, WA","53","Washington","033","King","47.568236","-122.308628"
"04/21/2020","AirNow","530330080","5","0.2","ug/m3 LC","1","SEATTLE - BEACON HILL","1","100.0000","88101","PM2.5 - Local Conditions","42660","Seattle-Tacoma-Bellevue, WA","53","Washington","033","King","47.568236","-122.308628"
"04/22/2020","AirNow","530330080","5","1.5","ug/m3 LC","6","SEATTLE - BEACON HILL","1","100.0000","88101","PM2.5 - Local Conditions","42660","Seattle-Tacoma-Bellevue, WA","53","Washington","033","King","47.568236","-122.308628"
"04/23/2020","AirNow","530330080","5","1.1","ug/m3 LC","5","SEATTLE - BEACON HILL","1","100.0000","88101","PM2.5 - Local Conditions","42660","Seattle-Tacoma-Bellevue, WA","53","Washington","033","King","47.568236","-122.308628"
"04/24/2020","AirNow","530330080","5","2.2","ug/m3 LC","9","SEATTLE - BEACON HILL","1","100.0000","88101","PM2.5 - Local Conditions","42660","Seattle-Tacoma-Bellevue, WA","53","Washington","033","King","47.568236","-122.308628"
"04/25/2020","AirNow","530330080","5","4","ug/m3 LC","17","SEATTLE - BEACON HILL","1","100.0000","88101","PM2.5 - Local Conditions","42660","Seattle-Tacoma-Bellevue, WA","53","Washington","033","King","47.568236","-122.308628"
"04/26/2020","AirNow","530330080","5","4.3","ug/m3 LC","18","SEATTLE - BEACON HILL","1","100.0000","88101","PM2.5 - Local Conditions","42660","Seattle-Tacoma-Bellevue, WA","53","Washington","033","King","47.568236","-122.308628"
"04/27/2020","AirNow","530330080","5","1.9","ug/m3 LC","8","SEATTLE - BEACON HILL","1","100.0000","88101","PM2.5 - Local Conditions","42660","Seattle-Tacoma-Bellevue, WA","53","Washington","033","King","47.568236","-122.308628"
"04/28/2020","AirNow","530330080","5","4.2","ug/m3 LC","18","SEATTLE - BEACON HILL","1","100.0000","88101","PM2.5 - Local Conditions","42660","Seattle-Tacoma-Bellevue, WA","53","Washington","033","King","47.568236","-122.308628"
"04/29/2020","AirNow","530330080","5","2.6","ug/m3 LC","11","SEATTLE - BEACON HILL","1","100.0000","88101","PM2.5 - Local Conditions","42660","Seattle-Tacoma-Bellevue, WA","53","Washington","033","King","47.568236","-122.308628"
"04/30/2020","AirNow","530330080","5","0.5","ug/m3 LC","2","SEATTLE - BEACON HILL","1","100.0000","88101","PM2.5 - Local Conditions","42660","Seattle-Tacoma-Bellevue, WA","53","Washington","033","King","47.568236","-122.308628"
"05/01/2020","AirNow","530330080","5","1.8","ug/m3 LC","8","SEATTLE - BEACON HILL","1","100.0000","88101","PM2.5 - Local Conditions","42660","Seattle-Tacoma-Bellevue, WA","53","Washington","033","King","47.568236","-122.308628"
"05/02/2020","AirNow","530330080","5","2.9","ug/m3 LC","12","SEATTLE - BEACON HILL","1","100.0000","88101","PM2.5 - Local Conditions","42660","Seattle-Tacoma-Bellevue, WA","53","Washington","033","King","47.568236","-122.308628"
"01/01/2020","AQS","530330089","5","1.7","ug/m3 LC","7","Auburn M St SE","1","100.0000","88101","PM2.5 - Local Conditions","42660","Seattle-Tacoma-Bellevue, WA","53","Washington","033","King","47.28750000094","-122.2144"
"01/02/2020","AQS","530330089","5","2.9","ug/m3 LC","12","Auburn M St SE","1","100.0000","88101","PM2.5 - Local Conditions","42660","Seattle-Tacoma-Bellevue, WA","53","Washington","033","King","47.28750000094","-122.2144"
"01/03/2020","AQS","530330089","5","4.5","ug/m3 LC","19","Auburn M St SE","1","100.0000","88101","PM2.5 - Local Conditions","42660","Seattle-Tacoma-Bellevue, WA","53","Washington","033","King","47.28750000094","-122.2144"
"01/04/2020","AQS","530330089","5","2.2","ug/m3 LC","9","Auburn M St SE","1","100.0000","88101","PM2.5 - Local Conditions","42660","Seattle-Tacoma-Bellevue, WA","53","Washington","033","King","47.28750000094","-122.2144"
"01/05/2020","AQS","530330089","5","1.7","ug/m3 LC","7","Auburn M St SE","1","100.0000","88101","PM2.5 - Local Conditions","42660","Seattle-Tacoma-Bellevue, WA","53","Washington","033","King","47.28750000094","-122.2144"
"01/06/2020","AQS","530330089","5","-0.1","ug/m3 LC","0","Auburn M St SE","1","100.0000","88101","PM2.5 - Local Conditions","42660","Seattle-Tacoma-Bellevue, WA","53","Washington","033","King","47.28750000094","-122.2144"
"01/07/2020","AQS","530330089","5","-0.1","ug/m3 LC","0","Auburn M St SE","1","100.0000","88101","PM2.5 - Local Conditions","42660","Seattle-Tacoma-Bellevue, WA","53","Washington","033","King","47.28750000094","-122.2144"
"01/08/2020","AQS","530330089","5","2.2","ug/m3 LC","9","Auburn M St SE","1","100.0000","88101","PM2.5 - Local Conditions","42660","Seattle-Tacoma-Bellevue, WA","53","Washington","033","King","47.28750000094","-122.2144"
"01/09/2020","AQS","530330089","5","6.6","ug/m3 LC","28","Auburn M St SE","1","100.0000","88101","PM2.5 - Local Conditions","42660","Seattle-Tacoma-Bellevue, WA","53","Washington","033","King","47.28750000094","-122.2144"
"01/10/2020","AQS","530330089","5","2.2","ug/m3 LC","9","Auburn M St SE","1","100.0000","88101","PM2.5 - Local Conditions","42660","Seattle-Tacoma-Bellevue, WA","53","Washington","033","King","47.28750000094","-122.2144"
"01/11/2020","AQS","530330089","5","3.2","ug/m3 LC","13","Auburn M St SE","1","100.0000","88101","PM2.5 - Local Conditions","42660","Seattle-Tacoma-Bellevue, WA","53","Washington","033","King","47.28750000094","-122.2144"
"01/12/2020","AQS","530330089","5","1.9","ug/m3 LC","8","Auburn M St SE","1","100.0000","88101","PM2.5 - Local Conditions","42660","Seattle-Tacoma-Bellevue, WA","53","Washington","033","King","47.28750000094","-122.2144"
"01/13/2020","AQS","530330089","5","4.5","ug/m3 LC","19","Auburn M St SE","1","100.0000","88101","PM2.5 - Local Conditions","42660","Seattle-Tacoma-Bellevue, WA","53","Washington","033","King","47.28750000094","-122.2144"
"01/14/2020","AQS","530330089","5","3.1","ug/m3 LC","13","Auburn M St SE","1","100.0000","88101","PM2.5 - Local Conditions","42660","Seattle-Tacoma-Bellevue, WA","53","Washington","033","King","47.28750000094","-122.2144"
"01/15/2020","AQS","530330089","5","1.3","ug/m3 LC","5","Auburn M St SE","1","100.0000","88101","PM2.5 - Local Conditions","42660","Seattle-Tacoma-Bellevue, WA","53","Washington","033","King","47.28750000094","-122.2144"
"01/16/2020","AQS","530330089","5","2.7","ug/m3 LC","11","Auburn M St SE","1","100.0000","88101","PM2.5 - Local Conditions","42660","Seattle-Tacoma-Bellevue, WA","53","Washington","033","King","47.28750000094","-122.2144"
"01/17/2020","AQS","530330089","5","4.5","ug/m3 LC","19","Auburn M St SE","1","100.0000","88101","PM2.5 - Local Conditions","42660","Seattle-Tacoma-Bellevue, WA","53","Washington","033","King","47.28750000094","-122.2144"
"01/18/2020","AQS","530330089","5","2.8","ug/m3 LC","12","Auburn M St SE","1","100.0000","88101","PM2.5 - Local Conditions","42660","Seattle-Tacoma-Bellevue, WA","53","Washington","033","King","47.28750000094","-122.2144"
"01/19/2020","AQS","530330089","5","8.1","ug/m3 LC","34","Auburn M St SE","1","100.0000","88101","PM2.5 - Local Conditions","42660","Seattle-Tacoma-Bellevue, WA","53","Washington","033","King","47.28750000094","-122.2144"
"01/20/2020","AQS","530330089","5","13.5","ug/m3 LC","54","Auburn M St SE","1","100.0000","88101","PM2.5 - Local Conditions","42660","Seattle-Tacoma-Bellevue, WA","53","Washington","033","King","47.28750000094","-122.2144"
"01/21/2020","AQS","530330089","5","4","ug/m3 LC","17","Auburn M St SE","1","100.0000","88101","PM2.5 - Local Conditions","42660","Seattle-Tacoma-Bellevue, WA","53","Washington","033","King","47.28750000094","-122.2144"
"01/22/2020","AQS","530330089","5","2.7","ug/m3 LC","11","Auburn M St SE","1","100.0000","88101","PM2.5 - Local Conditions","42660","Seattle-Tacoma-Bellevue, WA","53","Washington","033","King","47.28750000094","-122.2144"
"01/23/2020","AQS","530330089","5","2.7","ug/m3 LC","11","Auburn M St SE","1","100.0000","88101","PM2.5 - Local Conditions","42660","Seattle-Tacoma-Bellevue, WA","53","Washington","033","King","47.28750000094","-122.2144"
"01/24/2020","AQS","530330089","5","0.9","ug/m3 LC","4","Auburn M St SE","1","100.0000","88101","PM2.5 - Local Conditions","42660","Seattle-Tacoma-Bellevue, WA","53","Washington","033","King","47.28750000094","-122.2144"
"01/25/2020","AQS","530330089","5","4.7","ug/m3 LC","20","Auburn M St SE","1","100.0000","88101","PM2.5 - Local Conditions","42660","Seattle-Tacoma-Bellevue, WA","53","Washington","033","King","47.28750000094","-122.2144"
"01/26/2020","AQS","530330089","5","2.9","ug/m3 LC","12","Auburn M St SE","1","100.0000","88101","PM2.5 - Local Conditions","42660","Seattle-Tacoma-Bellevue, WA","53","Washington","033","King","47.28750000094","-122.2144"
"01/27/2020","AQS","530330089","5","1.6","ug/m3 LC","7","Auburn M St SE","1","100.0000","88101","PM2.5 - Local Conditions","42660","Seattle-Tacoma-Bellevue, WA","53","Washington","033","King","47.28750000094","-122.2144"
"01/28/2020","AQS","530330089","5","2.7","ug/m3 LC","11","Auburn M St SE","1","100.0000","88101","PM2.5 - Local Conditions","42660","Seattle-Tacoma-Bellevue, WA","53","Washington","033","King","47.28750000094","-122.2144"
"01/29/2020","AQS","530330089","5","2.6","ug/m3 LC","11","Auburn M St SE","1","100.0000","88101","PM2.5 - Local Conditions","42660","Seattle-Tacoma-Bellevue, WA","53","Washington","033","King","47.28750000094","-122.2144"
"01/30/2020","AQS","530330089","5","3.7","ug/m3 LC","15","Auburn M St SE","1","100.0000","88101","PM2.5 - Local Conditions","42660","Seattle-Tacoma-Bellevue, WA","53","Washington","033","King","47.28750000094","-122.2144"
"01/31/2020","AQS","530330089","5","1.1","ug/m3 LC","5","Auburn M St SE","1","100.0000","88101","PM2.5 - Local Conditions","42660","Seattle-Tacoma-Bellevue, WA","53","Washington","033","King","47.28750000094","-122.2144"
"02/01/2020","AirNow","530330089","5","2.2","ug/m3 LC","9","Auburn M St SE","1","100.0000","88101","PM2.5 - Local Conditions","42660","Seattle-Tacoma-Bellevue, WA","53","Washington","033","King","47.28750000094","-122.2144"
"02/02/2020","AirNow","530330089","5","6.7","ug/m3 LC","28","Auburn M St SE","1","100.0000","88101","PM2.5 - Local Conditions","42660","Seattle-Tacoma-Bellevue, WA","53","Washington","033","King","47.28750000094","-122.2144"
"02/03/2020","AirNow","530330089","5","7.3","ug/m3 LC","30","Auburn M St SE","1","100.0000","88101","PM2.5 - Local Conditions","42660","Seattle-Tacoma-Bellevue, WA","53","Washington","033","King","47.28750000094","-122.2144"
"02/04/2020","AirNow","530330089","5","6.8","ug/m3 LC","28","Auburn M St SE","1","100.0000","88101","PM2.5 - Local Conditions","42660","Seattle-Tacoma-Bellevue, WA","53","Washington","033","King","47.28750000094","-122.2144"
"02/05/2020","AirNow","530330089","5","0.2","ug/m3 LC","1","Auburn M St SE","1","100.0000","88101","PM2.5 - Local Conditions","42660","Seattle-Tacoma-Bellevue, WA","53","Washington","033","King","47.28750000094","-122.2144"
"02/06/2020","AirNow","530330089","5","1","ug/m3 LC","4","Auburn M St SE","1","100.0000","88101","PM2.5 - Local Conditions","42660","Seattle-Tacoma-Bellevue, WA","53","Washington","033","King","47.28750000094","-122.2144"
"02/07/2020","AirNow","530330089","5","0.6","ug/m3 LC","3","Auburn M St SE","1","100.0000","88101","PM2.5 - Local Conditions","42660","Seattle-Tacoma-Bellevue, WA","53","Washington","033","King","47.28750000094","-122.2144"
"02/08/2020","AirNow","530330089","5","4.8","ug/m3 LC","20","Auburn M St SE","1","100.0000","88101","PM2.5 - Local Conditions","42660","Seattle-Tacoma-Bellevue, WA","53","Washington","033","King","47.28750000094","-122.2144"
"02/09/2020","AirNow","530330089","5","5.6","ug/m3 LC","23","Auburn M St SE","1","100.0000","88101","PM2.5 - Local Conditions","42660","Seattle-Tacoma-Bellevue, WA","53","Washington","033","King","47.28750000094","-122.2144"
"02/10/2020","AirNow","530330089","5","10.6","ug/m3 LC","44","Auburn M St SE","1","100.0000","88101","PM2.5 - Local Conditions","42660","Seattle-Tacoma-Bellevue, WA","53","Washington","033","King","47.28750000094","-122.2144"
"02/11/2020","AirNow","530330089","5","5.9","ug/m3 LC","25","Auburn M St SE","1","100.0000","88101","PM2.5 - Local Conditions","42660","Seattle-Tacoma-Bellevue, WA","53","Washington","033","King","47.28750000094","-122.2144"
"02/12/2020","AirNow","530330089","5","3","ug/m3 LC","13","Auburn M St SE","1","100.0000","88101","PM2.5 - Local Conditions","42660","Seattle-Tacoma-Bellevue, WA","53","Washington","033","King","47.28750000094","-122.2144"
"02/13/2020","AirNow","530330089","5","3.5","ug/m3 LC","15","Auburn M St SE","1","100.0000","88101","PM2.5 - Local Conditions","42660","Seattle-Tacoma-Bellevue, WA","53","Washington","033","King","47.28750000094","-122.2144"
"02/14/2020","AirNow","530330089","5","1.7","ug/m3 LC","7","Auburn M St SE","1","100.0000","88101","PM2.5 - Local Conditions","42660","Seattle-Tacoma-Bellevue, WA","53","Washington","033","King","47.28750000094","-122.2144"
"02/15/2020","AirNow","530330089","5","0.3","ug/m3 LC","1","Auburn M St SE","1","100.0000","88101","PM2.5 - Local Conditions","42660","Seattle-Tacoma-Bellevue, WA","53","Washington","033","King","47.28750000094","-122.2144"
"02/16/2020","AirNow","530330089","5","3.1","ug/m3 LC","13","Auburn M St SE","1","100.0000","88101","PM2.5 - Local Conditions","42660","Seattle-Tacoma-Bellevue, WA","53","Washington","033","King","47.28750000094","-122.2144"
"02/17/2020","AirNow","530330089","5","3.7","ug/m3 LC","15","Auburn M St SE","1","100.0000","88101","PM2.5 - Local Conditions","42660","Seattle-Tacoma-Bellevue, WA","53","Washington","033","King","47.28750000094","-122.2144"
"02/18/2020","AirNow","530330089","5","5.8","ug/m3 LC","24","Auburn M St SE","1","100.0000","88101","PM2.5 - Local Conditions","42660","Seattle-Tacoma-Bellevue, WA","53","Washington","033","King","47.28750000094","-122.2144"
"02/19/2020","AirNow","530330089","5","8.3","ug/m3 LC","35","Auburn M St SE","1","100.0000","88101","PM2.5 - Local Conditions","42660","Seattle-Tacoma-Bellevue, WA","53","Washington","033","King","47.28750000094","-122.2144"
"02/20/2020","AirNow","530330089","5","7.7","ug/m3 LC","32","Auburn M St SE","1","100.0000","88101","PM2.5 - Local Conditions","42660","Seattle-Tacoma-Bellevue, WA","53","Washington","033","King","47.28750000094","-122.2144"
"02/21/2020","AirNow","530330089","5","9.2","ug/m3 LC","38","Auburn M St SE","1","100.0000","88101","PM2.5 - Local Conditions","42660","Seattle-Tacoma-Bellevue, WA","53","Washington","033","King","47.28750000094","-122.2144"
"02/22/2020","AirNow","530330089","5","6.9","ug/m3 LC","29","Auburn M St SE","1","100.0000","88101","PM2.5 - Local Conditions","42660","Seattle-Tacoma-Bellevue, WA","53","Washington","033","King","47.28750000094","-122.2144"
"02/23/2020","AirNow","530330089","5","5","ug/m3 LC","21","Auburn M St SE","1","100.0000","88101","PM2.5 - Local Conditions","42660","Seattle-Tacoma-Bellevue, WA","53","Washington","033","King","47.28750000094","-122.2144"
"02/24/2020","AirNow","530330089","5","5.3","ug/m3 LC","22","Auburn M St SE","1","100.0000","88101","PM2.5 - Local Conditions","42660","Seattle-Tacoma-Bellevue, WA","53","Washington","033","King","47.28750000094","-122.2144"
"02/25/2020","AirNow","530330089","5","6.1","ug/m3 LC","25","Auburn M St SE","1","100.0000","88101","PM2.5 - Local Conditions","42660","Seattle-Tacoma-Bellevue, WA","53","Washington","033","King","47.28750000094","-122.2144"
"02/26/2020","AirNow","530330089","5","4","ug/m3 LC","17","Auburn M St SE","1","100.0000","88101","PM2.5 - Local Conditions","42660","Seattle-Tacoma-Bellevue, WA","53","Washington","033","King","47.28750000094","-122.2144"
"02/27/2020","AirNow","530330089","5","6.7","ug/m3 LC","28","Auburn M St SE","1","100.0000","88101","PM2.5 - Local Conditions","42660","Seattle-Tacoma-Bellevue, WA","53","Washington","033","King","47.28750000094","-122.2144"
"02/28/2020","AirNow","530330089","5","6.6","ug/m3 LC","28","Auburn M St SE","1","100.0000","88101","PM2.5 - Local Conditions","42660","Seattle-Tacoma-Bellevue, WA","53","Washington","033","King","47.28750000094","-122.2144"
"02/29/2020","AirNow","530330089","5","2.2","ug/m3 LC","9","Auburn M St SE","1","100.0000","88101","PM2.5 - Local Conditions","42660","Seattle-Tacoma-Bellevue, WA","53","Washington","033","King","47.28750000094","-122.2144"
"03/01/2020","AirNow","530330089","5","5.3","ug/m3 LC","22","Auburn M St SE","1","100.0000","88101","PM2.5 - Local Conditions","42660","Seattle-Tacoma-Bellevue, WA","53","Washington","033","King","47.28750000094","-122.2144"
"03/02/2020","AirNow","530330089","5","2","ug/m3 LC","8","Auburn M St SE","1","100.0000","88101","PM2.5 - Local Conditions","42660","Seattle-Tacoma-Bellevue, WA","53","Washington","033","King","47.28750000094","-122.2144"
"03/03/2020","AirNow","530330089","5","0","ug/m3 LC","0","Auburn M St SE","1","100.0000","88101","PM2.5 - Local Conditions","42660","Seattle-Tacoma-Bellevue, WA","53","Washington","033","King","47.28750000094","-122.2144"
"03/04/2020","AirNow","530330089","5","6.5","ug/m3 LC","27","Auburn M St SE","1","100.0000","88101","PM2.5 - Local Conditions","42660","Seattle-Tacoma-Bellevue, WA","53","Washington","033","King","47.28750000094","-122.2144"
"03/05/2020","AirNow","530330089","5","4.7","ug/m3 LC","20","Auburn M St SE","1","100.0000","88101","PM2.5 - Local Conditions","42660","Seattle-Tacoma-Bellevue, WA","53","Washington","033","King","47.28750000094","-122.2144"
"03/06/2020","AirNow","530330089","5","3.2","ug/m3 LC","13","Auburn M St SE","1","100.0000","88101","PM2.5 - Local Conditions","42660","Seattle-Tacoma-Bellevue, WA","53","Washington","033","King","47.28750000094","-122.2144"
"03/07/2020","AirNow","530330089","5","4.5","ug/m3 LC","19","Auburn M St SE","1","100.0000","88101","PM2.5 - Local Conditions","42660","Seattle-Tacoma-Bellevue, WA","53","Washington","033","King","47.28750000094","-122.2144"
"03/08/2020","AirNow","530330089","5","4.3","ug/m3 LC","18","Auburn M St SE","1","100.0000","88101","PM2.5 - Local Conditions","42660","Seattle-Tacoma-Bellevue, WA","53","Washington","033","King","47.28750000094","-122.2144"
"03/09/2020","AirNow","530330089","5","8.7","ug/m3 LC","36","Auburn M St SE","1","100.0000","88101","PM2.5 - Local Conditions","42660","Seattle-Tacoma-Bellevue, WA","53","Washington","033","King","47.28750000094","-122.2144"
"03/10/2020","AirNow","530330089","5","3.6","ug/m3 LC","15","Auburn M St SE","1","100.0000","88101","PM2.5 - Local Conditions","42660","Seattle-Tacoma-Bellevue, WA","53","Washington","033","King","47.28750000094","-122.2144"
"03/11/2020","AirNow","530330089","5","2.8","ug/m3 LC","12","Auburn M St SE","1","100.0000","88101","PM2.5 - Local Conditions","42660","Seattle-Tacoma-Bellevue, WA","53","Washington","033","King","47.28750000094","-122.2144"
"03/12/2020","AirNow","530330089","5","5.2","ug/m3 LC","22","Auburn M St SE","1","100.0000","88101","PM2.5 - Local Conditions","42660","Seattle-Tacoma-Bellevue, WA","53","Washington","033","King","47.28750000094","-122.2144"
"03/13/2020","AirNow","530330089","5","4.4","ug/m3 LC","18","Auburn M St SE","1","100.0000","88101","PM2.5 - Local Conditions","42660","Seattle-Tacoma-Bellevue, WA","53","Washington","033","King","47.28750000094","-122.2144"
"03/14/2020","AirNow","530330089","5","2.2","ug/m3 LC","9","Auburn M St SE","1","100.0000","88101","PM2.5 - Local Conditions","42660","Seattle-Tacoma-Bellevue, WA","53","Washington","033","King","47.28750000094","-122.2144"
"03/15/2020","AirNow","530330089","5","2.9","ug/m3 LC","12","Auburn M St SE","1","100.0000","88101","PM2.5 - Local Conditions","42660","Seattle-Tacoma-Bellevue, WA","53","Washington","033","King","47.28750000094","-122.2144"
"03/16/2020","AirNow","530330089","5","5.6","ug/m3 LC","23","Auburn M St SE","1","100.0000","88101","PM2.5 - Local Conditions","42660","Seattle-Tacoma-Bellevue, WA","53","Washington","033","King","47.28750000094","-122.2144"
"03/17/2020","AirNow","530330089","5","8.6","ug/m3 LC","36","Auburn M St SE","1","100.0000","88101","PM2.5 - Local Conditions","42660","Seattle-Tacoma-Bellevue, WA","53","Washington","033","King","47.28750000094","-122.2144"
"03/18/2020","AirNow","530330089","5","11.4","ug/m3 LC","48","Auburn M St SE","1","100.0000","88101","PM2.5 - Local Conditions","42660","Seattle-Tacoma-Bellevue, WA","53","Washington","033","King","47.28750000094","-122.2144"
"03/19/2020","AirNow","530330089","5","11.3","ug/m3 LC","47","Auburn M St SE","1","100.0000","88101","PM2.5 - Local Conditions","42660","Seattle-Tacoma-Bellevue, WA","53","Washington","033","King","47.28750000094","-122.2144"
"03/20/2020","AirNow","530330089","5","14.7","ug/m3 LC","56","Auburn M St SE","1","100.0000","88101","PM2.5 - Local Conditions","42660","Seattle-Tacoma-Bellevue, WA","53","Washington","033","King","47.28750000094","-122.2144"
"03/21/2020","AirNow","530330089","5","13.4","ug/m3 LC","54","Auburn M St SE","1","100.0000","88101","PM2.5 - Local Conditions","42660","Seattle-Tacoma-Bellevue, WA","53","Washington","033","King","47.28750000094","-122.2144"
"03/22/2020","AirNow","530330089","5","12.2","ug/m3 LC","51","Auburn M St SE","1","100.0000","88101","PM2.5 - Local Conditions","42660","Seattle-Tacoma-Bellevue, WA","53","Washington","033","King","47.28750000094","-122.2144"
"03/23/2020","AirNow","530330089","5","1","ug/m3 LC","4","Auburn M St SE","1","100.0000","88101","PM2.5 - Local Conditions","42660","Seattle-Tacoma-Bellevue, WA","53","Washington","033","King","47.28750000094","-122.2144"
"03/24/2020","AirNow","530330089","5","2.2","ug/m3 LC","9","Auburn M St SE","1","100.0000","88101","PM2.5 - Local Conditions","42660","Seattle-Tacoma-Bellevue, WA","53","Washington","033","King","47.28750000094","-122.2144"
"03/25/2020","AirNow","530330089","5","2.2","ug/m3 LC","9","Auburn M St SE","1","100.0000","88101","PM2.5 - Local Conditions","42660","Seattle-Tacoma-Bellevue, WA","53","Washington","033","King","47.28750000094","-122.2144"
"03/26/2020","AirNow","530330089","5","4.2","ug/m3 LC","18","Auburn M St SE","1","100.0000","88101","PM2.5 - Local Conditions","42660","Seattle-Tacoma-Bellevue, WA","53","Washington","033","King","47.28750000094","-122.2144"
"03/27/2020","AirNow","530330089","5","4.1","ug/m3 LC","17","Auburn M St SE","1","100.0000","88101","PM2.5 - Local Conditions","42660","Seattle-Tacoma-Bellevue, WA","53","Washington","033","King","47.28750000094","-122.2144"
"03/28/2020","AirNow","530330089","5","0.2","ug/m3 LC","1","Auburn M St SE","1","100.0000","88101","PM2.5 - Local Conditions","42660","Seattle-Tacoma-Bellevue, WA","53","Washington","033","King","47.28750000094","-122.2144"
"03/29/2020","AirNow","530330089","5","0","ug/m3 LC","0","Auburn M St SE","1","100.0000","88101","PM2.5 - Local Conditions","42660","Seattle-Tacoma-Bellevue, WA","53","Washington","033","King","47.28750000094","-122.2144"
"03/30/2020","AirNow","530330089","5","1.2","ug/m3 LC","5","Auburn M St SE","1","100.0000","88101","PM2.5 - Local Conditions","42660","Seattle-Tacoma-Bellevue, WA","53","Washington","033","King","47.28750000094","-122.2144"
"03/31/2020","AirNow","530330089","5","2.1","ug/m3 LC","9","Auburn M St SE","1","100.0000","88101","PM2.5 - Local Conditions","42660","Seattle-Tacoma-Bellevue, WA","53","Washington","033","King","47.28750000094","-122.2144"
"04/01/2020","AirNow","530330089","5","3.1","ug/m3 LC","13","Auburn M St SE","1","100.0000","88101","PM2.5 - Local Conditions","42660","Seattle-Tacoma-Bellevue, WA","53","Washington","033","King","47.28750000094","-122.2144"
"04/02/2020","AirNow","530330089","5","3.5","ug/m3 LC","15","Auburn M St SE","1","100.0000","88101","PM2.5 - Local Conditions","42660","Seattle-Tacoma-Bellevue, WA","53","Washington","033","King","47.28750000094","-122.2144"
"04/03/2020","AirNow","530330089","5","1.8","ug/m3 LC","8","Auburn M St SE","1","100.0000","88101","PM2.5 - Local Conditions","42660","Seattle-Tacoma-Bellevue, WA","53","Washington","033","King","47.28750000094","-122.2144"
"04/04/2020","AirNow","530330089","5","4.5","ug/m3 LC","19","Auburn M St SE","1","100.0000","88101","PM2.5 - Local Conditions","42660","Seattle-Tacoma-Bellevue, WA","53","Washington","033","King","47.28750000094","-122.2144"
"04/05/2020","AirNow","530330089","5","4.5","ug/m3 LC","19","Auburn M St SE","1","100.0000","88101","PM2.5 - Local Conditions","42660","Seattle-Tacoma-Bellevue, WA","53","Washington","033","King","47.28750000094","-122.2144"
"04/06/2020","AirNow","530330089","5","7","ug/m3 LC","29","Auburn M St SE","1","100.0000","88101","PM2.5 - Local Conditions","42660","Seattle-Tacoma-Bellevue, WA","53","Washington","033","King","47.28750000094","-122.2144"
"01/01/2020","AQS","530331011","4","4.7","ug/m3 LC","20","SEATTLE - SOUTH PARK #2","1","100.0000","88502","Acceptable PM2.5 AQI & Speciation Mass","42660","Seattle-Tacoma-Bellevue, WA","53","Washington","033","King","47.53091","-122.3208"
"01/02/2020","AQS","530331011","4","5.3","ug/m3 LC","22","SEATTLE - SOUTH PARK #2","1","100.0000","88502","Acceptable PM2.5 AQI & Speciation Mass","42660","Seattle-Tacoma-Bellevue, WA","53","Washington","033","King","47.53091","-122.3208"
"01/03/2020","AQS","530331011","4","6.5","ug/m3 LC","27","SEATTLE - SOUTH PARK #2","1","100.0000","88502","Acceptable PM2.5 AQI & Speciation Mass","42660","Seattle-Tacoma-Bellevue, WA","53","Washington","033","King","47.53091","-122.3208"
"01/04/2020","AQS","530331011","4","4.9","ug/m3 LC","20","SEATTLE - SOUTH PARK #2","1","100.0000","88502","Acceptable PM2.5 AQI & Speciation Mass","42660","Seattle-Tacoma-Bellevue, WA","53","Washington","033","King","47.53091","-122.3208"
"01/05/2020","AQS","530331011","4","4.6","ug/m3 LC","19","SEATTLE - SOUTH PARK #2","1","100.0000","88502","Acceptable PM2.5 AQI & Speciation Mass","42660","Seattle-Tacoma-Bellevue, WA","53","Washington","033","King","47.53091","-122.3208"
"01/06/2020","AQS","530331011","4","3.9","ug/m3 LC","16","SEATTLE - SOUTH PARK #2","1","100.0000","88502","Acceptable PM2.5 AQI & Speciation Mass","42660","Seattle-Tacoma-Bellevue, WA","53","Washington","033","King","47.53091","-122.3208"
"01/07/2020","AQS","530331011","4","3.8","ug/m3 LC","16","SEATTLE - SOUTH PARK #2","1","100.0000","88502","Acceptable PM2.5 AQI & Speciation Mass","42660","Seattle-Tacoma-Bellevue, WA","53","Washington","033","King","47.53091","-122.3208"
"01/08/2020","AQS","530331011","4","4.9","ug/m3 LC","20","SEATTLE - SOUTH PARK #2","1","100.0000","88502","Acceptable PM2.5 AQI & Speciation Mass","42660","Seattle-Tacoma-Bellevue, WA","53","Washington","033","King","47.53091","-122.3208"
"01/09/2020","AQS","530331011","4","10.9","ug/m3 LC","45","SEATTLE - SOUTH PARK #2","1","100.0000","88502","Acceptable PM2.5 AQI & Speciation Mass","42660","Seattle-Tacoma-Bellevue, WA","53","Washington","033","King","47.53091","-122.3208"
"01/10/2020","AQS","530331011","4","6.1","ug/m3 LC","25","SEATTLE - SOUTH PARK #2","1","100.0000","88502","Acceptable PM2.5 AQI & Speciation Mass","42660","Seattle-Tacoma-Bellevue, WA","53","Washington","033","King","47.53091","-122.3208"
"01/11/2020","AQS","530331011","4","4.9","ug/m3 LC","20","SEATTLE - SOUTH PARK #2","1","100.0000","88502","Acceptable PM2.5 AQI & Speciation Mass","42660","Seattle-Tacoma-Bellevue, WA","53","Washington","033","King","47.53091","-122.3208"
"01/12/2020","AQS","530331011","4","4.2","ug/m3 LC","18","SEATTLE - SOUTH PARK #2","1","100.0000","88502","Acceptable PM2.5 AQI & Speciation Mass","42660","Seattle-Tacoma-Bellevue, WA","53","Washington","033","King","47.53091","-122.3208"
"01/13/2020","AQS","530331011","4","6.2","ug/m3 LC","26","SEATTLE - SOUTH PARK #2","1","100.0000","88502","Acceptable PM2.5 AQI & Speciation Mass","42660","Seattle-Tacoma-Bellevue, WA","53","Washington","033","King","47.53091","-122.3208"
"01/14/2020","AQS","530331011","4","6.4","ug/m3 LC","27","SEATTLE - SOUTH PARK #2","1","100.0000","88502","Acceptable PM2.5 AQI & Speciation Mass","42660","Seattle-Tacoma-Bellevue, WA","53","Washington","033","King","47.53091","-122.3208"
"01/15/2020","AQS","530331011","4","4.9","ug/m3 LC","20","SEATTLE - SOUTH PARK #2","1","100.0000","88502","Acceptable PM2.5 AQI & Speciation Mass","42660","Seattle-Tacoma-Bellevue, WA","53","Washington","033","King","47.53091","-122.3208"
"01/16/2020","AQS","530331011","4","5.4","ug/m3 LC","23","SEATTLE - SOUTH PARK #2","1","100.0000","88502","Acceptable PM2.5 AQI & Speciation Mass","42660","Seattle-Tacoma-Bellevue, WA","53","Washington","033","King","47.53091","-122.3208"
"01/17/2020","AQS","530331011","4","6.5","ug/m3 LC","27","SEATTLE - SOUTH PARK #2","1","100.0000","88502","Acceptable PM2.5 AQI & Speciation Mass","42660","Seattle-Tacoma-Bellevue, WA","53","Washington","033","King","47.53091","-122.3208"
"01/18/2020","AQS","530331011","4","5.6","ug/m3 LC","23","SEATTLE - SOUTH PARK #2","1","100.0000","88502","Acceptable PM2.5 AQI & Speciation Mass","42660","Seattle-Tacoma-Bellevue, WA","53","Washington","033","King","47.53091","-122.3208"
"01/19/2020","AQS","530331011","4","9","ug/m3 LC","38","SEATTLE - SOUTH PARK #2","1","100.0000","88502","Acceptable PM2.5 AQI & Speciation Mass","42660","Seattle-Tacoma-Bellevue, WA","53","Washington","033","King","47.53091","-122.3208"
"01/20/2020","AQS","530331011","4","11.2","ug/m3 LC","47","SEATTLE - SOUTH PARK #2","1","100.0000","88502","Acceptable PM2.5 AQI & Speciation Mass","42660","Seattle-Tacoma-Bellevue, WA","53","Washington","033","King","47.53091","-122.3208"
"01/21/2020","AQS","530331011","4","5.7","ug/m3 LC","24","SEATTLE - SOUTH PARK #2","1","100.0000","88502","Acceptable PM2.5 AQI & Speciation Mass","42660","Seattle-Tacoma-Bellevue, WA","53","Washington","033","King","47.53091","-122.3208"
"01/22/2020","AQS","530331011","4","5.9","ug/m3 LC","25","SEATTLE - SOUTH PARK #2","1","100.0000","88502","Acceptable PM2.5 AQI & Speciation Mass","42660","Seattle-Tacoma-Bellevue, WA","53","Washington","033","King","47.53091","-122.3208"
"01/23/2020","AQS","530331011","4","5.5","ug/m3 LC","23","SEATTLE - SOUTH PARK #2","1","100.0000","88502","Acceptable PM2.5 AQI & Speciation Mass","42660","Seattle-Tacoma-Bellevue, WA","53","Washington","033","King","47.53091","-122.3208"
"01/24/2020","AQS","530331011","4","5.3","ug/m3 LC","22","SEATTLE - SOUTH PARK #2","1","100.0000","88502","Acceptable PM2.5 AQI & Speciation Mass","42660","Seattle-Tacoma-Bellevue, WA","53","Washington","033","King","47.53091","-122.3208"
"01/25/2020","AQS","530331011","4","7.3","ug/m3 LC","30","SEATTLE - SOUTH PARK #2","1","100.0000","88502","Acceptable PM2.5 AQI & Speciation Mass","42660","Seattle-Tacoma-Bellevue, WA","53","Washington","033","King","47.53091","-122.3208"
"01/26/2020","AQS","530331011","4","5.6","ug/m3 LC","23","SEATTLE - SOUTH PARK #2","1","100.0000","88502","Acceptable PM2.5 AQI & Speciation Mass","42660","Seattle-Tacoma-Bellevue, WA","53","Washington","033","King","47.53091","-122.3208"
"01/27/2020","AQS","530331011","4","4.9","ug/m3 LC","20","SEATTLE - SOUTH PARK #2","1","100.0000","88502","Acceptable PM2.5 AQI & Speciation Mass","42660","Seattle-Tacoma-Bellevue, WA","53","Washington","033","King","47.53091","-122.3208"
"01/28/2020","AQS","530331011","4","5.3","ug/m3 LC","22","SEATTLE - SOUTH PARK #2","1","100.0000","88502","Acceptable PM2.5 AQI & Speciation Mass","42660","Seattle-Tacoma-Bellevue, WA","53","Washington","033","King","47.53091","-122.3208"
"01/29/2020","AQS","530331011","4","6.8","ug/m3 LC","28","SEATTLE - SOUTH PARK #2","1","100.0000","88502","Acceptable PM2.5 AQI & Speciation Mass","42660","Seattle-Tacoma-Bellevue, WA","53","Washington","033","King","47.53091","-122.3208"
"01/30/2020","AQS","530331011","4","8.8","ug/m3 LC","37","SEATTLE - SOUTH PARK #2","1","100.0000","88502","Acceptable PM2.5 AQI & Speciation Mass","42660","Seattle-Tacoma-Bellevue, WA","53","Washington","033","King","47.53091","-122.3208"
"01/31/2020","AQS","530331011","4","4.1","ug/m3 LC","17","SEATTLE - SOUTH PARK #2","1","100.0000","88502","Acceptable PM2.5 AQI & Speciation Mass","42660","Seattle-Tacoma-Bellevue, WA","53","Washington","033","King","47.53091","-122.3208"
"02/01/2020","AirNow","530331011","4","4.4","ug/m3 LC","18","SEATTLE - SOUTH PARK #2","1","100.0000","88502","Acceptable PM2.5 AQI & Speciation Mass","42660","Seattle-Tacoma-Bellevue, WA","53","Washington","033","King","47.53091","-122.3208"
"02/02/2020","AirNow","530331011","4","8.9","ug/m3 LC","37","SEATTLE - SOUTH PARK #2","1","100.0000","88502","Acceptable PM2.5 AQI & Speciation Mass","42660","Seattle-Tacoma-Bellevue, WA","53","Washington","033","King","47.53091","-122.3208"
"02/03/2020","AirNow","530331011","4","7.8","ug/m3 LC","33","SEATTLE - SOUTH PARK #2","1","100.0000","88502","Acceptable PM2.5 AQI & Speciation Mass","42660","Seattle-Tacoma-Bellevue, WA","53","Washington","033","King","47.53091","-122.3208"
"02/04/2020","AirNow","530331011","4","7.6","ug/m3 LC","32","SEATTLE - SOUTH PARK #2","1","100.0000","88502","Acceptable PM2.5 AQI & Speciation Mass","42660","Seattle-Tacoma-Bellevue, WA","53","Washington","033","King","47.53091","-122.3208"
"02/05/2020","AirNow","530331011","4","4.6","ug/m3 LC","19","SEATTLE - SOUTH PARK #2","1","100.0000","88502","Acceptable PM2.5 AQI & Speciation Mass","42660","Seattle-Tacoma-Bellevue, WA","53","Washington","033","King","47.53091","-122.3208"
"02/06/2020","AirNow","530331011","4","6.6","ug/m3 LC","28","SEATTLE - SOUTH PARK #2","1","100.0000","88502","Acceptable PM2.5 AQI & Speciation Mass","42660","Seattle-Tacoma-Bellevue, WA","53","Washington","033","King","47.53091","-122.3208"
"02/07/2020","AirNow","530331011","4","6.3","ug/m3 LC","26","SEATTLE - SOUTH PARK #2","1","100.0000","88502","Acceptable PM2.5 AQI & Speciation Mass","42660","Seattle-Tacoma-Bellevue, WA","53","Washington","033","King","47.53091","-122.3208"
"02/08/2020","AirNow","530331011","4","5.2","ug/m3 LC","22","SEATTLE - SOUTH PARK #2","1","100.0000","88502","Acceptable PM2.5 AQI & Speciation Mass","42660","Seattle-Tacoma-Bellevue, WA","53","Washington","033","King","47.53091","-122.3208"
"02/09/2020","AirNow","530331011","4","9.4","ug/m3 LC","39","SEATTLE - SOUTH PARK #2","1","100.0000","88502","Acceptable PM2.5 AQI & Speciation Mass","42660","Seattle-Tacoma-Bellevue, WA","53","Washington","033","King","47.53091","-122.3208"
"02/10/2020","AirNow","530331011","4","10.8","ug/m3 LC","45","SEATTLE - SOUTH PARK #2","1","100.0000","88502","Acceptable PM2.5 AQI & Speciation Mass","42660","Seattle-Tacoma-Bellevue, WA","53","Washington","033","King","47.53091","-122.3208"
"02/11/2020","AirNow","530331011","4","9.8","ug/m3 LC","41","SEATTLE - SOUTH PARK #2","1","100.0000","88502","Acceptable PM2.5 AQI & Speciation Mass","42660","Seattle-Tacoma-Bellevue, WA","53","Washington","033","King","47.53091","-122.3208"
"02/12/2020","AirNow","530331011","4","9.4","ug/m3 LC","39","SEATTLE - SOUTH PARK #2","1","100.0000","88502","Acceptable PM2.5 AQI & Speciation Mass","42660","Seattle-Tacoma-Bellevue, WA","53","Washington","033","King","47.53091","-122.3208"
"02/13/2020","AirNow","530331011","4","7","ug/m3 LC","29","SEATTLE - SOUTH PARK #2","1","100.0000","88502","Acceptable PM2.5 AQI & Speciation Mass","42660","Seattle-Tacoma-Bellevue, WA","53","Washington","033","King","47.53091","-122.3208"
"02/14/2020","AirNow","530331011","4","4.7","ug/m3 LC","20","SEATTLE - SOUTH PARK #2","1","100.0000","88502","Acceptable PM2.5 AQI & Speciation Mass","42660","Seattle-Tacoma-Bellevue, WA","53","Washington","033","King","47.53091","-122.3208"
"02/15/2020","AirNow","530331011","4","4.4","ug/m3 LC","18","SEATTLE - SOUTH PARK #2","1","100.0000","88502","Acceptable PM2.5 AQI & Speciation Mass","42660","Seattle-Tacoma-Bellevue, WA","53","Washington","033","King","47.53091","-122.3208"
"02/16/2020","AirNow","530331011","4","5","ug/m3 LC","21","SEATTLE - SOUTH PARK #2","1","100.0000","88502","Acceptable PM2.5 AQI & Speciation Mass","42660","Seattle-Tacoma-Bellevue, WA","53","Washington","033","King","47.53091","-122.3208"
"02/17/2020","AirNow","530331011","4","6","ug/m3 LC","25","SEATTLE - SOUTH PARK #2","1","100.0000","88502","Acceptable PM2.5 AQI & Speciation Mass","42660","Seattle-Tacoma-Bellevue, WA","53","Washington","033","King","47.53091","-122.3208"
"02/18/2020","AirNow","530331011","4","6.7","ug/m3 LC","28","SEATTLE - SOUTH PARK #2","1","100.0000","88502","Acceptable PM2.5 AQI & Speciation Mass","42660","Seattle-Tacoma-Bellevue, WA","53","Washington","033","King","47.53091","-122.3208"
"02/19/2020","AirNow","530331011","4","8.4","ug/m3 LC","35","SEATTLE - SOUTH PARK #2","1","100.0000","88502","Acceptable PM2.5 AQI & Speciation Mass","42660","Seattle-Tacoma-Bellevue, WA","53","Washington","033","King","47.53091","-122.3208"
"02/20/2020","AirNow","530331011","4","10.5","ug/m3 LC","44","SEATTLE - SOUTH PARK #2","1","100.0000","88502","Acceptable PM2.5 AQI & Speciation Mass","42660","Seattle-Tacoma-Bellevue, WA","53","Washington","033","King","47.53091","-122.3208"
"02/21/2020","AirNow","530331011","4","9.8","ug/m3 LC","41","SEATTLE - SOUTH PARK #2","1","100.0000","88502","Acceptable PM2.5 AQI & Speciation Mass","42660","Seattle-Tacoma-Bellevue, WA","53","Washington","033","King","47.53091","-122.3208"
"02/22/2020","AirNow","530331011","4","8.1","ug/m3 LC","34","SEATTLE - SOUTH PARK #2","1","100.0000","88502","Acceptable PM2.5 AQI & Speciation Mass","42660","Seattle-Tacoma-Bellevue, WA","53","Washington","033","King","47.53091","-122.3208"
"02/23/2020","AirNow","530331011","4","7.4","ug/m3 LC","31","SEATTLE - SOUTH PARK #2","1","100.0000","88502","Acceptable PM2.5 AQI & Speciation Mass","42660","Seattle-Tacoma-Bellevue, WA","53","Washington","033","King","47.53091","-122.3208"
"02/24/2020","AirNow","530331011","4","6.9","ug/m3 LC","29","SEATTLE - SOUTH PARK #2","1","100.0000","88502","Acceptable PM2.5 AQI & Speciation Mass","42660","Seattle-Tacoma-Bellevue, WA","53","Washington","033","King","47.53091","-122.3208"
"02/25/2020","AirNow","530331011","4","9.2","ug/m3 LC","38","SEATTLE - SOUTH PARK #2","1","100.0000","88502","Acceptable PM2.5 AQI & Speciation Mass","42660","Seattle-Tacoma-Bellevue, WA","53","Washington","033","King","47.53091","-122.3208"
"02/26/2020","AirNow","530331011","4","7.3","ug/m3 LC","30","SEATTLE - SOUTH PARK #2","1","100.0000","88502","Acceptable PM2.5 AQI & Speciation Mass","42660","Seattle-Tacoma-Bellevue, WA","53","Washington","033","King","47.53091","-122.3208"
"02/27/2020","AirNow","530331011","4","7.6","ug/m3 LC","32","SEATTLE - SOUTH PARK #2","1","100.0000","88502","Acceptable PM2.5 AQI & Speciation Mass","42660","Seattle-Tacoma-Bellevue, WA","53","Washington","033","King","47.53091","-122.3208"
"02/28/2020","AirNow","530331011","4","8.5","ug/m3 LC","35","SEATTLE - SOUTH PARK #2","1","100.0000","88502","Acceptable PM2.5 AQI & Speciation Mass","42660","Seattle-Tacoma-Bellevue, WA","53","Washington","033","King","47.53091","-122.3208"
"02/29/2020","AirNow","530331011","4","5.2","ug/m3 LC","22","SEATTLE - SOUTH PARK #2","1","100.0000","88502","Acceptable PM2.5 AQI & Speciation Mass","42660","Seattle-Tacoma-Bellevue, WA","53","Washington","033","King","47.53091","-122.3208"
"03/01/2020","AirNow","530331011","4","8.8","ug/m3 LC","37","SEATTLE - SOUTH PARK #2","1","100.0000","88502","Acceptable PM2.5 AQI & Speciation Mass","42660","Seattle-Tacoma-Bellevue, WA","53","Washington","033","King","47.53091","-122.3208"
"03/02/2020","AirNow","530331011","4","7.9","ug/m3 LC","33","SEATTLE - SOUTH PARK #2","1","100.0000","88502","Acceptable PM2.5 AQI & Speciation Mass","42660","Seattle-Tacoma-Bellevue, WA","53","Washington","033","King","47.53091","-122.3208"
"03/03/2020","AirNow","530331011","4","4.2","ug/m3 LC","18","SEATTLE - SOUTH PARK #2","1","100.0000","88502","Acceptable PM2.5 AQI & Speciation Mass","42660","Seattle-Tacoma-Bellevue, WA","53","Washington","033","King","47.53091","-122.3208"
"03/04/2020","AirNow","530331011","4","8","ug/m3 LC","33","SEATTLE - SOUTH PARK #2","1","100.0000","88502","Acceptable PM2.5 AQI & Speciation Mass","42660","Seattle-Tacoma-Bellevue, WA","53","Washington","033","King","47.53091","-122.3208"
"03/05/2020","AirNow","530331011","4","6.8","ug/m3 LC","28","SEATTLE - SOUTH PARK #2","1","100.0000","88502","Acceptable PM2.5 AQI & Speciation Mass","42660","Seattle-Tacoma-Bellevue, WA","53","Washington","033","King","47.53091","-122.3208"
"03/06/2020","AirNow","530331011","4","6.6","ug/m3 LC","28","SEATTLE - SOUTH PARK #2","1","100.0000","88502","Acceptable PM2.5 AQI & Speciation Mass","42660","Seattle-Tacoma-Bellevue, WA","53","Washington","033","King","47.53091","-122.3208"
"03/07/2020","AirNow","530331011","4","9","ug/m3 LC","38","SEATTLE - SOUTH PARK #2","1","100.0000","88502","Acceptable PM2.5 AQI & Speciation Mass","42660","Seattle-Tacoma-Bellevue, WA","53","Washington","033","King","47.53091","-122.3208"
"03/08/2020","AirNow","530331011","4","8.2","ug/m3 LC","34","SEATTLE - SOUTH PARK #2","1","100.0000","88502","Acceptable PM2.5 AQI & Speciation Mass","42660","Seattle-Tacoma-Bellevue, WA","53","Washington","033","King","47.53091","-122.3208"
"03/09/2020","AirNow","530331011","4","11.2","ug/m3 LC","47","SEATTLE - SOUTH PARK #2","1","100.0000","88502","Acceptable PM2.5 AQI & Speciation Mass","42660","Seattle-Tacoma-Bellevue, WA","53","Washington","033","King","47.53091","-122.3208"
"03/10/2020","AirNow","530331011","4","6.5","ug/m3 LC","27","SEATTLE - SOUTH PARK #2","1","100.0000","88502","Acceptable PM2.5 AQI & Speciation Mass","42660","Seattle-Tacoma-Bellevue, WA","53","Washington","033","King","47.53091","-122.3208"
"03/11/2020","AirNow","530331011","4","5.4","ug/m3 LC","23","SEATTLE - SOUTH PARK #2","1","100.0000","88502","Acceptable PM2.5 AQI & Speciation Mass","42660","Seattle-Tacoma-Bellevue, WA","53","Washington","033","King","47.53091","-122.3208"
"03/12/2020","AirNow","530331011","4","8.2","ug/m3 LC","34","SEATTLE - SOUTH PARK #2","1","100.0000","88502","Acceptable PM2.5 AQI & Speciation Mass","42660","Seattle-Tacoma-Bellevue, WA","53","Washington","033","King","47.53091","-122.3208"
"03/13/2020","AirNow","530331011","4","9","ug/m3 LC","38","SEATTLE - SOUTH PARK #2","1","100.0000","88502","Acceptable PM2.5 AQI & Speciation Mass","42660","Seattle-Tacoma-Bellevue, WA","53","Washington","033","King","47.53091","-122.3208"
"03/14/2020","AirNow","530331011","4","7.1","ug/m3 LC","30","SEATTLE - SOUTH PARK #2","1","100.0000","88502","Acceptable PM2.5 AQI & Speciation Mass","42660","Seattle-Tacoma-Bellevue, WA","53","Washington","033","King","47.53091","-122.3208"
"03/15/2020","AirNow","530331011","4","7.1","ug/m3 LC","30","SEATTLE - SOUTH PARK #2","1","100.0000","88502","Acceptable PM2.5 AQI & Speciation Mass","42660","Seattle-Tacoma-Bellevue, WA","53","Washington","033","King","47.53091","-122.3208"
"03/16/2020","AirNow","530331011","4","9.7","ug/m3 LC","40","SEATTLE - SOUTH PARK #2","1","100.0000","88502","Acceptable PM2.5 AQI & Speciation Mass","42660","Seattle-Tacoma-Bellevue, WA","53","Washington","033","King","47.53091","-122.3208"
"03/17/2020","AirNow","530331011","4","12.2","ug/m3 LC","51","SEATTLE - SOUTH PARK #2","1","100.0000","88502","Acceptable PM2.5 AQI & Speciation Mass","42660","Seattle-Tacoma-Bellevue, WA","53","Washington","033","King","47.53091","-122.3208"
"03/18/2020","AirNow","530331011","4","15.4","ug/m3 LC","58","SEATTLE - SOUTH PARK #2","1","100.0000","88502","Acceptable PM2.5 AQI & Speciation Mass","42660","Seattle-Tacoma-Bellevue, WA","53","Washington","033","King","47.53091","-122.3208"
"03/19/2020","AirNow","530331011","4","16","ug/m3 LC","59","SEATTLE - SOUTH PARK #2","1","100.0000","88502","Acceptable PM2.5 AQI & Speciation Mass","42660","Seattle-Tacoma-Bellevue, WA","53","Washington","033","King","47.53091","-122.3208"
"03/20/2020","AirNow","530331011","4","13.5","ug/m3 LC","54","SEATTLE - SOUTH PARK #2","1","100.0000","88502","Acceptable PM2.5 AQI & Speciation Mass","42660","Seattle-Tacoma-Bellevue, WA","53","Washington","033","King","47.53091","-122.3208"
"03/21/2020","AirNow","530331011","4","13.8","ug/m3 LC","55","SEATTLE - SOUTH PARK #2","1","100.0000","88502","Acceptable PM2.5 AQI & Speciation Mass","42660","Seattle-Tacoma-Bellevue, WA","53","Washington","033","King","47.53091","-122.3208"
"03/22/2020","AirNow","530331011","4","13.8","ug/m3 LC","55","SEATTLE - SOUTH PARK #2","1","100.0000","88502","Acceptable PM2.5 AQI & Speciation Mass","42660","Seattle-Tacoma-Bellevue, WA","53","Washington","033","King","47.53091","-122.3208"
"03/23/2020","AirNow","530331011","4","5.2","ug/m3 LC","22","SEATTLE - SOUTH PARK #2","1","100.0000","88502","Acceptable PM2.5 AQI & Speciation Mass","42660","Seattle-Tacoma-Bellevue, WA","53","Washington","033","King","47.53091","-122.3208"
"03/24/2020","AirNow","530331011","4","5.3","ug/m3 LC","22","SEATTLE - SOUTH PARK #2","1","100.0000","88502","Acceptable PM2.5 AQI & Speciation Mass","42660","Seattle-Tacoma-Bellevue, WA","53","Washington","033","King","47.53091","-122.3208"
"03/25/2020","AirNow","530331011","4","7.6","ug/m3 LC","32","SEATTLE - SOUTH PARK #2","1","100.0000","88502","Acceptable PM2.5 AQI & Speciation Mass","42660","Seattle-Tacoma-Bellevue, WA","53","Washington","033","King","47.53091","-122.3208"
"03/26/2020","AirNow","530331011","4","8.3","ug/m3 LC","35","SEATTLE - SOUTH PARK #2","1","100.0000","88502","Acceptable PM2.5 AQI & Speciation Mass","42660","Seattle-Tacoma-Bellevue, WA","53","Washington","033","King","47.53091","-122.3208"
"03/27/2020","AirNow","530331011","4","7.5","ug/m3 LC","31","SEATTLE - SOUTH PARK #2","1","100.0000","88502","Acceptable PM2.5 AQI & Speciation Mass","42660","Seattle-Tacoma-Bellevue, WA","53","Washington","033","King","47.53091","-122.3208"
"03/28/2020","AirNow","530331011","4","5.2","ug/m3 LC","22","SEATTLE - SOUTH PARK #2","1","100.0000","88502","Acceptable PM2.5 AQI & Speciation Mass","42660","Seattle-Tacoma-Bellevue, WA","53","Washington","033","King","47.53091","-122.3208"
"03/29/2020","AirNow","530331011","4","4.2","ug/m3 LC","18","SEATTLE - SOUTH PARK #2","1","100.0000","88502","Acceptable PM2.5 AQI & Speciation Mass","42660","Seattle-Tacoma-Bellevue, WA","53","Washington","033","King","47.53091","-122.3208"
"03/30/2020","AirNow","530331011","4","4.4","ug/m3 LC","18","SEATTLE - SOUTH PARK #2","1","100.0000","88502","Acceptable PM2.5 AQI & Speciation Mass","42660","Seattle-Tacoma-Bellevue, WA","53","Washington","033","King","47.53091","-122.3208"
"03/31/2020","AirNow","530331011","4","5.1","ug/m3 LC","21","SEATTLE - SOUTH PARK #2","1","100.0000","88502","Acceptable PM2.5 AQI & Speciation Mass","42660","Seattle-Tacoma-Bellevue, WA","53","Washington","033","King","47.53091","-122.3208"
"04/01/2020","AirNow","530331011","4","5.7","ug/m3 LC","24","SEATTLE - SOUTH PARK #2","1","100.0000","88502","Acceptable PM2.5 AQI & Speciation Mass","42660","Seattle-Tacoma-Bellevue, WA","53","Washington","033","King","47.53091","-122.3208"
"04/02/2020","AirNow","530331011","4","10.3","ug/m3 LC","43","SEATTLE - SOUTH PARK #2","1","100.0000","88502","Acceptable PM2.5 AQI & Speciation Mass","42660","Seattle-Tacoma-Bellevue, WA","53","Washington","033","King","47.53091","-122.3208"
"04/03/2020","AirNow","530331011","4","6.2","ug/m3 LC","26","SEATTLE - SOUTH PARK #2","1","100.0000","88502","Acceptable PM2.5 AQI & Speciation Mass","42660","Seattle-Tacoma-Bellevue, WA","53","Washington","033","King","47.53091","-122.3208"
"04/04/2020","AirNow","530331011","4","7.1","ug/m3 LC","30","SEATTLE - SOUTH PARK #2","1","100.0000","88502","Acceptable PM2.5 AQI & Speciation Mass","42660","Seattle-Tacoma-Bellevue, WA","53","Washington","033","King","47.53091","-122.3208"
"04/05/2020","AirNow","530331011","4","9.7","ug/m3 LC","40","SEATTLE - SOUTH PARK #2","1","100.0000","88502","Acceptable PM2.5 AQI & Speciation Mass","42660","Seattle-Tacoma-Bellevue, WA","53","Washington","033","King","47.53091","-122.3208"
"04/06/2020","AirNow","530331011","4","7.6","ug/m3 LC","32","SEATTLE - SOUTH PARK #2","1","100.0000","88502","Acceptable PM2.5 AQI & Speciation Mass","42660","Seattle-Tacoma-Bellevue, WA","53","Washington","033","King","47.53091","-122.3208"
"04/07/2020","AirNow","530331011","4","9.3","ug/m3 LC","39","SEATTLE - SOUTH PARK #2","1","100.0000","88502","Acceptable PM2.5 AQI & Speciation Mass","42660","Seattle-Tacoma-Bellevue, WA","53","Washington","033","King","47.53091","-122.3208"
"04/08/2020","AirNow","530331011","4","12","ug/m3 LC","50","SEATTLE - SOUTH PARK #2","1","100.0000","88502","Acceptable PM2.5 AQI & Speciation Mass","42660","Seattle-Tacoma-Bellevue, WA","53","Washington","033","King","47.53091","-122.3208"
"04/09/2020","AirNow","530331011","4","11.1","ug/m3 LC","46","SEATTLE - SOUTH PARK #2","1","100.0000","88502","Acceptable PM2.5 AQI & Speciation Mass","42660","Seattle-Tacoma-Bellevue, WA","53","Washington","033","King","47.53091","-122.3208"
"04/10/2020","AirNow","530331011","4","10.6","ug/m3 LC","44","SEATTLE - SOUTH PARK #2","1","100.0000","88502","Acceptable PM2.5 AQI & Speciation Mass","42660","Seattle-Tacoma-Bellevue, WA","53","Washington","033","King","47.53091","-122.3208"
"04/11/2020","AirNow","530331011","4","7.7","ug/m3 LC","32","SEATTLE - SOUTH PARK #2","1","100.0000","88502","Acceptable PM2.5 AQI & Speciation Mass","42660","Seattle-Tacoma-Bellevue, WA","53","Washington","033","King","47.53091","-122.3208"
"04/12/2020","AirNow","530331011","4","7.7","ug/m3 LC","32","SEATTLE - SOUTH PARK #2","1","100.0000","88502","Acceptable PM2.5 AQI & Speciation Mass","42660","Seattle-Tacoma-Bellevue, WA","53","Washington","033","King","47.53091","-122.3208"
"04/13/2020","AirNow","530331011","4","7.7","ug/m3 LC","32","SEATTLE - SOUTH PARK #2","1","100.0000","88502","Acceptable PM2.5 AQI & Speciation Mass","42660","Seattle-Tacoma-Bellevue, WA","53","Washington","033","King","47.53091","-122.3208"
"04/14/2020","AirNow","530331011","4","8","ug/m3 LC","33","SEATTLE - SOUTH PARK #2","1","100.0000","88502","Acceptable PM2.5 AQI & Speciation Mass","42660","Seattle-Tacoma-Bellevue, WA","53","Washington","033","King","47.53091","-122.3208"
"04/15/2020","AirNow","530331011","4","6","ug/m3 LC","25","SEATTLE - SOUTH PARK #2","1","100.0000","88502","Acceptable PM2.5 AQI & Speciation Mass","42660","Seattle-Tacoma-Bellevue, WA","53","Washington","033","King","47.53091","-122.3208"
"04/16/2020","AirNow","530331011","4","7.5","ug/m3 LC","31","SEATTLE - SOUTH PARK #2","1","100.0000","88502","Acceptable PM2.5 AQI & Speciation Mass","42660","Seattle-Tacoma-Bellevue, WA","53","Washington","033","King","47.53091","-122.3208"
"04/17/2020","AirNow","530331011","4","7.6","ug/m3 LC","32","SEATTLE - SOUTH PARK #2","1","100.0000","88502","Acceptable PM2.5 AQI & Speciation Mass","42660","Seattle-Tacoma-Bellevue, WA","53","Washington","033","King","47.53091","-122.3208"
"04/18/2020","AirNow","530331011","4","6.2","ug/m3 LC","26","SEATTLE - SOUTH PARK #2","1","100.0000","88502","Acceptable PM2.5 AQI & Speciation Mass","42660","Seattle-Tacoma-Bellevue, WA","53","Washington","033","King","47.53091","-122.3208"
"04/19/2020","AirNow","530331011","4","4.6","ug/m3 LC","19","SEATTLE - SOUTH PARK #2","1","100.0000","88502","Acceptable PM2.5 AQI & Speciation Mass","42660","Seattle-Tacoma-Bellevue, WA","53","Washington","033","King","47.53091","-122.3208"
"04/20/2020","AirNow","530331011","4","6.9","ug/m3 LC","29","SEATTLE - SOUTH PARK #2","1","100.0000","88502","Acceptable PM2.5 AQI & Speciation Mass","42660","Seattle-Tacoma-Bellevue, WA","53","Washington","033","King","47.53091","-122.3208"
"04/21/2020","AirNow","530331011","4","4.3","ug/m3 LC","18","SEATTLE - SOUTH PARK #2","1","100.0000","88502","Acceptable PM2.5 AQI & Speciation Mass","42660","Seattle-Tacoma-Bellevue, WA","53","Washington","033","King","47.53091","-122.3208"
"04/22/2020","AirNow","530331011","4","5.8","ug/m3 LC","24","SEATTLE - SOUTH PARK #2","1","100.0000","88502","Acceptable PM2.5 AQI & Speciation Mass","42660","Seattle-Tacoma-Bellevue, WA","53","Washington","033","King","47.53091","-122.3208"
"04/23/2020","AirNow","530331011","4","5","ug/m3 LC","21","SEATTLE - SOUTH PARK #2","1","100.0000","88502","Acceptable PM2.5 AQI & Speciation Mass","42660","Seattle-Tacoma-Bellevue, WA","53","Washington","033","King","47.53091","-122.3208"
"04/24/2020","AirNow","530331011","4","6.7","ug/m3 LC","28","SEATTLE - SOUTH PARK #2","1","100.0000","88502","Acceptable PM2.5 AQI & Speciation Mass","42660","Seattle-Tacoma-Bellevue, WA","53","Washington","033","King","47.53091","-122.3208"
"04/25/2020","AirNow","530331011","4","8.2","ug/m3 LC","34","SEATTLE - SOUTH PARK #2","1","100.0000","88502","Acceptable PM2.5 AQI & Speciation Mass","42660","Seattle-Tacoma-Bellevue, WA","53","Washington","033","King","47.53091","-122.3208"
"04/26/2020","AirNow","530331011","4","8.3","ug/m3 LC","35","SEATTLE - SOUTH PARK #2","1","100.0000","88502","Acceptable PM2.5 AQI & Speciation Mass","42660","Seattle-Tacoma-Bellevue, WA","53","Washington","033","King","47.53091","-122.3208"
"04/27/2020","AirNow","530331011","4","7.2","ug/m3 LC","30","SEATTLE - SOUTH PARK #2","1","100.0000","88502","Acceptable PM2.5 AQI & Speciation Mass","42660","Seattle-Tacoma-Bellevue, WA","53","Washington","033","King","47.53091","-122.3208"
"04/28/2020","AirNow","530331011","4","8.2","ug/m3 LC","34","SEATTLE - SOUTH PARK #2","1","100.0000","88502","Acceptable PM2.5 AQI & Speciation Mass","42660","Seattle-Tacoma-Bellevue, WA","53","Washington","033","King","47.53091","-122.3208"
"04/29/2020","AirNow","530331011","4","6.3","ug/m3 LC","26","SEATTLE - SOUTH PARK #2","1","100.0000","88502","Acceptable PM2.5 AQI & Speciation Mass","42660","Seattle-Tacoma-Bellevue, WA","53","Washington","033","King","47.53091","-122.3208"
"04/30/2020","AirNow","530331011","4","5.5","ug/m3 LC","23","SEATTLE - SOUTH PARK #2","1","100.0000","88502","Acceptable PM2.5 AQI & Speciation Mass","42660","Seattle-Tacoma-Bellevue, WA","53","Washington","033","King","47.53091","-122.3208"
"05/01/2020","AirNow","530331011","4","7.2","ug/m3 LC","30","SEATTLE - SOUTH PARK #2","1","100.0000","88502","Acceptable PM2.5 AQI & Speciation Mass","42660","Seattle-Tacoma-Bellevue, WA","53","Washington","033","King","47.53091","-122.3208"
"05/02/2020","AirNow","530331011","4","7.6","ug/m3 LC","32","SEATTLE - SOUTH PARK #2","1","100.0000","88502","Acceptable PM2.5 AQI & Speciation Mass","42660","Seattle-Tacoma-Bellevue, WA","53","Washington","033","King","47.53091","-122.3208"
"01/01/2020","AirNow","530332004","4","3.1","ug/m3 LC","13","KENT - JAMES & CENTRAL","1","100.0000","88502","Acceptable PM2.5 AQI & Speciation Mass","42660","Seattle-Tacoma-Bellevue, WA","53","Washington","033","King","47.386111","-122.230278"
"01/02/2020","AirNow","530332004","4","4.2","ug/m3 LC","18","KENT - JAMES & CENTRAL","1","100.0000","88502","Acceptable PM2.5 AQI & Speciation Mass","42660","Seattle-Tacoma-Bellevue, WA","53","Washington","033","King","47.386111","-122.230278"
"01/03/2020","AirNow","530332004","4","5","ug/m3 LC","21","KENT - JAMES & CENTRAL","1","100.0000","88502","Acceptable PM2.5 AQI & Speciation Mass","42660","Seattle-Tacoma-Bellevue, WA","53","Washington","033","King","47.386111","-122.230278"
"01/04/2020","AirNow","530332004","4","3.4","ug/m3 LC","14","KENT - JAMES & CENTRAL","1","100.0000","88502","Acceptable PM2.5 AQI & Speciation Mass","42660","Seattle-Tacoma-Bellevue, WA","53","Washington","033","King","47.386111","-122.230278"
"01/05/2020","AirNow","530332004","4","3.5","ug/m3 LC","15","KENT - JAMES & CENTRAL","1","100.0000","88502","Acceptable PM2.5 AQI & Speciation Mass","42660","Seattle-Tacoma-Bellevue, WA","53","Washington","033","King","47.386111","-122.230278"
"01/06/2020","AirNow","530332004","4","2.9","ug/m3 LC","12","KENT - JAMES & CENTRAL","1","100.0000","88502","Acceptable PM2.5 AQI & Speciation Mass","42660","Seattle-Tacoma-Bellevue, WA","53","Washington","033","King","47.386111","-122.230278"
"01/07/2020","AirNow","530332004","4","2.7","ug/m3 LC","11","KENT - JAMES & CENTRAL","1","100.0000","88502","Acceptable PM2.5 AQI & Speciation Mass","42660","Seattle-Tacoma-Bellevue, WA","53","Washington","033","King","47.386111","-122.230278"
"01/08/2020","AirNow","530332004","4","3.7","ug/m3 LC","15","KENT - JAMES & CENTRAL","1","100.0000","88502","Acceptable PM2.5 AQI & Speciation Mass","42660","Seattle-Tacoma-Bellevue, WA","53","Washington","033","King","47.386111","-122.230278"
"01/09/2020","AirNow","530332004","4","8.3","ug/m3 LC","35","KENT - JAMES & CENTRAL","1","100.0000","88502","Acceptable PM2.5 AQI & Speciation Mass","42660","Seattle-Tacoma-Bellevue, WA","53","Washington","033","King","47.386111","-122.230278"
"01/10/2020","AirNow","530332004","4","4.3","ug/m3 LC","18","KENT - JAMES & CENTRAL","1","100.0000","88502","Acceptable PM2.5 AQI & Speciation Mass","42660","Seattle-Tacoma-Bellevue, WA","53","Washington","033","King","47.386111","-122.230278"
"01/11/2020","AirNow","530332004","4","3.7","ug/m3 LC","15","KENT - JAMES & CENTRAL","1","100.0000","88502","Acceptable PM2.5 AQI & Speciation Mass","42660","Seattle-Tacoma-Bellevue, WA","53","Washington","033","King","47.386111","-122.230278"
"01/12/2020","AirNow","530332004","4","3.1","ug/m3 LC","13","KENT - JAMES & CENTRAL","1","100.0000","88502","Acceptable PM2.5 AQI & Speciation Mass","42660","Seattle-Tacoma-Bellevue, WA","53","Washington","033","King","47.386111","-122.230278"
"01/13/2020","AirNow","530332004","4","5","ug/m3 LC","21","KENT - JAMES & CENTRAL","1","100.0000","88502","Acceptable PM2.5 AQI & Speciation Mass","42660","Seattle-Tacoma-Bellevue, WA","53","Washington","033","King","47.386111","-122.230278"
"01/14/2020","AirNow","530332004","4","4.6","ug/m3 LC","19","KENT - JAMES & CENTRAL","1","100.0000","88502","Acceptable PM2.5 AQI & Speciation Mass","42660","Seattle-Tacoma-Bellevue, WA","53","Washington","033","King","47.386111","-122.230278"
"01/15/2020","AirNow","530332004","4","2.8","ug/m3 LC","12","KENT - JAMES & CENTRAL","1","100.0000","88502","Acceptable PM2.5 AQI & Speciation Mass","42660","Seattle-Tacoma-Bellevue, WA","53","Washington","033","King","47.386111","-122.230278"
"01/16/2020","AirNow","530332004","4","3.9","ug/m3 LC","16","KENT - JAMES & CENTRAL","1","100.0000","88502","Acceptable PM2.5 AQI & Speciation Mass","42660","Seattle-Tacoma-Bellevue, WA","53","Washington","033","King","47.386111","-122.230278"
"01/17/2020","AirNow","530332004","4","5.2","ug/m3 LC","22","KENT - JAMES & CENTRAL","1","100.0000","88502","Acceptable PM2.5 AQI & Speciation Mass","42660","Seattle-Tacoma-Bellevue, WA","53","Washington","033","King","47.386111","-122.230278"
"01/18/2020","AirNow","530332004","4","4","ug/m3 LC","17","KENT - JAMES & CENTRAL","1","100.0000","88502","Acceptable PM2.5 AQI & Speciation Mass","42660","Seattle-Tacoma-Bellevue, WA","53","Washington","033","King","47.386111","-122.230278"
"01/19/2020","AirNow","530332004","4","6.5","ug/m3 LC","27","KENT - JAMES & CENTRAL","1","100.0000","88502","Acceptable PM2.5 AQI & Speciation Mass","42660","Seattle-Tacoma-Bellevue, WA","53","Washington","033","King","47.386111","-122.230278"
"01/20/2020","AirNow","530332004","4","10.1","ug/m3 LC","42","KENT - JAMES & CENTRAL","1","100.0000","88502","Acceptable PM2.5 AQI & Speciation Mass","42660","Seattle-Tacoma-Bellevue, WA","53","Washington","033","King","47.386111","-122.230278"
"01/21/2020","AirNow","530332004","4","4.1","ug/m3 LC","17","KENT - JAMES & CENTRAL","1","100.0000","88502","Acceptable PM2.5 AQI & Speciation Mass","42660","Seattle-Tacoma-Bellevue, WA","53","Washington","033","King","47.386111","-122.230278"
"01/22/2020","AirNow","530332004","4","3.9","ug/m3 LC","16","KENT - JAMES & CENTRAL","1","100.0000","88502","Acceptable PM2.5 AQI & Speciation Mass","42660","Seattle-Tacoma-Bellevue, WA","53","Washington","033","King","47.386111","-122.230278"
"01/23/2020","AirNow","530332004","4","3.9","ug/m3 LC","16","KENT - JAMES & CENTRAL","1","100.0000","88502","Acceptable PM2.5 AQI & Speciation Mass","42660","Seattle-Tacoma-Bellevue, WA","53","Washington","033","King","47.386111","-122.230278"
"01/24/2020","AirNow","530332004","4","3.9","ug/m3 LC","16","KENT - JAMES & CENTRAL","1","100.0000","88502","Acceptable PM2.5 AQI & Speciation Mass","42660","Seattle-Tacoma-Bellevue, WA","53","Washington","033","King","47.386111","-122.230278"
"01/25/2020","AirNow","530332004","4","5.4","ug/m3 LC","23","KENT - JAMES & CENTRAL","1","100.0000","88502","Acceptable PM2.5 AQI & Speciation Mass","42660","Seattle-Tacoma-Bellevue, WA","53","Washington","033","King","47.386111","-122.230278"
"01/26/2020","AirNow","530332004","4","3.9","ug/m3 LC","16","KENT - JAMES & CENTRAL","1","100.0000","88502","Acceptable PM2.5 AQI & Speciation Mass","42660","Seattle-Tacoma-Bellevue, WA","53","Washington","033","King","47.386111","-122.230278"
"01/27/2020","AirNow","530332004","4","3.3","ug/m3 LC","14","KENT - JAMES & CENTRAL","1","100.0000","88502","Acceptable PM2.5 AQI & Speciation Mass","42660","Seattle-Tacoma-Bellevue, WA","53","Washington","033","King","47.386111","-122.230278"
"01/28/2020","AirNow","530332004","4","3.9","ug/m3 LC","16","KENT - JAMES & CENTRAL","1","100.0000","88502","Acceptable PM2.5 AQI & Speciation Mass","42660","Seattle-Tacoma-Bellevue, WA","53","Washington","033","King","47.386111","-122.230278"
"01/29/2020","AirNow","530332004","4","5.1","ug/m3 LC","21","KENT - JAMES & CENTRAL","1","100.0000","88502","Acceptable PM2.5 AQI & Speciation Mass","42660","Seattle-Tacoma-Bellevue, WA","53","Washington","033","King","47.386111","-122.230278"
"01/30/2020","AirNow","530332004","4","5.8","ug/m3 LC","24","KENT - JAMES & CENTRAL","1","100.0000","88502","Acceptable PM2.5 AQI & Speciation Mass","42660","Seattle-Tacoma-Bellevue, WA","53","Washington","033","King","47.386111","-122.230278"
"01/31/2020","AirNow","530332004","4","2.8","ug/m3 LC","12","KENT - JAMES & CENTRAL","1","100.0000","88502","Acceptable PM2.5 AQI & Speciation Mass","42660","Seattle-Tacoma-Bellevue, WA","53","Washington","033","King","47.386111","-122.230278"
"02/01/2020","AirNow","530332004","4","3.3","ug/m3 LC","14","KENT - JAMES & CENTRAL","1","100.0000","88502","Acceptable PM2.5 AQI & Speciation Mass","42660","Seattle-Tacoma-Bellevue, WA","53","Washington","033","King","47.386111","-122.230278"
"02/02/2020","AirNow","530332004","4","6.6","ug/m3 LC","28","KENT - JAMES & CENTRAL","1","100.0000","88502","Acceptable PM2.5 AQI & Speciation Mass","42660","Seattle-Tacoma-Bellevue, WA","53","Washington","033","King","47.386111","-122.230278"
"02/03/2020","AirNow","530332004","4","6.4","ug/m3 LC","27","KENT - JAMES & CENTRAL","1","100.0000","88502","Acceptable PM2.5 AQI & Speciation Mass","42660","Seattle-Tacoma-Bellevue, WA","53","Washington","033","King","47.386111","-122.230278"
"02/04/2020","AirNow","530332004","4","6.7","ug/m3 LC","28","KENT - JAMES & CENTRAL","1","100.0000","88502","Acceptable PM2.5 AQI & Speciation Mass","42660","Seattle-Tacoma-Bellevue, WA","53","Washington","033","King","47.386111","-122.230278"
"02/05/2020","AirNow","530332004","4","2.8","ug/m3 LC","12","KENT - JAMES & CENTRAL","1","100.0000","88502","Acceptable PM2.5 AQI & Speciation Mass","42660","Seattle-Tacoma-Bellevue, WA","53","Washington","033","King","47.386111","-122.230278"
"02/06/2020","AirNow","530332004","4","3.2","ug/m3 LC","13","KENT - JAMES & CENTRAL","1","100.0000","88502","Acceptable PM2.5 AQI & Speciation Mass","42660","Seattle-Tacoma-Bellevue, WA","53","Washington","033","King","47.386111","-122.230278"
"02/07/2020","AirNow","530332004","4","3.7","ug/m3 LC","15","KENT - JAMES & CENTRAL","1","100.0000","88502","Acceptable PM2.5 AQI & Speciation Mass","42660","Seattle-Tacoma-Bellevue, WA","53","Washington","033","King","47.386111","-122.230278"
"02/08/2020","AirNow","530332004","4","4.6","ug/m3 LC","19","KENT - JAMES & CENTRAL","1","100.0000","88502","Acceptable PM2.5 AQI & Speciation Mass","42660","Seattle-Tacoma-Bellevue, WA","53","Washington","033","King","47.386111","-122.230278"
"02/09/2020","AirNow","530332004","4","6.4","ug/m3 LC","27","KENT - JAMES & CENTRAL","1","100.0000","88502","Acceptable PM2.5 AQI & Speciation Mass","42660","Seattle-Tacoma-Bellevue, WA","53","Washington","033","King","47.386111","-122.230278"
"02/10/2020","AirNow","530332004","4","9.5","ug/m3 LC","40","KENT - JAMES & CENTRAL","1","100.0000","88502","Acceptable PM2.5 AQI & Speciation Mass","42660","Seattle-Tacoma-Bellevue, WA","53","Washington","033","King","47.386111","-122.230278"
"02/11/2020","AirNow","530332004","4","7.1","ug/m3 LC","30","KENT - JAMES & CENTRAL","1","100.0000","88502","Acceptable PM2.5 AQI & Speciation Mass","42660","Seattle-Tacoma-Bellevue, WA","53","Washington","033","King","47.386111","-122.230278"
"02/12/2020","AirNow","530332004","4","5.8","ug/m3 LC","24","KENT - JAMES & CENTRAL","1","100.0000","88502","Acceptable PM2.5 AQI & Speciation Mass","42660","Seattle-Tacoma-Bellevue, WA","53","Washington","033","King","47.386111","-122.230278"
"02/13/2020","AirNow","530332004","4","5.1","ug/m3 LC","21","KENT - JAMES & CENTRAL","1","100.0000","88502","Acceptable PM2.5 AQI & Speciation Mass","42660","Seattle-Tacoma-Bellevue, WA","53","Washington","033","King","47.386111","-122.230278"
"02/14/2020","AirNow","530332004","4","3.5","ug/m3 LC","15","KENT - JAMES & CENTRAL","1","100.0000","88502","Acceptable PM2.5 AQI & Speciation Mass","42660","Seattle-Tacoma-Bellevue, WA","53","Washington","033","King","47.386111","-122.230278"
"02/15/2020","AirNow","530332004","4","2.9","ug/m3 LC","12","KENT - JAMES & CENTRAL","1","100.0000","88502","Acceptable PM2.5 AQI & Speciation Mass","42660","Seattle-Tacoma-Bellevue, WA","53","Washington","033","King","47.386111","-122.230278"
"02/16/2020","AirNow","530332004","4","3.9","ug/m3 LC","16","KENT - JAMES & CENTRAL","1","100.0000","88502","Acceptable PM2.5 AQI & Speciation Mass","42660","Seattle-Tacoma-Bellevue, WA","53","Washington","033","King","47.386111","-122.230278"
"02/17/2020","AirNow","530332004","4","5.1","ug/m3 LC","21","KENT - JAMES & CENTRAL","1","100.0000","88502","Acceptable PM2.5 AQI & Speciation Mass","42660","Seattle-Tacoma-Bellevue, WA","53","Washington","033","King","47.386111","-122.230278"
"02/18/2020","AirNow","530332004","4","5.2","ug/m3 LC","22","KENT - JAMES & CENTRAL","1","100.0000","88502","Acceptable PM2.5 AQI & Speciation Mass","42660","Seattle-Tacoma-Bellevue, WA","53","Washington","033","King","47.386111","-122.230278"
"02/19/2020","AirNow","530332004","4","6.3","ug/m3 LC","26","KENT - JAMES & CENTRAL","1","100.0000","88502","Acceptable PM2.5 AQI & Speciation Mass","42660","Seattle-Tacoma-Bellevue, WA","53","Washington","033","King","47.386111","-122.230278"
"02/20/2020","AirNow","530332004","4","7.5","ug/m3 LC","31","KENT - JAMES & CENTRAL","1","100.0000","88502","Acceptable PM2.5 AQI & Speciation Mass","42660","Seattle-Tacoma-Bellevue, WA","53","Washington","033","King","47.386111","-122.230278"
"02/21/2020","AirNow","530332004","4","8.2","ug/m3 LC","34","KENT - JAMES & CENTRAL","1","100.0000","88502","Acceptable PM2.5 AQI & Speciation Mass","42660","Seattle-Tacoma-Bellevue, WA","53","Washington","033","King","47.386111","-122.230278"
"02/22/2020","AirNow","530332004","4","6.5","ug/m3 LC","27","KENT - JAMES & CENTRAL","1","100.0000","88502","Acceptable PM2.5 AQI & Speciation Mass","42660","Seattle-Tacoma-Bellevue, WA","53","Washington","033","King","47.386111","-122.230278"
"02/23/2020","AirNow","530332004","4","5.1","ug/m3 LC","21","KENT - JAMES & CENTRAL","1","100.0000","88502","Acceptable PM2.5 AQI & Speciation Mass","42660","Seattle-Tacoma-Bellevue, WA","53","Washington","033","King","47.386111","-122.230278"
"02/24/2020","AirNow","530332004","4","5.5","ug/m3 LC","23","KENT - JAMES & CENTRAL","1","100.0000","88502","Acceptable PM2.5 AQI & Speciation Mass","42660","Seattle-Tacoma-Bellevue, WA","53","Washington","033","King","47.386111","-122.230278"
"02/25/2020","AirNow","530332004","4","7.2","ug/m3 LC","30","KENT - JAMES & CENTRAL","1","100.0000","88502","Acceptable PM2.5 AQI & Speciation Mass","42660","Seattle-Tacoma-Bellevue, WA","53","Washington","033","King","47.386111","-122.230278"
"02/26/2020","AirNow","530332004","4","5.4","ug/m3 LC","23","KENT - JAMES & CENTRAL","1","100.0000","88502","Acceptable PM2.5 AQI & Speciation Mass","42660","Seattle-Tacoma-Bellevue, WA","53","Washington","033","King","47.386111","-122.230278"
"02/27/2020","AirNow","530332004","4","6.2","ug/m3 LC","26","KENT - JAMES & CENTRAL","1","100.0000","88502","Acceptable PM2.5 AQI & Speciation Mass","42660","Seattle-Tacoma-Bellevue, WA","53","Washington","033","King","47.386111","-122.230278"
"02/28/2020","AirNow","530332004","4","7.4","ug/m3 LC","31","KENT - JAMES & CENTRAL","1","100.0000","88502","Acceptable PM2.5 AQI & Speciation Mass","42660","Seattle-Tacoma-Bellevue, WA","53","Washington","033","King","47.386111","-122.230278"
"02/29/2020","AirNow","530332004","4","3.9","ug/m3 LC","16","KENT - JAMES & CENTRAL","1","100.0000","88502","Acceptable PM2.5 AQI & Speciation Mass","42660","Seattle-Tacoma-Bellevue, WA","53","Washington","033","King","47.386111","-122.230278"
"03/01/2020","AirNow","530332004","4","5.8","ug/m3 LC","24","KENT - JAMES & CENTRAL","1","100.0000","88502","Acceptable PM2.5 AQI & Speciation Mass","42660","Seattle-Tacoma-Bellevue, WA","53","Washington","033","King","47.386111","-122.230278"
"03/02/2020","AirNow","530332004","4","3.3","ug/m3 LC","14","KENT - JAMES & CENTRAL","1","100.0000","88502","Acceptable PM2.5 AQI & Speciation Mass","42660","Seattle-Tacoma-Bellevue, WA","53","Washington","033","King","47.386111","-122.230278"
"03/03/2020","AirNow","530332004","4","2.7","ug/m3 LC","11","KENT - JAMES & CENTRAL","1","100.0000","88502","Acceptable PM2.5 AQI & Speciation Mass","42660","Seattle-Tacoma-Bellevue, WA","53","Washington","033","King","47.386111","-122.230278"
"03/04/2020","AirNow","530332004","4","5.6","ug/m3 LC","23","KENT - JAMES & CENTRAL","1","100.0000","88502","Acceptable PM2.5 AQI & Speciation Mass","42660","Seattle-Tacoma-Bellevue, WA","53","Washington","033","King","47.386111","-122.230278"
"03/05/2020","AirNow","530332004","4","4.9","ug/m3 LC","20","KENT - JAMES & CENTRAL","1","100.0000","88502","Acceptable PM2.5 AQI & Speciation Mass","42660","Seattle-Tacoma-Bellevue, WA","53","Washington","033","King","47.386111","-122.230278"
"03/06/2020","AirNow","530332004","4","4.8","ug/m3 LC","20","KENT - JAMES & CENTRAL","1","100.0000","88502","Acceptable PM2.5 AQI & Speciation Mass","42660","Seattle-Tacoma-Bellevue, WA","53","Washington","033","King","47.386111","-122.230278"
"03/07/2020","AirNow","530332004","4","6.3","ug/m3 LC","26","KENT - JAMES & CENTRAL","1","100.0000","88502","Acceptable PM2.5 AQI & Speciation Mass","42660","Seattle-Tacoma-Bellevue, WA","53","Washington","033","King","47.386111","-122.230278"
"03/08/2020","AirNow","530332004","4","4.6","ug/m3 LC","19","KENT - JAMES & CENTRAL","1","100.0000","88502","Acceptable PM2.5 AQI & Speciation Mass","42660","Seattle-Tacoma-Bellevue, WA","53","Washington","033","King","47.386111","-122.230278"
"03/09/2020","AirNow","530332004","4","6.7","ug/m3 LC","28","KENT - JAMES & CENTRAL","1","100.0000","88502","Acceptable PM2.5 AQI & Speciation Mass","42660","Seattle-Tacoma-Bellevue, WA","53","Washington","033","King","47.386111","-122.230278"
"03/10/2020","AirNow","530332004","4","5.7","ug/m3 LC","24","KENT - JAMES & CENTRAL","1","100.0000","88502","Acceptable PM2.5 AQI & Speciation Mass","42660","Seattle-Tacoma-Bellevue, WA","53","Washington","033","King","47.386111","-122.230278"
"03/11/2020","AirNow","530332004","4","4.1","ug/m3 LC","17","KENT - JAMES & CENTRAL","1","100.0000","88502","Acceptable PM2.5 AQI & Speciation Mass","42660","Seattle-Tacoma-Bellevue, WA","53","Washington","033","King","47.386111","-122.230278"
"03/12/2020","AirNow","530332004","4","6.1","ug/m3 LC","25","KENT - JAMES & CENTRAL","1","100.0000","88502","Acceptable PM2.5 AQI & Speciation Mass","42660","Seattle-Tacoma-Bellevue, WA","53","Washington","033","King","47.386111","-122.230278"
"03/13/2020","AirNow","530332004","4","5.5","ug/m3 LC","23","KENT - JAMES & CENTRAL","1","100.0000","88502","Acceptable PM2.5 AQI & Speciation Mass","42660","Seattle-Tacoma-Bellevue, WA","53","Washington","033","King","47.386111","-122.230278"
"03/14/2020","AirNow","530332004","4","4.1","ug/m3 LC","17","KENT - JAMES & CENTRAL","1","100.0000","88502","Acceptable PM2.5 AQI & Speciation Mass","42660","Seattle-Tacoma-Bellevue, WA","53","Washington","033","King","47.386111","-122.230278"
"03/15/2020","AirNow","530332004","4","4.3","ug/m3 LC","18","KENT - JAMES & CENTRAL","1","100.0000","88502","Acceptable PM2.5 AQI & Speciation Mass","42660","Seattle-Tacoma-Bellevue, WA","53","Washington","033","King","47.386111","-122.230278"
"03/16/2020","AirNow","530332004","4","5","ug/m3 LC","21","KENT - JAMES & CENTRAL","1","100.0000","88502","Acceptable PM2.5 AQI & Speciation Mass","42660","Seattle-Tacoma-Bellevue, WA","53","Washington","033","King","47.386111","-122.230278"
"03/17/2020","AirNow","530332004","4","9.1","ug/m3 LC","38","KENT - JAMES & CENTRAL","1","100.0000","88502","Acceptable PM2.5 AQI & Speciation Mass","42660","Seattle-Tacoma-Bellevue, WA","53","Washington","033","King","47.386111","-122.230278"
"03/18/2020","AirNow","530332004","4","11.2","ug/m3 LC","47","KENT - JAMES & CENTRAL","1","100.0000","88502","Acceptable PM2.5 AQI & Speciation Mass","42660","Seattle-Tacoma-Bellevue, WA","53","Washington","033","King","47.386111","-122.230278"
"03/19/2020","AirNow","530332004","4","11.5","ug/m3 LC","48","KENT - JAMES & CENTRAL","1","100.0000","88502","Acceptable PM2.5 AQI & Speciation Mass","42660","Seattle-Tacoma-Bellevue, WA","53","Washington","033","King","47.386111","-122.230278"
"03/20/2020","AirNow","530332004","4","10.8","ug/m3 LC","45","KENT - JAMES & CENTRAL","1","100.0000","88502","Acceptable PM2.5 AQI & Speciation Mass","42660","Seattle-Tacoma-Bellevue, WA","53","Washington","033","King","47.386111","-122.230278"
"03/21/2020","AirNow","530332004","4","11.8","ug/m3 LC","49","KENT - JAMES & CENTRAL","1","100.0000","88502","Acceptable PM2.5 AQI & Speciation Mass","42660","Seattle-Tacoma-Bellevue, WA","53","Washington","033","King","47.386111","-122.230278"
"03/22/2020","AirNow","530332004","4","12.7","ug/m3 LC","52","KENT - JAMES & CENTRAL","1","100.0000","88502","Acceptable PM2.5 AQI & Speciation Mass","42660","Seattle-Tacoma-Bellevue, WA","53","Washington","033","King","47.386111","-122.230278"
"03/23/2020","AirNow","530332004","4","3.3","ug/m3 LC","14","KENT - JAMES & CENTRAL","1","100.0000","88502","Acceptable PM2.5 AQI & Speciation Mass","42660","Seattle-Tacoma-Bellevue, WA","53","Washington","033","King","47.386111","-122.230278"
"03/24/2020","AirNow","530332004","4","3.4","ug/m3 LC","14","KENT - JAMES & CENTRAL","1","100.0000","88502","Acceptable PM2.5 AQI & Speciation Mass","42660","Seattle-Tacoma-Bellevue, WA","53","Washington","033","King","47.386111","-122.230278"
"03/25/2020","AirNow","530332004","4","4.1","ug/m3 LC","17","KENT - JAMES & CENTRAL","1","100.0000","88502","Acceptable PM2.5 AQI & Speciation Mass","42660","Seattle-Tacoma-Bellevue, WA","53","Washington","033","King","47.386111","-122.230278"
"03/26/2020","AirNow","530332004","4","5.6","ug/m3 LC","23","KENT - JAMES & CENTRAL","1","100.0000","88502","Acceptable PM2.5 AQI & Speciation Mass","42660","Seattle-Tacoma-Bellevue, WA","53","Washington","033","King","47.386111","-122.230278"
"03/27/2020","AirNow","530332004","4","5.2","ug/m3 LC","22","KENT - JAMES & CENTRAL","1","100.0000","88502","Acceptable PM2.5 AQI & Speciation Mass","42660","Seattle-Tacoma-Bellevue, WA","53","Washington","033","King","47.386111","-122.230278"
"03/28/2020","AirNow","530332004","4","2.8","ug/m3 LC","12","KENT - JAMES & CENTRAL","1","100.0000","88502","Acceptable PM2.5 AQI & Speciation Mass","42660","Seattle-Tacoma-Bellevue, WA","53","Washington","033","King","47.386111","-122.230278"
"03/29/2020","AirNow","530332004","4","2.8","ug/m3 LC","12","KENT - JAMES & CENTRAL","1","100.0000","88502","Acceptable PM2.5 AQI & Speciation Mass","42660","Seattle-Tacoma-Bellevue, WA","53","Washington","033","King","47.386111","-122.230278"
"03/30/2020","AirNow","530332004","4","2.9","ug/m3 LC","12","KENT - JAMES & CENTRAL","1","100.0000","88502","Acceptable PM2.5 AQI & Speciation Mass","42660","Seattle-Tacoma-Bellevue, WA","53","Washington","033","King","47.386111","-122.230278"
"03/31/2020","AirNow","530332004","4","2.9","ug/m3 LC","12","KENT - JAMES & CENTRAL","1","100.0000","88502","Acceptable PM2.5 AQI & Speciation Mass","42660","Seattle-Tacoma-Bellevue, WA","53","Washington","033","King","47.386111","-122.230278"
"04/01/2020","AirNow","530332004","4","4.3","ug/m3 LC","18","KENT - JAMES & CENTRAL","1","100.0000","88502","Acceptable PM2.5 AQI & Speciation Mass","42660","Seattle-Tacoma-Bellevue, WA","53","Washington","033","King","47.386111","-122.230278"
"04/02/2020","AirNow","530332004","4","4.7","ug/m3 LC","20","KENT - JAMES & CENTRAL","1","100.0000","88502","Acceptable PM2.5 AQI & Speciation Mass","42660","Seattle-Tacoma-Bellevue, WA","53","Washington","033","King","47.386111","-122.230278"
"04/03/2020","AirNow","530332004","4","3.5","ug/m3 LC","15","KENT - JAMES & CENTRAL","1","100.0000","88502","Acceptable PM2.5 AQI & Speciation Mass","42660","Seattle-Tacoma-Bellevue, WA","53","Washington","033","King","47.386111","-122.230278"
"04/04/2020","AirNow","530332004","4","5.1","ug/m3 LC","21","KENT - JAMES & CENTRAL","1","100.0000","88502","Acceptable PM2.5 AQI & Speciation Mass","42660","Seattle-Tacoma-Bellevue, WA","53","Washington","033","King","47.386111","-122.230278"
"04/05/2020","AirNow","530332004","4","4.5","ug/m3 LC","19","KENT - JAMES & CENTRAL","1","100.0000","88502","Acceptable PM2.5 AQI & Speciation Mass","42660","Seattle-Tacoma-Bellevue, WA","53","Washington","033","King","47.386111","-122.230278"
"04/06/2020","AirNow","530332004","4","5.7","ug/m3 LC","24","KENT - JAMES & CENTRAL","1","100.0000","88502","Acceptable PM2.5 AQI & Speciation Mass","42660","Seattle-Tacoma-Bellevue, WA","53","Washington","033","King","47.386111","-122.230278"
"04/07/2020","AirNow","530332004","4","7.2","ug/m3 LC","30","KENT - JAMES & CENTRAL","1","100.0000","88502","Acceptable PM2.5 AQI & Speciation Mass","42660","Seattle-Tacoma-Bellevue, WA","53","Washington","033","King","47.386111","-122.230278"
"04/08/2020","AirNow","530332004","4","8.8","ug/m3 LC","37","KENT - JAMES & CENTRAL","1","100.0000","88502","Acceptable PM2.5 AQI & Speciation Mass","42660","Seattle-Tacoma-Bellevue, WA","53","Washington","033","King","47.386111","-122.230278"
"04/09/2020","AirNow","530332004","4","9.5","ug/m3 LC","40","KENT - JAMES & CENTRAL","1","100.0000","88502","Acceptable PM2.5 AQI & Speciation Mass","42660","Seattle-Tacoma-Bellevue, WA","53","Washington","033","King","47.386111","-122.230278"
"04/10/2020","AirNow","530332004","4","7.4","ug/m3 LC","31","KENT - JAMES & CENTRAL","1","100.0000","88502","Acceptable PM2.5 AQI & Speciation Mass","42660","Seattle-Tacoma-Bellevue, WA","53","Washington","033","King","47.386111","-122.230278"
"04/11/2020","AirNow","530332004","4","5.3","ug/m3 LC","22","KENT - JAMES & CENTRAL","1","100.0000","88502","Acceptable PM2.5 AQI & Speciation Mass","42660","Seattle-Tacoma-Bellevue, WA","53","Washington","033","King","47.386111","-122.230278"
"04/12/2020","AirNow","530332004","4","6.3","ug/m3 LC","26","KENT - JAMES & CENTRAL","1","100.0000","88502","Acceptable PM2.5 AQI & Speciation Mass","42660","Seattle-Tacoma-Bellevue, WA","53","Washington","033","King","47.386111","-122.230278"
"04/13/2020","AirNow","530332004","4","6.7","ug/m3 LC","28","KENT - JAMES & CENTRAL","1","100.0000","88502","Acceptable PM2.5 AQI & Speciation Mass","42660","Seattle-Tacoma-Bellevue, WA","53","Washington","033","King","47.386111","-122.230278"
"04/14/2020","AirNow","530332004","4","5.6","ug/m3 LC","23","KENT - JAMES & CENTRAL","1","100.0000","88502","Acceptable PM2.5 AQI & Speciation Mass","42660","Seattle-Tacoma-Bellevue, WA","53","Washington","033","King","47.386111","-122.230278"
"04/15/2020","AirNow","530332004","4","4.2","ug/m3 LC","18","KENT - JAMES & CENTRAL","1","100.0000","88502","Acceptable PM2.5 AQI & Speciation Mass","42660","Seattle-Tacoma-Bellevue, WA","53","Washington","033","King","47.386111","-122.230278"
"04/16/2020","AirNow","530332004","4","5","ug/m3 LC","21","KENT - JAMES & CENTRAL","1","100.0000","88502","Acceptable PM2.5 AQI & Speciation Mass","42660","Seattle-Tacoma-Bellevue, WA","53","Washington","033","King","47.386111","-122.230278"
"04/17/2020","AirNow","530332004","4","5.9","ug/m3 LC","25","KENT - JAMES & CENTRAL","1","100.0000","88502","Acceptable PM2.5 AQI & Speciation Mass","42660","Seattle-Tacoma-Bellevue, WA","53","Washington","033","King","47.386111","-122.230278"
"04/18/2020","AirNow","530332004","4","4.9","ug/m3 LC","20","KENT - JAMES & CENTRAL","1","100.0000","88502","Acceptable PM2.5 AQI & Speciation Mass","42660","Seattle-Tacoma-Bellevue, WA","53","Washington","033","King","47.386111","-122.230278"
"04/19/2020","AirNow","530332004","4","3.9","ug/m3 LC","16","KENT - JAMES & CENTRAL","1","100.0000","88502","Acceptable PM2.5 AQI & Speciation Mass","42660","Seattle-Tacoma-Bellevue, WA","53","Washington","033","King","47.386111","-122.230278"
"04/20/2020","AirNow","530332004","4","6.1","ug/m3 LC","25","KENT - JAMES & CENTRAL","1","100.0000","88502","Acceptable PM2.5 AQI & Speciation Mass","42660","Seattle-Tacoma-Bellevue, WA","53","Washington","033","King","47.386111","-122.230278"
"04/21/2020","AirNow","530332004","4","2.9","ug/m3 LC","12","KENT - JAMES & CENTRAL","1","100.0000","88502","Acceptable PM2.5 AQI & Speciation Mass","42660","Seattle-Tacoma-Bellevue, WA","53","Washington","033","King","47.386111","-122.230278"
"04/22/2020","AirNow","530332004","4","3.9","ug/m3 LC","16","KENT - JAMES & CENTRAL","1","100.0000","88502","Acceptable PM2.5 AQI & Speciation Mass","42660","Seattle-Tacoma-Bellevue, WA","53","Washington","033","King","47.386111","-122.230278"
"04/23/2020","AirNow","530332004","4","3.2","ug/m3 LC","13","KENT - JAMES & CENTRAL","1","100.0000","88502","Acceptable PM2.5 AQI & Speciation Mass","42660","Seattle-Tacoma-Bellevue, WA","53","Washington","033","King","47.386111","-122.230278"
"04/24/2020","AirNow","530332004","4","5.5","ug/m3 LC","23","KENT - JAMES & CENTRAL","1","100.0000","88502","Acceptable PM2.5 AQI & Speciation Mass","42660","Seattle-Tacoma-Bellevue, WA","53","Washington","033","King","47.386111","-122.230278"
"04/25/2020","AirNow","530332004","4","5.8","ug/m3 LC","24","KENT - JAMES & CENTRAL","1","100.0000","88502","Acceptable PM2.5 AQI & Speciation Mass","42660","Seattle-Tacoma-Bellevue, WA","53","Washington","033","King","47.386111","-122.230278"
"04/26/2020","AirNow","530332004","4","5.3","ug/m3 LC","22","KENT - JAMES & CENTRAL","1","100.0000","88502","Acceptable PM2.5 AQI & Speciation Mass","42660","Seattle-Tacoma-Bellevue, WA","53","Washington","033","King","47.386111","-122.230278"
"04/27/2020","AirNow","530332004","4","3.8","ug/m3 LC","16","KENT - JAMES & CENTRAL","1","100.0000","88502","Acceptable PM2.5 AQI & Speciation Mass","42660","Seattle-Tacoma-Bellevue, WA","53","Washington","033","King","47.386111","-122.230278"
"04/28/2020","AirNow","530332004","4","6","ug/m3 LC","25","KENT - JAMES & CENTRAL","1","100.0000","88502","Acceptable PM2.5 AQI & Speciation Mass","42660","Seattle-Tacoma-Bellevue, WA","53","Washington","033","King","47.386111","-122.230278"
"04/29/2020","AirNow","530332004","4","5.3","ug/m3 LC","22","KENT - JAMES & CENTRAL","1","100.0000","88502","Acceptable PM2.5 AQI & Speciation Mass","42660","Seattle-Tacoma-Bellevue, WA","53","Washington","033","King","47.386111","-122.230278"
"04/30/2020","AirNow","530332004","4","3.6","ug/m3 LC","15","KENT - JAMES & CENTRAL","1","100.0000","88502","Acceptable PM2.5 AQI & Speciation Mass","42660","Seattle-Tacoma-Bellevue, WA","53","Washington","033","King","47.386111","-122.230278"
"05/01/2020","AirNow","530332004","4","4.9","ug/m3 LC","20","KENT - JAMES & CENTRAL","1","100.0000","88502","Acceptable PM2.5 AQI & Speciation Mass","42660","Seattle-Tacoma-Bellevue, WA","53","Washington","033","King","47.386111","-122.230278"
"05/02/2020","AirNow","530332004","4","5.1","ug/m3 LC","21","KENT - JAMES & CENTRAL","1","100.0000","88502","Acceptable PM2.5 AQI & Speciation Mass","42660","Seattle-Tacoma-Bellevue, WA","53","Washington","033","King","47.386111","-122.230278"
"01/01/2020","AQS","530332004","5","2","ug/m3 LC","8","KENT - JAMES & CENTRAL","1","100.0000","88101","PM2.5 - Local Conditions","42660","Seattle-Tacoma-Bellevue, WA","53","Washington","033","King","47.386111","-122.230278"
"01/02/2020","AQS","530332004","5","3.3","ug/m3 LC","14","KENT - JAMES & CENTRAL","1","100.0000","88101","PM2.5 - Local Conditions","42660","Seattle-Tacoma-Bellevue, WA","53","Washington","033","King","47.386111","-122.230278"
"01/03/2020","AQS","530332004","5","4.8","ug/m3 LC","20","KENT - JAMES & CENTRAL","1","100.0000","88101","PM2.5 - Local Conditions","42660","Seattle-Tacoma-Bellevue, WA","53","Washington","033","King","47.386111","-122.230278"
"01/04/2020","AQS","530332004","5","1.9","ug/m3 LC","8","KENT - JAMES & CENTRAL","1","100.0000","88101","PM2.5 - Local Conditions","42660","Seattle-Tacoma-Bellevue, WA","53","Washington","033","King","47.386111","-122.230278"
"01/05/2020","AQS","530332004","5","1","ug/m3 LC","4","KENT - JAMES & CENTRAL","1","100.0000","88101","PM2.5 - Local Conditions","42660","Seattle-Tacoma-Bellevue, WA","53","Washington","033","King","47.386111","-122.230278"
"01/06/2020","AQS","530332004","5","0.7","ug/m3 LC","3","KENT - JAMES & CENTRAL","1","100.0000","88101","PM2.5 - Local Conditions","42660","Seattle-Tacoma-Bellevue, WA","53","Washington","033","King","47.386111","-122.230278"
"01/07/2020","AQS","530332004","5","0","ug/m3 LC","0","KENT - JAMES & CENTRAL","1","100.0000","88101","PM2.5 - Local Conditions","42660","Seattle-Tacoma-Bellevue, WA","53","Washington","033","King","47.386111","-122.230278"
"01/08/2020","AQS","530332004","5","1.4","ug/m3 LC","6","KENT - JAMES & CENTRAL","1","100.0000","88101","PM2.5 - Local Conditions","42660","Seattle-Tacoma-Bellevue, WA","53","Washington","033","King","47.386111","-122.230278"
"01/09/2020","AQS","530332004","5","7.3","ug/m3 LC","30","KENT - JAMES & CENTRAL","1","100.0000","88101","PM2.5 - Local Conditions","42660","Seattle-Tacoma-Bellevue, WA","53","Washington","033","King","47.386111","-122.230278"
"01/10/2020","AQS","530332004","5","2.1","ug/m3 LC","9","KENT - JAMES & CENTRAL","1","100.0000","88101","PM2.5 - Local Conditions","42660","Seattle-Tacoma-Bellevue, WA","53","Washington","033","King","47.386111","-122.230278"
"01/11/2020","AQS","530332004","5","1.7","ug/m3 LC","7","KENT - JAMES & CENTRAL","1","100.0000","88101","PM2.5 - Local Conditions","42660","Seattle-Tacoma-Bellevue, WA","53","Washington","033","King","47.386111","-122.230278"
"01/12/2020","AQS","530332004","5","1.1","ug/m3 LC","5","KENT - JAMES & CENTRAL","1","100.0000","88101","PM2.5 - Local Conditions","42660","Seattle-Tacoma-Bellevue, WA","53","Washington","033","King","47.386111","-122.230278"
"01/13/2020","AQS","530332004","5","4.2","ug/m3 LC","18","KENT - JAMES & CENTRAL","1","100.0000","88101","PM2.5 - Local Conditions","42660","Seattle-Tacoma-Bellevue, WA","53","Washington","033","King","47.386111","-122.230278"
"01/14/2020","AQS","530332004","5","3.5","ug/m3 LC","15","KENT - JAMES & CENTRAL","1","100.0000","88101","PM2.5 - Local Conditions","42660","Seattle-Tacoma-Bellevue, WA","53","Washington","033","King","47.386111","-122.230278"
"01/15/2020","AQS","530332004","5","0","ug/m3 LC","0","KENT - JAMES & CENTRAL","1","100.0000","88101","PM2.5 - Local Conditions","42660","Seattle-Tacoma-Bellevue, WA","53","Washington","033","King","47.386111","-122.230278"
"01/16/2020","AQS","530332004","5","2.8","ug/m3 LC","12","KENT - JAMES & CENTRAL","1","100.0000","88101","PM2.5 - Local Conditions","42660","Seattle-Tacoma-Bellevue, WA","53","Washington","033","King","47.386111","-122.230278"
"01/17/2020","AQS","530332004","5","4.5","ug/m3 LC","19","KENT - JAMES & CENTRAL","1","100.0000","88101","PM2.5 - Local Conditions","42660","Seattle-Tacoma-Bellevue, WA","53","Washington","033","King","47.386111","-122.230278"
"01/18/2020","AQS","530332004","5","1.2","ug/m3 LC","5","KENT - JAMES & CENTRAL","1","100.0000","88101","PM2.5 - Local Conditions","42660","Seattle-Tacoma-Bellevue, WA","53","Washington","033","King","47.386111","-122.230278"
"01/19/2020","AQS","530332004","5","5.2","ug/m3 LC","22","KENT - JAMES & CENTRAL","1","100.0000","88101","PM2.5 - Local Conditions","42660","Seattle-Tacoma-Bellevue, WA","53","Washington","033","King","47.386111","-122.230278"
"01/20/2020","AQS","530332004","5","12.6","ug/m3 LC","52","KENT - JAMES & CENTRAL","1","100.0000","88101","PM2.5 - Local Conditions","42660","Seattle-Tacoma-Bellevue, WA","53","Washington","033","King","47.386111","-122.230278"
"01/21/2020","AQS","530332004","5","3.3","ug/m3 LC","14","KENT - JAMES & CENTRAL","1","100.0000","88101","PM2.5 - Local Conditions","42660","Seattle-Tacoma-Bellevue, WA","53","Washington","033","King","47.386111","-122.230278"
"01/22/2020","AQS","530332004","5","1.4","ug/m3 LC","6","KENT - JAMES & CENTRAL","1","100.0000","88101","PM2.5 - Local Conditions","42660","Seattle-Tacoma-Bellevue, WA","53","Washington","033","King","47.386111","-122.230278"
"01/23/2020","AQS","530332004","5","1.4","ug/m3 LC","6","KENT - JAMES & CENTRAL","1","100.0000","88101","PM2.5 - Local Conditions","42660","Seattle-Tacoma-Bellevue, WA","53","Washington","033","King","47.386111","-122.230278"
"01/24/2020","AQS","530332004","5","1.2","ug/m3 LC","5","KENT - JAMES & CENTRAL","1","100.0000","88101","PM2.5 - Local Conditions","42660","Seattle-Tacoma-Bellevue, WA","53","Washington","033","King","47.386111","-122.230278"
"01/25/2020","AQS","530332004","5","4.5","ug/m3 LC","19","KENT - JAMES & CENTRAL","1","100.0000","88101","PM2.5 - Local Conditions","42660","Seattle-Tacoma-Bellevue, WA","53","Washington","033","King","47.386111","-122.230278"
"01/26/2020","AQS","530332004","5","1.8","ug/m3 LC","8","KENT - JAMES & CENTRAL","1","100.0000","88101","PM2.5 - Local Conditions","42660","Seattle-Tacoma-Bellevue, WA","53","Washington","033","King","47.386111","-122.230278"
"01/27/2020","AQS","530332004","5","1.5","ug/m3 LC","6","KENT - JAMES & CENTRAL","1","100.0000","88101","PM2.5 - Local Conditions","42660","Seattle-Tacoma-Bellevue, WA","53","Washington","033","King","47.386111","-122.230278"
"01/28/2020","AQS","530332004","5","1.3","ug/m3 LC","5","KENT - JAMES & CENTRAL","1","100.0000","88101","PM2.5 - Local Conditions","42660","Seattle-Tacoma-Bellevue, WA","53","Washington","033","King","47.386111","-122.230278"
"01/29/2020","AQS","530332004","5","2.7","ug/m3 LC","11","KENT - JAMES & CENTRAL","1","100.0000","88101","PM2.5 - Local Conditions","42660","Seattle-Tacoma-Bellevue, WA","53","Washington","033","King","47.386111","-122.230278"
"01/30/2020","AQS","530332004","5","3.3","ug/m3 LC","14","KENT - JAMES & CENTRAL","1","100.0000","88101","PM2.5 - Local Conditions","42660","Seattle-Tacoma-Bellevue, WA","53","Washington","033","King","47.386111","-122.230278"
"01/31/2020","AQS","530332004","5","-0.9","ug/m3 LC","0","KENT - JAMES & CENTRAL","1","100.0000","88101","PM2.5 - Local Conditions","42660","Seattle-Tacoma-Bellevue, WA","53","Washington","033","King","47.386111","-122.230278"
"02/01/2020","AirNow","530332004","5","0.6","ug/m3 LC","3","KENT - JAMES & CENTRAL","1","100.0000","88101","PM2.5 - Local Conditions","42660","Seattle-Tacoma-Bellevue, WA","53","Washington","033","King","47.386111","-122.230278"
"02/02/2020","AirNow","530332004","5","6.5","ug/m3 LC","27","KENT - JAMES & CENTRAL","1","100.0000","88101","PM2.5 - Local Conditions","42660","Seattle-Tacoma-Bellevue, WA","53","Washington","033","King","47.386111","-122.230278"
"02/03/2020","AirNow","530332004","5","5.9","ug/m3 LC","25","KENT - JAMES & CENTRAL","1","100.0000","88101","PM2.5 - Local Conditions","42660","Seattle-Tacoma-Bellevue, WA","53","Washington","033","King","47.386111","-122.230278"
"02/04/2020","AirNow","530332004","5","5.8","ug/m3 LC","24","KENT - JAMES & CENTRAL","1","100.0000","88101","PM2.5 - Local Conditions","42660","Seattle-Tacoma-Bellevue, WA","53","Washington","033","King","47.386111","-122.230278"
"02/05/2020","AirNow","530332004","5","0","ug/m3 LC","0","KENT - JAMES & CENTRAL","1","100.0000","88101","PM2.5 - Local Conditions","42660","Seattle-Tacoma-Bellevue, WA","53","Washington","033","King","47.386111","-122.230278"
"02/06/2020","AirNow","530332004","5","-0.1","ug/m3 LC","0","KENT - JAMES & CENTRAL","1","100.0000","88101","PM2.5 - Local Conditions","42660","Seattle-Tacoma-Bellevue, WA","53","Washington","033","King","47.386111","-122.230278"
"02/07/2020","AirNow","530332004","5","0.2","ug/m3 LC","1","KENT - JAMES & CENTRAL","1","100.0000","88101","PM2.5 - Local Conditions","42660","Seattle-Tacoma-Bellevue, WA","53","Washington","033","King","47.386111","-122.230278"
"02/08/2020","AirNow","530332004","5","3.5","ug/m3 LC","15","KENT - JAMES & CENTRAL","1","100.0000","88101","PM2.5 - Local Conditions","42660","Seattle-Tacoma-Bellevue, WA","53","Washington","033","King","47.386111","-122.230278"
"02/09/2020","AirNow","530332004","5","5.8","ug/m3 LC","24","KENT - JAMES & CENTRAL","1","100.0000","88101","PM2.5 - Local Conditions","42660","Seattle-Tacoma-Bellevue, WA","53","Washington","033","King","47.386111","-122.230278"
"02/10/2020","AirNow","530332004","5","11.5","ug/m3 LC","48","KENT - JAMES & CENTRAL","1","100.0000","88101","PM2.5 - Local Conditions","42660","Seattle-Tacoma-Bellevue, WA","53","Washington","033","King","47.386111","-122.230278"
"02/11/2020","AirNow","530332004","5","6.5","ug/m3 LC","27","KENT - JAMES & CENTRAL","1","100.0000","88101","PM2.5 - Local Conditions","42660","Seattle-Tacoma-Bellevue, WA","53","Washington","033","King","47.386111","-122.230278"
"02/12/2020","AirNow","530332004","5","3.8","ug/m3 LC","16","KENT - JAMES & CENTRAL","1","100.0000","88101","PM2.5 - Local Conditions","42660","Seattle-Tacoma-Bellevue, WA","53","Washington","033","King","47.386111","-122.230278"
"02/13/2020","AirNow","530332004","5","3.4","ug/m3 LC","14","KENT - JAMES & CENTRAL","1","100.0000","88101","PM2.5 - Local Conditions","42660","Seattle-Tacoma-Bellevue, WA","53","Washington","033","King","47.386111","-122.230278"
"02/14/2020","AirNow","530332004","5","1.5","ug/m3 LC","6","KENT - JAMES & CENTRAL","1","100.0000","88101","PM2.5 - Local Conditions","42660","Seattle-Tacoma-Bellevue, WA","53","Washington","033","King","47.386111","-122.230278"
"02/15/2020","AirNow","530332004","5","-0.2","ug/m3 LC","0","KENT - JAMES & CENTRAL","1","100.0000","88101","PM2.5 - Local Conditions","42660","Seattle-Tacoma-Bellevue, WA","53","Washington","033","King","47.386111","-122.230278"
"02/16/2020","AirNow","530332004","5","1.9","ug/m3 LC","8","KENT - JAMES & CENTRAL","1","100.0000","88101","PM2.5 - Local Conditions","42660","Seattle-Tacoma-Bellevue, WA","53","Washington","033","King","47.386111","-122.230278"
"02/17/2020","AirNow","530332004","5","3.7","ug/m3 LC","15","KENT - JAMES & CENTRAL","1","100.0000","88101","PM2.5 - Local Conditions","42660","Seattle-Tacoma-Bellevue, WA","53","Washington","033","King","47.386111","-122.230278"
"02/18/2020","AirNow","530332004","5","3.7","ug/m3 LC","15","KENT - JAMES & CENTRAL","1","100.0000","88101","PM2.5 - Local Conditions","42660","Seattle-Tacoma-Bellevue, WA","53","Washington","033","King","47.386111","-122.230278"
"02/19/2020","AirNow","530332004","5","6.3","ug/m3 LC","26","KENT - JAMES & CENTRAL","1","100.0000","88101","PM2.5 - Local Conditions","42660","Seattle-Tacoma-Bellevue, WA","53","Washington","033","King","47.386111","-122.230278"
"02/20/2020","AirNow","530332004","5","9.1","ug/m3 LC","38","KENT - JAMES & CENTRAL","1","100.0000","88101","PM2.5 - Local Conditions","42660","Seattle-Tacoma-Bellevue, WA","53","Washington","033","King","47.386111","-122.230278"
"02/21/2020","AirNow","530332004","5","9.2","ug/m3 LC","38","KENT - JAMES & CENTRAL","1","100.0000","88101","PM2.5 - Local Conditions","42660","Seattle-Tacoma-Bellevue, WA","53","Washington","033","King","47.386111","-122.230278"
"02/22/2020","AirNow","530332004","5","5.4","ug/m3 LC","23","KENT - JAMES & CENTRAL","1","100.0000","88101","PM2.5 - Local Conditions","42660","Seattle-Tacoma-Bellevue, WA","53","Washington","033","King","47.386111","-122.230278"
"02/23/2020","AirNow","530332004","5","5.1","ug/m3 LC","21","KENT - JAMES & CENTRAL","1","100.0000","88101","PM2.5 - Local Conditions","42660","Seattle-Tacoma-Bellevue, WA","53","Washington","033","King","47.386111","-122.230278"
"02/24/2020","AirNow","530332004","5","5.6","ug/m3 LC","23","KENT - JAMES & CENTRAL","1","100.0000","88101","PM2.5 - Local Conditions","42660","Seattle-Tacoma-Bellevue, WA","53","Washington","033","King","47.386111","-122.230278"
"02/25/2020","AirNow","530332004","5","8.5","ug/m3 LC","35","KENT - JAMES & CENTRAL","1","100.0000","88101","PM2.5 - Local Conditions","42660","Seattle-Tacoma-Bellevue, WA","53","Washington","033","King","47.386111","-122.230278"
"02/26/2020","AirNow","530332004","5","3.5","ug/m3 LC","15","KENT - JAMES & CENTRAL","1","100.0000","88101","PM2.5 - Local Conditions","42660","Seattle-Tacoma-Bellevue, WA","53","Washington","033","King","47.386111","-122.230278"
"02/27/2020","AirNow","530332004","5","6.2","ug/m3 LC","26","KENT - JAMES & CENTRAL","1","100.0000","88101","PM2.5 - Local Conditions","42660","Seattle-Tacoma-Bellevue, WA","53","Washington","033","King","47.386111","-122.230278"
"02/28/2020","AirNow","530332004","5","6.5","ug/m3 LC","27","KENT - JAMES & CENTRAL","1","100.0000","88101","PM2.5 - Local Conditions","42660","Seattle-Tacoma-Bellevue, WA","53","Washington","033","King","47.386111","-122.230278"
"02/29/2020","AirNow","530332004","5","2.3","ug/m3 LC","10","KENT - JAMES & CENTRAL","1","100.0000","88101","PM2.5 - Local Conditions","42660","Seattle-Tacoma-Bellevue, WA","53","Washington","033","King","47.386111","-122.230278"
"03/01/2020","AirNow","530332004","5","5.2","ug/m3 LC","22","KENT - JAMES & CENTRAL","1","100.0000","88101","PM2.5 - Local Conditions","42660","Seattle-Tacoma-Bellevue, WA","53","Washington","033","King","47.386111","-122.230278"
"03/02/2020","AirNow","530332004","5","1.2","ug/m3 LC","5","KENT - JAMES & CENTRAL","1","100.0000","88101","PM2.5 - Local Conditions","42660","Seattle-Tacoma-Bellevue, WA","53","Washington","033","King","47.386111","-122.230278"
"03/03/2020","AirNow","530332004","5","-0.2","ug/m3 LC","0","KENT - JAMES & CENTRAL","1","100.0000","88101","PM2.5 - Local Conditions","42660","Seattle-Tacoma-Bellevue, WA","53","Washington","033","King","47.386111","-122.230278"
"03/04/2020","AirNow","530332004","5","6.2","ug/m3 LC","26","KENT - JAMES & CENTRAL","1","100.0000","88101","PM2.5 - Local Conditions","42660","Seattle-Tacoma-Bellevue, WA","53","Washington","033","King","47.386111","-122.230278"
"03/05/2020","AirNow","530332004","5","3.2","ug/m3 LC","13","KENT - JAMES & CENTRAL","1","100.0000","88101","PM2.5 - Local Conditions","42660","Seattle-Tacoma-Bellevue, WA","53","Washington","033","King","47.386111","-122.230278"
"03/06/2020","AirNow","530332004","5","2.1","ug/m3 LC","9","KENT - JAMES & CENTRAL","1","100.0000","88101","PM2.5 - Local Conditions","42660","Seattle-Tacoma-Bellevue, WA","53","Washington","033","King","47.386111","-122.230278"
"03/07/2020","AirNow","530332004","5","4.7","ug/m3 LC","20","KENT - JAMES & CENTRAL","1","100.0000","88101","PM2.5 - Local Conditions","42660","Seattle-Tacoma-Bellevue, WA","53","Washington","033","King","47.386111","-122.230278"
"03/08/2020","AirNow","530332004","5","2","ug/m3 LC","8","KENT - JAMES & CENTRAL","1","100.0000","88101","PM2.5 - Local Conditions","42660","Seattle-Tacoma-Bellevue, WA","53","Washington","033","King","47.386111","-122.230278"
"03/09/2020","AirNow","530332004","5","6.9","ug/m3 LC","29","KENT - JAMES & CENTRAL","1","100.0000","88101","PM2.5 - Local Conditions","42660","Seattle-Tacoma-Bellevue, WA","53","Washington","033","King","47.386111","-122.230278"
"03/10/2020","AirNow","530332004","5","4.9","ug/m3 LC","20","KENT - JAMES & CENTRAL","1","100.0000","88101","PM2.5 - Local Conditions","42660","Seattle-Tacoma-Bellevue, WA","53","Washington","033","King","47.386111","-122.230278"
"03/11/2020","AirNow","530332004","5","2.5","ug/m3 LC","10","KENT - JAMES & CENTRAL","1","100.0000","88101","PM2.5 - Local Conditions","42660","Seattle-Tacoma-Bellevue, WA","53","Washington","033","King","47.386111","-122.230278"
"03/12/2020","AirNow","530332004","5","5.5","ug/m3 LC","23","KENT - JAMES & CENTRAL","1","100.0000","88101","PM2.5 - Local Conditions","42660","Seattle-Tacoma-Bellevue, WA","53","Washington","033","King","47.386111","-122.230278"
"03/13/2020","AirNow","530332004","5","4.4","ug/m3 LC","18","KENT - JAMES & CENTRAL","1","100.0000","88101","PM2.5 - Local Conditions","42660","Seattle-Tacoma-Bellevue, WA","53","Washington","033","King","47.386111","-122.230278"
"03/14/2020","AirNow","530332004","5","2.8","ug/m3 LC","12","KENT - JAMES & CENTRAL","1","100.0000","88101","PM2.5 - Local Conditions","42660","Seattle-Tacoma-Bellevue, WA","53","Washington","033","King","47.386111","-122.230278"
"03/15/2020","AirNow","530332004","5","2.7","ug/m3 LC","11","KENT - JAMES & CENTRAL","1","100.0000","88101","PM2.5 - Local Conditions","42660","Seattle-Tacoma-Bellevue, WA","53","Washington","033","King","47.386111","-122.230278"
"03/16/2020","AirNow","530332004","5","4.3","ug/m3 LC","18","KENT - JAMES & CENTRAL","1","100.0000","88101","PM2.5 - Local Conditions","42660","Seattle-Tacoma-Bellevue, WA","53","Washington","033","King","47.386111","-122.230278"
"03/17/2020","AirNow","530332004","5","9.8","ug/m3 LC","41","KENT - JAMES & CENTRAL","1","100.0000","88101","PM2.5 - Local Conditions","42660","Seattle-Tacoma-Bellevue, WA","53","Washington","033","King","47.386111","-122.230278"
"03/18/2020","AirNow","530332004","5","14.2","ug/m3 LC","55","KENT - JAMES & CENTRAL","1","100.0000","88101","PM2.5 - Local Conditions","42660","Seattle-Tacoma-Bellevue, WA","53","Washington","033","King","47.386111","-122.230278"
"03/19/2020","AirNow","530332004","5","14.6","ug/m3 LC","56","KENT - JAMES & CENTRAL","1","100.0000","88101","PM2.5 - Local Conditions","42660","Seattle-Tacoma-Bellevue, WA","53","Washington","033","King","47.386111","-122.230278"
"03/20/2020","AirNow","530332004","5","13.3","ug/m3 LC","54","KENT - JAMES & CENTRAL","1","100.0000","88101","PM2.5 - Local Conditions","42660","Seattle-Tacoma-Bellevue, WA","53","Washington","033","King","47.386111","-122.230278"
"03/21/2020","AirNow","530332004","5","14.7","ug/m3 LC","56","KENT - JAMES & CENTRAL","1","100.0000","88101","PM2.5 - Local Conditions","42660","Seattle-Tacoma-Bellevue, WA","53","Washington","033","King","47.386111","-122.230278"
"03/22/2020","AirNow","530332004","5","15.3","ug/m3 LC","58","KENT - JAMES & CENTRAL","1","100.0000","88101","PM2.5 - Local Conditions","42660","Seattle-Tacoma-Bellevue, WA","53","Washington","033","King","47.386111","-122.230278"
"03/23/2020","AirNow","530332004","5","0.9","ug/m3 LC","4","KENT - JAMES & CENTRAL","1","100.0000","88101","PM2.5 - Local Conditions","42660","Seattle-Tacoma-Bellevue, WA","53","Washington","033","King","47.386111","-122.230278"
"03/24/2020","AirNow","530332004","5","0.5","ug/m3 LC","2","KENT - JAMES & CENTRAL","1","100.0000","88101","PM2.5 - Local Conditions","42660","Seattle-Tacoma-Bellevue, WA","53","Washington","033","King","47.386111","-122.230278"
"03/25/2020","AirNow","530332004","5","1.5","ug/m3 LC","6","KENT - JAMES & CENTRAL","1","100.0000","88101","PM2.5 - Local Conditions","42660","Seattle-Tacoma-Bellevue, WA","53","Washington","033","King","47.386111","-122.230278"
"03/26/2020","AirNow","530332004","5","4.7","ug/m3 LC","20","KENT - JAMES & CENTRAL","1","100.0000","88101","PM2.5 - Local Conditions","42660","Seattle-Tacoma-Bellevue, WA","53","Washington","033","King","47.386111","-122.230278"
"03/27/2020","AirNow","530332004","5","3.6","ug/m3 LC","15","KENT - JAMES & CENTRAL","1","100.0000","88101","PM2.5 - Local Conditions","42660","Seattle-Tacoma-Bellevue, WA","53","Washington","033","King","47.386111","-122.230278"
"03/28/2020","AirNow","530332004","5","-0.2","ug/m3 LC","0","KENT - JAMES & CENTRAL","1","100.0000","88101","PM2.5 - Local Conditions","42660","Seattle-Tacoma-Bellevue, WA","53","Washington","033","King","47.386111","-122.230278"
"03/29/2020","AirNow","530332004","5","-0.2","ug/m3 LC","0","KENT - JAMES & CENTRAL","1","100.0000","88101","PM2.5 - Local Conditions","42660","Seattle-Tacoma-Bellevue, WA","53","Washington","033","King","47.386111","-122.230278"
"03/30/2020","AirNow","530332004","5","0.2","ug/m3 LC","1","KENT - JAMES & CENTRAL","1","100.0000","88101","PM2.5 - Local Conditions","42660","Seattle-Tacoma-Bellevue, WA","53","Washington","033","King","47.386111","-122.230278"
"03/31/2020","AirNow","530332004","5","-0.2","ug/m3 LC","0","KENT - JAMES & CENTRAL","1","100.0000","88101","PM2.5 - Local Conditions","42660","Seattle-Tacoma-Bellevue, WA","53","Washington","033","King","47.386111","-122.230278"
"04/01/2020","AirNow","530332004","5","2.4","ug/m3 LC","10","KENT - JAMES & CENTRAL","1","100.0000","88101","PM2.5 - Local Conditions","42660","Seattle-Tacoma-Bellevue, WA","53","Washington","033","King","47.386111","-122.230278"
"04/02/2020","AirNow","530332004","5","2.8","ug/m3 LC","12","KENT - JAMES & CENTRAL","1","100.0000","88101","PM2.5 - Local Conditions","42660","Seattle-Tacoma-Bellevue, WA","53","Washington","033","King","47.386111","-122.230278"
"04/03/2020","AirNow","530332004","5","0.6","ug/m3 LC","3","KENT - JAMES & CENTRAL","1","100.0000","88101","PM2.5 - Local Conditions","42660","Seattle-Tacoma-Bellevue, WA","53","Washington","033","King","47.386111","-122.230278"
"04/04/2020","AirNow","530332004","5","3.1","ug/m3 LC","13","KENT - JAMES & CENTRAL","1","100.0000","88101","PM2.5 - Local Conditions","42660","Seattle-Tacoma-Bellevue, WA","53","Washington","033","King","47.386111","-122.230278"
"04/05/2020","AirNow","530332004","5","3.2","ug/m3 LC","13","KENT - JAMES & CENTRAL","1","100.0000","88101","PM2.5 - Local Conditions","42660","Seattle-Tacoma-Bellevue, WA","53","Washington","033","King","47.386111","-122.230278"
"04/06/2020","AirNow","530332004","5","4.8","ug/m3 LC","20","KENT - JAMES & CENTRAL","1","100.0000","88101","PM2.5 - Local Conditions","42660","Seattle-Tacoma-Bellevue, WA","53","Washington","033","King","47.386111","-122.230278"
"04/07/2020","AirNow","530332004","5","7.6","ug/m3 LC","32","KENT - JAMES & CENTRAL","1","100.0000","88101","PM2.5 - Local Conditions","42660","Seattle-Tacoma-Bellevue, WA","53","Washington","033","King","47.386111","-122.230278"
"04/08/2020","AirNow","530332004","5","9.4","ug/m3 LC","39","KENT - JAMES & CENTRAL","1","100.0000","88101","PM2.5 - Local Conditions","42660","Seattle-Tacoma-Bellevue, WA","53","Washington","033","King","47.386111","-122.230278"
"04/09/2020","AirNow","530332004","5","10.7","ug/m3 LC","45","KENT - JAMES & CENTRAL","1","100.0000","88101","PM2.5 - Local Conditions","42660","Seattle-Tacoma-Bellevue, WA","53","Washington","033","King","47.386111","-122.230278"
"04/10/2020","AirNow","530332004","5","7.5","ug/m3 LC","31","KENT - JAMES & CENTRAL","1","100.0000","88101","PM2.5 - Local Conditions","42660","Seattle-Tacoma-Bellevue, WA","53","Washington","033","King","47.386111","-122.230278"
"04/11/2020","AirNow","530332004","5","4.4","ug/m3 LC","18","KENT - JAMES & CENTRAL","1","100.0000","88101","PM2.5 - Local Conditions","42660","Seattle-Tacoma-Bellevue, WA","53","Washington","033","King","47.386111","-122.230278"
"04/12/2020","AirNow","530332004","5","5.2","ug/m3 LC","22","KENT - JAMES & CENTRAL","1","100.0000","88101","PM2.5 - Local Conditions","42660","Seattle-Tacoma-Bellevue, WA","53","Washington","033","King","47.386111","-122.230278"
"04/13/2020","AirNow","530332004","5","6.8","ug/m3 LC","28","KENT - JAMES & CENTRAL","1","100.0000","88101","PM2.5 - Local Conditions","42660","Seattle-Tacoma-Bellevue, WA","53","Washington","033","King","47.386111","-122.230278"
"04/14/2020","AirNow","530332004","5","5","ug/m3 LC","21","KENT - JAMES & CENTRAL","1","100.0000","88101","PM2.5 - Local Conditions","42660","Seattle-Tacoma-Bellevue, WA","53","Washington","033","King","47.386111","-122.230278"
"04/15/2020","AirNow","530332004","5","2.1","ug/m3 LC","9","KENT - JAMES & CENTRAL","1","100.0000","88101","PM2.5 - Local Conditions","42660","Seattle-Tacoma-Bellevue, WA","53","Washington","033","King","47.386111","-122.230278"
"04/16/2020","AirNow","530332004","5","4.1","ug/m3 LC","17","KENT - JAMES & CENTRAL","1","100.0000","88101","PM2.5 - Local Conditions","42660","Seattle-Tacoma-Bellevue, WA","53","Washington","033","King","47.386111","-122.230278"
"04/17/2020","AirNow","530332004","5","6.3","ug/m3 LC","26","KENT - JAMES & CENTRAL","1","100.0000","88101","PM2.5 - Local Conditions","42660","Seattle-Tacoma-Bellevue, WA","53","Washington","033","King","47.386111","-122.230278"
"04/18/2020","AirNow","530332004","5","3.2","ug/m3 LC","13","KENT - JAMES & CENTRAL","1","100.0000","88101","PM2.5 - Local Conditions","42660","Seattle-Tacoma-Bellevue, WA","53","Washington","033","King","47.386111","-122.230278"
"04/19/2020","AirNow","530332004","5","1.5","ug/m3 LC","6","KENT - JAMES & CENTRAL","1","100.0000","88101","PM2.5 - Local Conditions","42660","Seattle-Tacoma-Bellevue, WA","53","Washington","033","King","47.386111","-122.230278"
"04/20/2020","AirNow","530332004","5","5.2","ug/m3 LC","22","KENT - JAMES & CENTRAL","1","100.0000","88101","PM2.5 - Local Conditions","42660","Seattle-Tacoma-Bellevue, WA","53","Washington","033","King","47.386111","-122.230278"
"04/21/2020","AirNow","530332004","5","0.1","ug/m3 LC","0","KENT - JAMES & CENTRAL","1","100.0000","88101","PM2.5 - Local Conditions","42660","Seattle-Tacoma-Bellevue, WA","53","Washington","033","King","47.386111","-122.230278"
"04/22/2020","AirNow","530332004","5","1.2","ug/m3 LC","5","KENT - JAMES & CENTRAL","1","100.0000","88101","PM2.5 - Local Conditions","42660","Seattle-Tacoma-Bellevue, WA","53","Washington","033","King","47.386111","-122.230278"
"04/23/2020","AirNow","530332004","5","0.5","ug/m3 LC","2","KENT - JAMES & CENTRAL","1","100.0000","88101","PM2.5 - Local Conditions","42660","Seattle-Tacoma-Bellevue, WA","53","Washington","033","King","47.386111","-122.230278"
"04/24/2020","AirNow","530332004","5","5.4","ug/m3 LC","23","KENT - JAMES & CENTRAL","1","100.0000","88101","PM2.5 - Local Conditions","42660","Seattle-Tacoma-Bellevue, WA","53","Washington","033","King","47.386111","-122.230278"
"04/25/2020","AirNow","530332004","5","5.5","ug/m3 LC","23","KENT - JAMES & CENTRAL","1","100.0000","88101","PM2.5 - Local Conditions","42660","Seattle-Tacoma-Bellevue, WA","53","Washington","033","King","47.386111","-122.230278"
"04/26/2020","AirNow","530332004","5","4.3","ug/m3 LC","18","KENT - JAMES & CENTRAL","1","100.0000","88101","PM2.5 - Local Conditions","42660","Seattle-Tacoma-Bellevue, WA","53","Washington","033","King","47.386111","-122.230278"
"04/27/2020","AirNow","530332004","5","2.2","ug/m3 LC","9","KENT - JAMES & CENTRAL","1","100.0000","88101","PM2.5 - Local Conditions","42660","Seattle-Tacoma-Bellevue, WA","53","Washington","033","King","47.386111","-122.230278"
"04/28/2020","AirNow","530332004","5","6.2","ug/m3 LC","26","KENT - JAMES & CENTRAL","1","100.0000","88101","PM2.5 - Local Conditions","42660","Seattle-Tacoma-Bellevue, WA","53","Washington","033","King","47.386111","-122.230278"
"04/29/2020","AirNow","530332004","5","5","ug/m3 LC","21","KENT - JAMES & CENTRAL","1","100.0000","88101","PM2.5 - Local Conditions","42660","Seattle-Tacoma-Bellevue, WA","53","Washington","033","King","47.386111","-122.230278"
"04/30/2020","AirNow","530332004","5","2.7","ug/m3 LC","11","KENT - JAMES & CENTRAL","1","100.0000","88101","PM2.5 - Local Conditions","42660","Seattle-Tacoma-Bellevue, WA","53","Washington","033","King","47.386111","-122.230278"
"05/01/2020","AirNow","530332004","5","3","ug/m3 LC","13","KENT - JAMES & CENTRAL","1","100.0000","88101","PM2.5 - Local Conditions","42660","Seattle-Tacoma-Bellevue, WA","53","Washington","033","King","47.386111","-122.230278"
"05/02/2020","AirNow","530332004","5","3.6","ug/m3 LC","15","KENT - JAMES & CENTRAL","1","100.0000","88101","PM2.5 - Local Conditions","42660","Seattle-Tacoma-Bellevue, WA","53","Washington","033","King","47.386111","-122.230278"
"01/01/2020","AQS","530350007","5","3.4","ug/m3 LC","14","Bremerton-Spruce Ave","1","100.0000","88101","PM2.5 - Local Conditions","14740","Bremerton-Silverdale, WA","53","Washington","035","Kitsap","47.592675","-122.627397"
"01/02/2020","AQS","530350007","5","3.4","ug/m3 LC","14","Bremerton-Spruce Ave","1","100.0000","88101","PM2.5 - Local Conditions","14740","Bremerton-Silverdale, WA","53","Washington","035","Kitsap","47.592675","-122.627397"
"01/03/2020","AQS","530350007","5","2.7","ug/m3 LC","11","Bremerton-Spruce Ave","1","100.0000","88101","PM2.5 - Local Conditions","14740","Bremerton-Silverdale, WA","53","Washington","035","Kitsap","47.592675","-122.627397"
"01/04/2020","AQS","530350007","5","2.7","ug/m3 LC","11","Bremerton-Spruce Ave","1","100.0000","88101","PM2.5 - Local Conditions","14740","Bremerton-Silverdale, WA","53","Washington","035","Kitsap","47.592675","-122.627397"
"01/05/2020","AQS","530350007","5","2.1","ug/m3 LC","9","Bremerton-Spruce Ave","1","100.0000","88101","PM2.5 - Local Conditions","14740","Bremerton-Silverdale, WA","53","Washington","035","Kitsap","47.592675","-122.627397"
"01/06/2020","AQS","530350007","5","0.3","ug/m3 LC","1","Bremerton-Spruce Ave","1","100.0000","88101","PM2.5 - Local Conditions","14740","Bremerton-Silverdale, WA","53","Washington","035","Kitsap","47.592675","-122.627397"
"01/07/2020","AQS","530350007","5","0.4","ug/m3 LC","2","Bremerton-Spruce Ave","1","100.0000","88101","PM2.5 - Local Conditions","14740","Bremerton-Silverdale, WA","53","Washington","035","Kitsap","47.592675","-122.627397"
"01/08/2020","AQS","530350007","5","2.9","ug/m3 LC","12","Bremerton-Spruce Ave","1","100.0000","88101","PM2.5 - Local Conditions","14740","Bremerton-Silverdale, WA","53","Washington","035","Kitsap","47.592675","-122.627397"
"01/09/2020","AQS","530350007","5","3.8","ug/m3 LC","16","Bremerton-Spruce Ave","1","100.0000","88101","PM2.5 - Local Conditions","14740","Bremerton-Silverdale, WA","53","Washington","035","Kitsap","47.592675","-122.627397"
"01/10/2020","AQS","530350007","5","2.4","ug/m3 LC","10","Bremerton-Spruce Ave","1","100.0000","88101","PM2.5 - Local Conditions","14740","Bremerton-Silverdale, WA","53","Washington","035","Kitsap","47.592675","-122.627397"
"01/11/2020","AQS","530350007","5","2.9","ug/m3 LC","12","Bremerton-Spruce Ave","1","100.0000","88101","PM2.5 - Local Conditions","14740","Bremerton-Silverdale, WA","53","Washington","035","Kitsap","47.592675","-122.627397"
"01/12/2020","AQS","530350007","5","1.7","ug/m3 LC","7","Bremerton-Spruce Ave","1","100.0000","88101","PM2.5 - Local Conditions","14740","Bremerton-Silverdale, WA","53","Washington","035","Kitsap","47.592675","-122.627397"
"01/13/2020","AQS","530350007","5","4.8","ug/m3 LC","20","Bremerton-Spruce Ave","1","100.0000","88101","PM2.5 - Local Conditions","14740","Bremerton-Silverdale, WA","53","Washington","035","Kitsap","47.592675","-122.627397"
"01/14/2020","AQS","530350007","5","4.3","ug/m3 LC","18","Bremerton-Spruce Ave","1","100.0000","88101","PM2.5 - Local Conditions","14740","Bremerton-Silverdale, WA","53","Washington","035","Kitsap","47.592675","-122.627397"
"01/15/2020","AQS","530350007","5","3.7","ug/m3 LC","15","Bremerton-Spruce Ave","1","100.0000","88101","PM2.5 - Local Conditions","14740","Bremerton-Silverdale, WA","53","Washington","035","Kitsap","47.592675","-122.627397"
"01/16/2020","AQS","530350007","5","2.9","ug/m3 LC","12","Bremerton-Spruce Ave","1","100.0000","88101","PM2.5 - Local Conditions","14740","Bremerton-Silverdale, WA","53","Washington","035","Kitsap","47.592675","-122.627397"
"01/17/2020","AQS","530350007","5","5","ug/m3 LC","21","Bremerton-Spruce Ave","1","100.0000","88101","PM2.5 - Local Conditions","14740","Bremerton-Silverdale, WA","53","Washington","035","Kitsap","47.592675","-122.627397"
"01/18/2020","AQS","530350007","5","3.7","ug/m3 LC","15","Bremerton-Spruce Ave","1","100.0000","88101","PM2.5 - Local Conditions","14740","Bremerton-Silverdale, WA","53","Washington","035","Kitsap","47.592675","-122.627397"
"01/19/2020","AQS","530350007","5","4","ug/m3 LC","17","Bremerton-Spruce Ave","1","100.0000","88101","PM2.5 - Local Conditions","14740","Bremerton-Silverdale, WA","53","Washington","035","Kitsap","47.592675","-122.627397"
"01/20/2020","AQS","530350007","5","5.1","ug/m3 LC","21","Bremerton-Spruce Ave","1","100.0000","88101","PM2.5 - Local Conditions","14740","Bremerton-Silverdale, WA","53","Washington","035","Kitsap","47.592675","-122.627397"
"01/21/2020","AQS","530350007","5","3.6","ug/m3 LC","15","Bremerton-Spruce Ave","1","100.0000","88101","PM2.5 - Local Conditions","14740","Bremerton-Silverdale, WA","53","Washington","035","Kitsap","47.592675","-122.627397"
"01/22/2020","AQS","530350007","5","2.3","ug/m3 LC","10","Bremerton-Spruce Ave","1","100.0000","88101","PM2.5 - Local Conditions","14740","Bremerton-Silverdale, WA","53","Washington","035","Kitsap","47.592675","-122.627397"
"01/23/2020","AQS","530350007","5","1.3","ug/m3 LC","5","Bremerton-Spruce Ave","1","100.0000","88101","PM2.5 - Local Conditions","14740","Bremerton-Silverdale, WA","53","Washington","035","Kitsap","47.592675","-122.627397"
"01/24/2020","AQS","530350007","5","1.3","ug/m3 LC","5","Bremerton-Spruce Ave","1","100.0000","88101","PM2.5 - Local Conditions","14740","Bremerton-Silverdale, WA","53","Washington","035","Kitsap","47.592675","-122.627397"
"01/25/2020","AQS","530350007","5","4.2","ug/m3 LC","18","Bremerton-Spruce Ave","1","100.0000","88101","PM2.5 - Local Conditions","14740","Bremerton-Silverdale, WA","53","Washington","035","Kitsap","47.592675","-122.627397"
"01/26/2020","AQS","530350007","5","3.6","ug/m3 LC","15","Bremerton-Spruce Ave","1","100.0000","88101","PM2.5 - Local Conditions","14740","Bremerton-Silverdale, WA","53","Washington","035","Kitsap","47.592675","-122.627397"
"01/27/2020","AQS","530350007","5","3","ug/m3 LC","13","Bremerton-Spruce Ave","1","100.0000","88101","PM2.5 - Local Conditions","14740","Bremerton-Silverdale, WA","53","Washington","035","Kitsap","47.592675","-122.627397"
"01/28/2020","AQS","530350007","5","2.7","ug/m3 LC","11","Bremerton-Spruce Ave","1","100.0000","88101","PM2.5 - Local Conditions","14740","Bremerton-Silverdale, WA","53","Washington","035","Kitsap","47.592675","-122.627397"
"01/29/2020","AQS","530350007","5","3.3","ug/m3 LC","14","Bremerton-Spruce Ave","1","100.0000","88101","PM2.5 - Local Conditions","14740","Bremerton-Silverdale, WA","53","Washington","035","Kitsap","47.592675","-122.627397"
"01/30/2020","AQS","530350007","5","2.3","ug/m3 LC","10","Bremerton-Spruce Ave","1","100.0000","88101","PM2.5 - Local Conditions","14740","Bremerton-Silverdale, WA","53","Washington","035","Kitsap","47.592675","-122.627397"
"01/31/2020","AQS","530350007","5","1","ug/m3 LC","4","Bremerton-Spruce Ave","1","100.0000","88101","PM2.5 - Local Conditions","14740","Bremerton-Silverdale, WA","53","Washington","035","Kitsap","47.592675","-122.627397"
"02/01/2020","AirNow","530350007","5","1.2","ug/m3 LC","5","Bremerton-Spruce Ave","1","100.0000","88101","PM2.5 - Local Conditions","14740","Bremerton-Silverdale, WA","53","Washington","035","Kitsap","47.592675","-122.627397"
"02/02/2020","AirNow","530350007","5","4.5","ug/m3 LC","19","Bremerton-Spruce Ave","1","100.0000","88101","PM2.5 - Local Conditions","14740","Bremerton-Silverdale, WA","53","Washington","035","Kitsap","47.592675","-122.627397"
"02/03/2020","AirNow","530350007","5","3.9","ug/m3 LC","16","Bremerton-Spruce Ave","1","100.0000","88101","PM2.5 - Local Conditions","14740","Bremerton-Silverdale, WA","53","Washington","035","Kitsap","47.592675","-122.627397"
"02/04/2020","AirNow","530350007","5","5.6","ug/m3 LC","23","Bremerton-Spruce Ave","1","100.0000","88101","PM2.5 - Local Conditions","14740","Bremerton-Silverdale, WA","53","Washington","035","Kitsap","47.592675","-122.627397"
"02/05/2020","AirNow","530350007","5","2.4","ug/m3 LC","10","Bremerton-Spruce Ave","1","100.0000","88101","PM2.5 - Local Conditions","14740","Bremerton-Silverdale, WA","53","Washington","035","Kitsap","47.592675","-122.627397"
"02/06/2020","AirNow","530350007","5","3.4","ug/m3 LC","14","Bremerton-Spruce Ave","1","100.0000","88101","PM2.5 - Local Conditions","14740","Bremerton-Silverdale, WA","53","Washington","035","Kitsap","47.592675","-122.627397"
"02/07/2020","AirNow","530350007","5","2.6","ug/m3 LC","11","Bremerton-Spruce Ave","1","100.0000","88101","PM2.5 - Local Conditions","14740","Bremerton-Silverdale, WA","53","Washington","035","Kitsap","47.592675","-122.627397"
"02/08/2020","AirNow","530350007","5","5","ug/m3 LC","21","Bremerton-Spruce Ave","1","100.0000","88101","PM2.5 - Local Conditions","14740","Bremerton-Silverdale, WA","53","Washington","035","Kitsap","47.592675","-122.627397"
"02/09/2020","AirNow","530350007","5","5.9","ug/m3 LC","25","Bremerton-Spruce Ave","1","100.0000","88101","PM2.5 - Local Conditions","14740","Bremerton-Silverdale, WA","53","Washington","035","Kitsap","47.592675","-122.627397"
"02/10/2020","AirNow","530350007","5","10","ug/m3 LC","42","Bremerton-Spruce Ave","1","100.0000","88101","PM2.5 - Local Conditions","14740","Bremerton-Silverdale, WA","53","Washington","035","Kitsap","47.592675","-122.627397"
"02/11/2020","AirNow","530350007","5","6.5","ug/m3 LC","27","Bremerton-Spruce Ave","1","100.0000","88101","PM2.5 - Local Conditions","14740","Bremerton-Silverdale, WA","53","Washington","035","Kitsap","47.592675","-122.627397"
"02/12/2020","AirNow","530350007","5","6.2","ug/m3 LC","26","Bremerton-Spruce Ave","1","100.0000","88101","PM2.5 - Local Conditions","14740","Bremerton-Silverdale, WA","53","Washington","035","Kitsap","47.592675","-122.627397"
"02/13/2020","AirNow","530350007","5","4.3","ug/m3 LC","18","Bremerton-Spruce Ave","1","100.0000","88101","PM2.5 - Local Conditions","14740","Bremerton-Silverdale, WA","53","Washington","035","Kitsap","47.592675","-122.627397"
"02/14/2020","AirNow","530350007","5","4","ug/m3 LC","17","Bremerton-Spruce Ave","1","100.0000","88101","PM2.5 - Local Conditions","14740","Bremerton-Silverdale, WA","53","Washington","035","Kitsap","47.592675","-122.627397"
"02/15/2020","AirNow","530350007","5","2.5","ug/m3 LC","10","Bremerton-Spruce Ave","1","100.0000","88101","PM2.5 - Local Conditions","14740","Bremerton-Silverdale, WA","53","Washington","035","Kitsap","47.592675","-122.627397"
"02/16/2020","AirNow","530350007","5","4.1","ug/m3 LC","17","Bremerton-Spruce Ave","1","100.0000","88101","PM2.5 - Local Conditions","14740","Bremerton-Silverdale, WA","53","Washington","035","Kitsap","47.592675","-122.627397"
"02/17/2020","AirNow","530350007","5","6","ug/m3 LC","25","Bremerton-Spruce Ave","1","100.0000","88101","PM2.5 - Local Conditions","14740","Bremerton-Silverdale, WA","53","Washington","035","Kitsap","47.592675","-122.627397"
"02/18/2020","AirNow","530350007","5","5.9","ug/m3 LC","25","Bremerton-Spruce Ave","1","100.0000","88101","PM2.5 - Local Conditions","14740","Bremerton-Silverdale, WA","53","Washington","035","Kitsap","47.592675","-122.627397"
"02/19/2020","AirNow","530350007","5","5.2","ug/m3 LC","22","Bremerton-Spruce Ave","1","100.0000","88101","PM2.5 - Local Conditions","14740","Bremerton-Silverdale, WA","53","Washington","035","Kitsap","47.592675","-122.627397"
"02/20/2020","AirNow","530350007","5","7.7","ug/m3 LC","32","Bremerton-Spruce Ave","1","100.0000","88101","PM2.5 - Local Conditions","14740","Bremerton-Silverdale, WA","53","Washington","035","Kitsap","47.592675","-122.627397"
"02/21/2020","AirNow","530350007","5","9.4","ug/m3 LC","39","Bremerton-Spruce Ave","1","100.0000","88101","PM2.5 - Local Conditions","14740","Bremerton-Silverdale, WA","53","Washington","035","Kitsap","47.592675","-122.627397"
"02/22/2020","AirNow","530350007","5","4.2","ug/m3 LC","18","Bremerton-Spruce Ave","1","100.0000","88101","PM2.5 - Local Conditions","14740","Bremerton-Silverdale, WA","53","Washington","035","Kitsap","47.592675","-122.627397"
"02/23/2020","AirNow","530350007","5","5.5","ug/m3 LC","23","Bremerton-Spruce Ave","1","100.0000","88101","PM2.5 - Local Conditions","14740","Bremerton-Silverdale, WA","53","Washington","035","Kitsap","47.592675","-122.627397"
"02/24/2020","AirNow","530350007","5","6","ug/m3 LC","25","Bremerton-Spruce Ave","1","100.0000","88101","PM2.5 - Local Conditions","14740","Bremerton-Silverdale, WA","53","Washington","035","Kitsap","47.592675","-122.627397"
"02/25/2020","AirNow","530350007","5","9.5","ug/m3 LC","40","Bremerton-Spruce Ave","1","100.0000","88101","PM2.5 - Local Conditions","14740","Bremerton-Silverdale, WA","53","Washington","035","Kitsap","47.592675","-122.627397"
"02/26/2020","AirNow","530350007","5","7.1","ug/m3 LC","30","Bremerton-Spruce Ave","1","100.0000","88101","PM2.5 - Local Conditions","14740","Bremerton-Silverdale, WA","53","Washington","035","Kitsap","47.592675","-122.627397"
"02/27/2020","AirNow","530350007","5","5.3","ug/m3 LC","22","Bremerton-Spruce Ave","1","100.0000","88101","PM2.5 - Local Conditions","14740","Bremerton-Silverdale, WA","53","Washington","035","Kitsap","47.592675","-122.627397"
"02/28/2020","AirNow","530350007","5","3.5","ug/m3 LC","15","Bremerton-Spruce Ave","1","100.0000","88101","PM2.5 - Local Conditions","14740","Bremerton-Silverdale, WA","53","Washington","035","Kitsap","47.592675","-122.627397"
"02/29/2020","AirNow","530350007","5","3.5","ug/m3 LC","15","Bremerton-Spruce Ave","1","100.0000","88101","PM2.5 - Local Conditions","14740","Bremerton-Silverdale, WA","53","Washington","035","Kitsap","47.592675","-122.627397"
"03/01/2020","AirNow","530350007","5","5.3","ug/m3 LC","22","Bremerton-Spruce Ave","1","100.0000","88101","PM2.5 - Local Conditions","14740","Bremerton-Silverdale, WA","53","Washington","035","Kitsap","47.592675","-122.627397"
"03/02/2020","AirNow","530350007","5","3","ug/m3 LC","13","Bremerton-Spruce Ave","1","100.0000","88101","PM2.5 - Local Conditions","14740","Bremerton-Silverdale, WA","53","Washington","035","Kitsap","47.592675","-122.627397"
"03/03/2020","AirNow","530350007","5","1","ug/m3 LC","4","Bremerton-Spruce Ave","1","100.0000","88101","PM2.5 - Local Conditions","14740","Bremerton-Silverdale, WA","53","Washington","035","Kitsap","47.592675","-122.627397"
"03/04/2020","AirNow","530350007","5","5.3","ug/m3 LC","22","Bremerton-Spruce Ave","1","100.0000","88101","PM2.5 - Local Conditions","14740","Bremerton-Silverdale, WA","53","Washington","035","Kitsap","47.592675","-122.627397"
"03/05/2020","AirNow","530350007","5","5.5","ug/m3 LC","23","Bremerton-Spruce Ave","1","100.0000","88101","PM2.5 - Local Conditions","14740","Bremerton-Silverdale, WA","53","Washington","035","Kitsap","47.592675","-122.627397"
"03/06/2020","AirNow","530350007","5","3.1","ug/m3 LC","13","Bremerton-Spruce Ave","1","100.0000","88101","PM2.5 - Local Conditions","14740","Bremerton-Silverdale, WA","53","Washington","035","Kitsap","47.592675","-122.627397"
"03/07/2020","AirNow","530350007","5","3.8","ug/m3 LC","16","Bremerton-Spruce Ave","1","100.0000","88101","PM2.5 - Local Conditions","14740","Bremerton-Silverdale, WA","53","Washington","035","Kitsap","47.592675","-122.627397"
"03/08/2020","AirNow","530350007","5","4.2","ug/m3 LC","18","Bremerton-Spruce Ave","1","100.0000","88101","PM2.5 - Local Conditions","14740","Bremerton-Silverdale, WA","53","Washington","035","Kitsap","47.592675","-122.627397"
"03/09/2020","AirNow","530350007","5","5.6","ug/m3 LC","23","Bremerton-Spruce Ave","1","100.0000","88101","PM2.5 - Local Conditions","14740","Bremerton-Silverdale, WA","53","Washington","035","Kitsap","47.592675","-122.627397"
"03/10/2020","AirNow","530350007","5","3.9","ug/m3 LC","16","Bremerton-Spruce Ave","1","100.0000","88101","PM2.5 - Local Conditions","14740","Bremerton-Silverdale, WA","53","Washington","035","Kitsap","47.592675","-122.627397"
"03/11/2020","AirNow","530350007","5","4.1","ug/m3 LC","17","Bremerton-Spruce Ave","1","100.0000","88101","PM2.5 - Local Conditions","14740","Bremerton-Silverdale, WA","53","Washington","035","Kitsap","47.592675","-122.627397"
"03/12/2020","AirNow","530350007","5","5.8","ug/m3 LC","24","Bremerton-Spruce Ave","1","100.0000","88101","PM2.5 - Local Conditions","14740","Bremerton-Silverdale, WA","53","Washington","035","Kitsap","47.592675","-122.627397"
"03/13/2020","AirNow","530350007","5","4.7","ug/m3 LC","20","Bremerton-Spruce Ave","1","100.0000","88101","PM2.5 - Local Conditions","14740","Bremerton-Silverdale, WA","53","Washington","035","Kitsap","47.592675","-122.627397"
"03/14/2020","AirNow","530350007","5","5","ug/m3 LC","21","Bremerton-Spruce Ave","1","100.0000","88101","PM2.5 - Local Conditions","14740","Bremerton-Silverdale, WA","53","Washington","035","Kitsap","47.592675","-122.627397"
"03/15/2020","AirNow","530350007","5","5","ug/m3 LC","21","Bremerton-Spruce Ave","1","100.0000","88101","PM2.5 - Local Conditions","14740","Bremerton-Silverdale, WA","53","Washington","035","Kitsap","47.592675","-122.627397"
"03/16/2020","AirNow","530350007","5","3.8","ug/m3 LC","16","Bremerton-Spruce Ave","1","100.0000","88101","PM2.5 - Local Conditions","14740","Bremerton-Silverdale, WA","53","Washington","035","Kitsap","47.592675","-122.627397"
"03/17/2020","AirNow","530350007","5","6.7","ug/m3 LC","28","Bremerton-Spruce Ave","1","100.0000","88101","PM2.5 - Local Conditions","14740","Bremerton-Silverdale, WA","53","Washington","035","Kitsap","47.592675","-122.627397"
"03/18/2020","AirNow","530350007","5","10.5","ug/m3 LC","44","Bremerton-Spruce Ave","1","100.0000","88101","PM2.5 - Local Conditions","14740","Bremerton-Silverdale, WA","53","Washington","035","Kitsap","47.592675","-122.627397"
"03/19/2020","AirNow","530350007","5","10.6","ug/m3 LC","44","Bremerton-Spruce Ave","1","100.0000","88101","PM2.5 - Local Conditions","14740","Bremerton-Silverdale, WA","53","Washington","035","Kitsap","47.592675","-122.627397"
"03/20/2020","AirNow","530350007","5","9.8","ug/m3 LC","41","Bremerton-Spruce Ave","1","100.0000","88101","PM2.5 - Local Conditions","14740","Bremerton-Silverdale, WA","53","Washington","035","Kitsap","47.592675","-122.627397"
"03/21/2020","AirNow","530350007","5","13.5","ug/m3 LC","54","Bremerton-Spruce Ave","1","100.0000","88101","PM2.5 - Local Conditions","14740","Bremerton-Silverdale, WA","53","Washington","035","Kitsap","47.592675","-122.627397"
"03/22/2020","AirNow","530350007","5","11.7","ug/m3 LC","49","Bremerton-Spruce Ave","1","100.0000","88101","PM2.5 - Local Conditions","14740","Bremerton-Silverdale, WA","53","Washington","035","Kitsap","47.592675","-122.627397"
"03/23/2020","AirNow","530350007","5","3.2","ug/m3 LC","13","Bremerton-Spruce Ave","1","100.0000","88101","PM2.5 - Local Conditions","14740","Bremerton-Silverdale, WA","53","Washington","035","Kitsap","47.592675","-122.627397"
"03/24/2020","AirNow","530350007","5","2.5","ug/m3 LC","10","Bremerton-Spruce Ave","1","100.0000","88101","PM2.5 - Local Conditions","14740","Bremerton-Silverdale, WA","53","Washington","035","Kitsap","47.592675","-122.627397"
"03/25/2020","AirNow","530350007","5","2.4","ug/m3 LC","10","Bremerton-Spruce Ave","1","100.0000","88101","PM2.5 - Local Conditions","14740","Bremerton-Silverdale, WA","53","Washington","035","Kitsap","47.592675","-122.627397"
"03/26/2020","AirNow","530350007","5","4.6","ug/m3 LC","19","Bremerton-Spruce Ave","1","100.0000","88101","PM2.5 - Local Conditions","14740","Bremerton-Silverdale, WA","53","Washington","035","Kitsap","47.592675","-122.627397"
"03/27/2020","AirNow","530350007","5","4.8","ug/m3 LC","20","Bremerton-Spruce Ave","1","100.0000","88101","PM2.5 - Local Conditions","14740","Bremerton-Silverdale, WA","53","Washington","035","Kitsap","47.592675","-122.627397"
"03/28/2020","AirNow","530350007","5","1.9","ug/m3 LC","8","Bremerton-Spruce Ave","1","100.0000","88101","PM2.5 - Local Conditions","14740","Bremerton-Silverdale, WA","53","Washington","035","Kitsap","47.592675","-122.627397"
"03/29/2020","AirNow","530350007","5","1","ug/m3 LC","4","Bremerton-Spruce Ave","1","100.0000","88101","PM2.5 - Local Conditions","14740","Bremerton-Silverdale, WA","53","Washington","035","Kitsap","47.592675","-122.627397"
"03/30/2020","AirNow","530350007","5","1.7","ug/m3 LC","7","Bremerton-Spruce Ave","1","100.0000","88101","PM2.5 - Local Conditions","14740","Bremerton-Silverdale, WA","53","Washington","035","Kitsap","47.592675","-122.627397"
"03/31/2020","AirNow","530350007","5","1.7","ug/m3 LC","7","Bremerton-Spruce Ave","1","100.0000","88101","PM2.5 - Local Conditions","14740","Bremerton-Silverdale, WA","53","Washington","035","Kitsap","47.592675","-122.627397"
"04/01/2020","AirNow","530350007","5","3.3","ug/m3 LC","14","Bremerton-Spruce Ave","1","100.0000","88101","PM2.5 - Local Conditions","14740","Bremerton-Silverdale, WA","53","Washington","035","Kitsap","47.592675","-122.627397"
"04/02/2020","AirNow","530350007","5","4.2","ug/m3 LC","18","Bremerton-Spruce Ave","1","100.0000","88101","PM2.5 - Local Conditions","14740","Bremerton-Silverdale, WA","53","Washington","035","Kitsap","47.592675","-122.627397"
"04/03/2020","AirNow","530350007","5","3.1","ug/m3 LC","13","Bremerton-Spruce Ave","1","100.0000","88101","PM2.5 - Local Conditions","14740","Bremerton-Silverdale, WA","53","Washington","035","Kitsap","47.592675","-122.627397"
"04/04/2020","AirNow","530350007","5","3.2","ug/m3 LC","13","Bremerton-Spruce Ave","1","100.0000","88101","PM2.5 - Local Conditions","14740","Bremerton-Silverdale, WA","53","Washington","035","Kitsap","47.592675","-122.627397"
"04/05/2020","AirNow","530350007","5","3.7","ug/m3 LC","15","Bremerton-Spruce Ave","1","100.0000","88101","PM2.5 - Local Conditions","14740","Bremerton-Silverdale, WA","53","Washington","035","Kitsap","47.592675","-122.627397"
"04/06/2020","AirNow","530350007","5","5","ug/m3 LC","21","Bremerton-Spruce Ave","1","100.0000","88101","PM2.5 - Local Conditions","14740","Bremerton-Silverdale, WA","53","Washington","035","Kitsap","47.592675","-122.627397"
"04/07/2020","AirNow","530350007","5","7.1","ug/m3 LC","30","Bremerton-Spruce Ave","1","100.0000","88101","PM2.5 - Local Conditions","14740","Bremerton-Silverdale, WA","53","Washington","035","Kitsap","47.592675","-122.627397"
"04/08/2020","AirNow","530350007","5","7.6","ug/m3 LC","32","Bremerton-Spruce Ave","1","100.0000","88101","PM2.5 - Local Conditions","14740","Bremerton-Silverdale, WA","53","Washington","035","Kitsap","47.592675","-122.627397"
"04/09/2020","AirNow","530350007","5","9.2","ug/m3 LC","38","Bremerton-Spruce Ave","1","100.0000","88101","PM2.5 - Local Conditions","14740","Bremerton-Silverdale, WA","53","Washington","035","Kitsap","47.592675","-122.627397"
"04/10/2020","AirNow","530350007","5","7.3","ug/m3 LC","30","Bremerton-Spruce Ave","1","100.0000","88101","PM2.5 - Local Conditions","14740","Bremerton-Silverdale, WA","53","Washington","035","Kitsap","47.592675","-122.627397"
"04/11/2020","AirNow","530350007","5","5.5","ug/m3 LC","23","Bremerton-Spruce Ave","1","100.0000","88101","PM2.5 - Local Conditions","14740","Bremerton-Silverdale, WA","53","Washington","035","Kitsap","47.592675","-122.627397"
"04/12/2020","AirNow","530350007","5","4.2","ug/m3 LC","18","Bremerton-Spruce Ave","1","100.0000","88101","PM2.5 - Local Conditions","14740","Bremerton-Silverdale, WA","53","Washington","035","Kitsap","47.592675","-122.627397"
"04/13/2020","AirNow","530350007","5","6.1","ug/m3 LC","25","Bremerton-Spruce Ave","1","100.0000","88101","PM2.5 - Local Conditions","14740","Bremerton-Silverdale, WA","53","Washington","035","Kitsap","47.592675","-122.627397"
"04/14/2020","AirNow","530350007","5","6.6","ug/m3 LC","28","Bremerton-Spruce Ave","1","100.0000","88101","PM2.5 - Local Conditions","14740","Bremerton-Silverdale, WA","53","Washington","035","Kitsap","47.592675","-122.627397"
"04/15/2020","AirNow","530350007","5","2.6","ug/m3 LC","11","Bremerton-Spruce Ave","1","100.0000","88101","PM2.5 - Local Conditions","14740","Bremerton-Silverdale, WA","53","Washington","035","Kitsap","47.592675","-122.627397"
"04/16/2020","AirNow","530350007","5","4.6","ug/m3 LC","19","Bremerton-Spruce Ave","1","100.0000","88101","PM2.5 - Local Conditions","14740","Bremerton-Silverdale, WA","53","Washington","035","Kitsap","47.592675","-122.627397"
"04/17/2020","AirNow","530350007","5","5.9","ug/m3 LC","25","Bremerton-Spruce Ave","1","100.0000","88101","PM2.5 - Local Conditions","14740","Bremerton-Silverdale, WA","53","Washington","035","Kitsap","47.592675","-122.627397"
"04/18/2020","AirNow","530350007","5","4.8","ug/m3 LC","20","Bremerton-Spruce Ave","1","100.0000","88101","PM2.5 - Local Conditions","14740","Bremerton-Silverdale, WA","53","Washington","035","Kitsap","47.592675","-122.627397"
"04/19/2020","AirNow","530350007","5","4.5","ug/m3 LC","19","Bremerton-Spruce Ave","1","100.0000","88101","PM2.5 - Local Conditions","14740","Bremerton-Silverdale, WA","53","Washington","035","Kitsap","47.592675","-122.627397"
"04/20/2020","AirNow","530350007","5","5.6","ug/m3 LC","23","Bremerton-Spruce Ave","1","100.0000","88101","PM2.5 - Local Conditions","14740","Bremerton-Silverdale, WA","53","Washington","035","Kitsap","47.592675","-122.627397"
"04/21/2020","AirNow","530350007","5","1.5","ug/m3 LC","6","Bremerton-Spruce Ave","1","100.0000","88101","PM2.5 - Local Conditions","14740","Bremerton-Silverdale, WA","53","Washington","035","Kitsap","47.592675","-122.627397"
"04/22/2020","AirNow","530350007","5","1.7","ug/m3 LC","7","Bremerton-Spruce Ave","1","100.0000","88101","PM2.5 - Local Conditions","14740","Bremerton-Silverdale, WA","53","Washington","035","Kitsap","47.592675","-122.627397"
"04/23/2020","AirNow","530350007","5","2.5","ug/m3 LC","10","Bremerton-Spruce Ave","1","100.0000","88101","PM2.5 - Local Conditions","14740","Bremerton-Silverdale, WA","53","Washington","035","Kitsap","47.592675","-122.627397"
"04/24/2020","AirNow","530350007","5","5.3","ug/m3 LC","22","Bremerton-Spruce Ave","1","100.0000","88101","PM2.5 - Local Conditions","14740","Bremerton-Silverdale, WA","53","Washington","035","Kitsap","47.592675","-122.627397"
"04/25/2020","AirNow","530350007","5","4.6","ug/m3 LC","19","Bremerton-Spruce Ave","1","100.0000","88101","PM2.5 - Local Conditions","14740","Bremerton-Silverdale, WA","53","Washington","035","Kitsap","47.592675","-122.627397"
"04/26/2020","AirNow","530350007","5","5.7","ug/m3 LC","24","Bremerton-Spruce Ave","1","100.0000","88101","PM2.5 - Local Conditions","14740","Bremerton-Silverdale, WA","53","Washington","035","Kitsap","47.592675","-122.627397"
"04/27/2020","AirNow","530350007","5","2.7","ug/m3 LC","11","Bremerton-Spruce Ave","1","100.0000","88101","PM2.5 - Local Conditions","14740","Bremerton-Silverdale, WA","53","Washington","035","Kitsap","47.592675","-122.627397"
"04/28/2020","AirNow","530350007","5","5.5","ug/m3 LC","23","Bremerton-Spruce Ave","1","100.0000","88101","PM2.5 - Local Conditions","14740","Bremerton-Silverdale, WA","53","Washington","035","Kitsap","47.592675","-122.627397"
"04/29/2020","AirNow","530350007","5","3.8","ug/m3 LC","16","Bremerton-Spruce Ave","1","100.0000","88101","PM2.5 - Local Conditions","14740","Bremerton-Silverdale, WA","53","Washington","035","Kitsap","47.592675","-122.627397"
"04/30/2020","AirNow","530350007","5","2.5","ug/m3 LC","10","Bremerton-Spruce Ave","1","100.0000","88101","PM2.5 - Local Conditions","14740","Bremerton-Silverdale, WA","53","Washington","035","Kitsap","47.592675","-122.627397"
"05/01/2020","AirNow","530350007","5","4.1","ug/m3 LC","17","Bremerton-Spruce Ave","1","100.0000","88101","PM2.5 - Local Conditions","14740","Bremerton-Silverdale, WA","53","Washington","035","Kitsap","47.592675","-122.627397"
"05/02/2020","AirNow","530350007","5","4.8","ug/m3 LC","20","Bremerton-Spruce Ave","1","100.0000","88101","PM2.5 - Local Conditions","14740","Bremerton-Silverdale, WA","53","Washington","035","Kitsap","47.592675","-122.627397"
"01/01/2020","AQS","530370002","4","4.9","ug/m3 LC","20","ELLENSBURG - RUBY ST","1","100.0000","88502","Acceptable PM2.5 AQI & Speciation Mass","21260","Ellensburg, WA","53","Washington","037","Kittitas","46.99364","-120.545"
"01/02/2020","AQS","530370002","4","3.5","ug/m3 LC","15","ELLENSBURG - RUBY ST","1","100.0000","88502","Acceptable PM2.5 AQI & Speciation Mass","21260","Ellensburg, WA","53","Washington","037","Kittitas","46.99364","-120.545"
"01/03/2020","AQS","530370002","4","9.8","ug/m3 LC","41","ELLENSBURG - RUBY ST","1","100.0000","88502","Acceptable PM2.5 AQI & Speciation Mass","21260","Ellensburg, WA","53","Washington","037","Kittitas","46.99364","-120.545"
"01/04/2020","AQS","530370002","4","3.3","ug/m3 LC","14","ELLENSBURG - RUBY ST","1","100.0000","88502","Acceptable PM2.5 AQI & Speciation Mass","21260","Ellensburg, WA","53","Washington","037","Kittitas","46.99364","-120.545"
"01/05/2020","AQS","530370002","4","5.3","ug/m3 LC","22","ELLENSBURG - RUBY ST","1","100.0000","88502","Acceptable PM2.5 AQI & Speciation Mass","21260","Ellensburg, WA","53","Washington","037","Kittitas","46.99364","-120.545"
"01/06/2020","AQS","530370002","4","1.6","ug/m3 LC","7","ELLENSBURG - RUBY ST","1","100.0000","88502","Acceptable PM2.5 AQI & Speciation Mass","21260","Ellensburg, WA","53","Washington","037","Kittitas","46.99364","-120.545"
"01/07/2020","AQS","530370002","4","8.2","ug/m3 LC","34","ELLENSBURG - RUBY ST","1","100.0000","88502","Acceptable PM2.5 AQI & Speciation Mass","21260","Ellensburg, WA","53","Washington","037","Kittitas","46.99364","-120.545"
"01/08/2020","AQS","530370002","4","0.8","ug/m3 LC","3","ELLENSBURG - RUBY ST","1","100.0000","88502","Acceptable PM2.5 AQI & Speciation Mass","21260","Ellensburg, WA","53","Washington","037","Kittitas","46.99364","-120.545"
"01/09/2020","AQS","530370002","4","1.5","ug/m3 LC","6","ELLENSBURG - RUBY ST","1","100.0000","88502","Acceptable PM2.5 AQI & Speciation Mass","21260","Ellensburg, WA","53","Washington","037","Kittitas","46.99364","-120.545"
"01/31/2020","AQS","530370002","4","9.1","ug/m3 LC","38","ELLENSBURG - RUBY ST","1","100.0000","88502","Acceptable PM2.5 AQI & Speciation Mass","21260","Ellensburg, WA","53","Washington","037","Kittitas","46.99364","-120.545"
"01/01/2020","AQS","530370002","5","6.7","ug/m3 LC","28","ELLENSBURG - RUBY ST","1","100.0000","88101","PM2.5 - Local Conditions","21260","Ellensburg, WA","53","Washington","037","Kittitas","46.99364","-120.545"
"01/02/2020","AQS","530370002","5","3.7","ug/m3 LC","15","ELLENSBURG - RUBY ST","1","100.0000","88101","PM2.5 - Local Conditions","21260","Ellensburg, WA","53","Washington","037","Kittitas","46.99364","-120.545"
"01/03/2020","AQS","530370002","5","7.8","ug/m3 LC","33","ELLENSBURG - RUBY ST","1","100.0000","88101","PM2.5 - Local Conditions","21260","Ellensburg, WA","53","Washington","037","Kittitas","46.99364","-120.545"
"01/04/2020","AQS","530370002","5","4.9","ug/m3 LC","20","ELLENSBURG - RUBY ST","1","100.0000","88101","PM2.5 - Local Conditions","21260","Ellensburg, WA","53","Washington","037","Kittitas","46.99364","-120.545"
"01/05/2020","AQS","530370002","5","6.2","ug/m3 LC","26","ELLENSBURG - RUBY ST","1","100.0000","88101","PM2.5 - Local Conditions","21260","Ellensburg, WA","53","Washington","037","Kittitas","46.99364","-120.545"
"01/06/2020","AQS","530370002","5","3.4","ug/m3 LC","14","ELLENSBURG - RUBY ST","1","100.0000","88101","PM2.5 - Local Conditions","21260","Ellensburg, WA","53","Washington","037","Kittitas","46.99364","-120.545"
"01/07/2020","AQS","530370002","5","9.5","ug/m3 LC","40","ELLENSBURG - RUBY ST","1","100.0000","88101","PM2.5 - Local Conditions","21260","Ellensburg, WA","53","Washington","037","Kittitas","46.99364","-120.545"
"01/08/2020","AQS","530370002","5","1.9","ug/m3 LC","8","ELLENSBURG - RUBY ST","1","100.0000","88101","PM2.5 - Local Conditions","21260","Ellensburg, WA","53","Washington","037","Kittitas","46.99364","-120.545"
"01/09/2020","AQS","530370002","5","2.9","ug/m3 LC","12","ELLENSBURG - RUBY ST","1","100.0000","88101","PM2.5 - Local Conditions","21260","Ellensburg, WA","53","Washington","037","Kittitas","46.99364","-120.545"
"01/10/2020","AQS","530370002","5","6.5","ug/m3 LC","27","ELLENSBURG - RUBY ST","1","100.0000","88101","PM2.5 - Local Conditions","21260","Ellensburg, WA","53","Washington","037","Kittitas","46.99364","-120.545"
"01/11/2020","AQS","530370002","5","6.8","ug/m3 LC","28","ELLENSBURG - RUBY ST","1","100.0000","88101","PM2.5 - Local Conditions","21260","Ellensburg, WA","53","Washington","037","Kittitas","46.99364","-120.545"
"01/12/2020","AQS","530370002","5","4.6","ug/m3 LC","19","ELLENSBURG - RUBY ST","1","100.0000","88101","PM2.5 - Local Conditions","21260","Ellensburg, WA","53","Washington","037","Kittitas","46.99364","-120.545"
"01/15/2020","AQS","530370002","5","9.1","ug/m3 LC","38","ELLENSBURG - RUBY ST","1","100.0000","88101","PM2.5 - Local Conditions","21260","Ellensburg, WA","53","Washington","037","Kittitas","46.99364","-120.545"
"01/16/2020","AQS","530370002","5","17.2","ug/m3 LC","62","ELLENSBURG - RUBY ST","1","100.0000","88101","PM2.5 - Local Conditions","21260","Ellensburg, WA","53","Washington","037","Kittitas","46.99364","-120.545"
"01/17/2020","AQS","530370002","5","18.1","ug/m3 LC","64","ELLENSBURG - RUBY ST","1","100.0000","88101","PM2.5 - Local Conditions","21260","Ellensburg, WA","53","Washington","037","Kittitas","46.99364","-120.545"
"01/18/2020","AQS","530370002","5","17.2","ug/m3 LC","62","ELLENSBURG - RUBY ST","1","100.0000","88101","PM2.5 - Local Conditions","21260","Ellensburg, WA","53","Washington","037","Kittitas","46.99364","-120.545"
"01/19/2020","AQS","530370002","5","12.8","ug/m3 LC","52","ELLENSBURG - RUBY ST","1","100.0000","88101","PM2.5 - Local Conditions","21260","Ellensburg, WA","53","Washington","037","Kittitas","46.99364","-120.545"
"01/20/2020","AQS","530370002","5","16.5","ug/m3 LC","60","ELLENSBURG - RUBY ST","1","100.0000","88101","PM2.5 - Local Conditions","21260","Ellensburg, WA","53","Washington","037","Kittitas","46.99364","-120.545"
"01/21/2020","AQS","530370002","5","14.2","ug/m3 LC","55","ELLENSBURG - RUBY ST","1","100.0000","88101","PM2.5 - Local Conditions","21260","Ellensburg, WA","53","Washington","037","Kittitas","46.99364","-120.545"
"01/22/2020","AQS","530370002","5","12.8","ug/m3 LC","52","ELLENSBURG - RUBY ST","1","100.0000","88101","PM2.5 - Local Conditions","21260","Ellensburg, WA","53","Washington","037","Kittitas","46.99364","-120.545"
"01/23/2020","AQS","530370002","5","17.3","ug/m3 LC","62","ELLENSBURG - RUBY ST","1","100.0000","88101","PM2.5 - Local Conditions","21260","Ellensburg, WA","53","Washington","037","Kittitas","46.99364","-120.545"
"01/24/2020","AQS","530370002","5","8.6","ug/m3 LC","36","ELLENSBURG - RUBY ST","1","100.0000","88101","PM2.5 - Local Conditions","21260","Ellensburg, WA","53","Washington","037","Kittitas","46.99364","-120.545"
"01/25/2020","AQS","530370002","5","7.4","ug/m3 LC","31","ELLENSBURG - RUBY ST","1","100.0000","88101","PM2.5 - Local Conditions","21260","Ellensburg, WA","53","Washington","037","Kittitas","46.99364","-120.545"
"01/26/2020","AQS","530370002","5","7","ug/m3 LC","29","ELLENSBURG - RUBY ST","1","100.0000","88101","PM2.5 - Local Conditions","21260","Ellensburg, WA","53","Washington","037","Kittitas","46.99364","-120.545"
"01/27/2020","AQS","530370002","5","5.1","ug/m3 LC","21","ELLENSBURG - RUBY ST","1","100.0000","88101","PM2.5 - Local Conditions","21260","Ellensburg, WA","53","Washington","037","Kittitas","46.99364","-120.545"
"01/28/2020","AQS","530370002","5","5.7","ug/m3 LC","24","ELLENSBURG - RUBY ST","1","100.0000","88101","PM2.5 - Local Conditions","21260","Ellensburg, WA","53","Washington","037","Kittitas","46.99364","-120.545"
"01/29/2020","AQS","530370002","5","8.4","ug/m3 LC","35","ELLENSBURG - RUBY ST","1","100.0000","88101","PM2.5 - Local Conditions","21260","Ellensburg, WA","53","Washington","037","Kittitas","46.99364","-120.545"
"01/30/2020","AQS","530370002","5","8.1","ug/m3 LC","34","ELLENSBURG - RUBY ST","1","100.0000","88101","PM2.5 - Local Conditions","21260","Ellensburg, WA","53","Washington","037","Kittitas","46.99364","-120.545"
"01/31/2020","AQS","530370002","5","8.2","ug/m3 LC","34","ELLENSBURG - RUBY ST","1","100.0000","88101","PM2.5 - Local Conditions","21260","Ellensburg, WA","53","Washington","037","Kittitas","46.99364","-120.545"
"02/01/2020","AirNow","530370002","5","2.2","ug/m3 LC","9","ELLENSBURG - RUBY ST","1","100.0000","88101","PM2.5 - Local Conditions","21260","Ellensburg, WA","53","Washington","037","Kittitas","46.99364","-120.545"
"02/02/2020","AirNow","530370002","5","1.9","ug/m3 LC","8","ELLENSBURG - RUBY ST","1","100.0000","88101","PM2.5 - Local Conditions","21260","Ellensburg, WA","53","Washington","037","Kittitas","46.99364","-120.545"
"02/03/2020","AirNow","530370002","5","4.5","ug/m3 LC","19","ELLENSBURG - RUBY ST","1","100.0000","88101","PM2.5 - Local Conditions","21260","Ellensburg, WA","53","Washington","037","Kittitas","46.99364","-120.545"
"02/04/2020","AirNow","530370002","5","8.9","ug/m3 LC","37","ELLENSBURG - RUBY ST","1","100.0000","88101","PM2.5 - Local Conditions","21260","Ellensburg, WA","53","Washington","037","Kittitas","46.99364","-120.545"
"02/05/2020","AirNow","530370002","5","6.7","ug/m3 LC","28","ELLENSBURG - RUBY ST","1","100.0000","88101","PM2.5 - Local Conditions","21260","Ellensburg, WA","53","Washington","037","Kittitas","46.99364","-120.545"
"02/06/2020","AirNow","530370002","5","2.4","ug/m3 LC","10","ELLENSBURG - RUBY ST","1","100.0000","88101","PM2.5 - Local Conditions","21260","Ellensburg, WA","53","Washington","037","Kittitas","46.99364","-120.545"
"02/07/2020","AirNow","530370002","5","1.8","ug/m3 LC","8","ELLENSBURG - RUBY ST","1","100.0000","88101","PM2.5 - Local Conditions","21260","Ellensburg, WA","53","Washington","037","Kittitas","46.99364","-120.545"
"02/08/2020","AirNow","530370002","5","2.9","ug/m3 LC","12","ELLENSBURG - RUBY ST","1","100.0000","88101","PM2.5 - Local Conditions","21260","Ellensburg, WA","53","Washington","037","Kittitas","46.99364","-120.545"
"02/09/2020","AirNow","530370002","5","2.7","ug/m3 LC","11","ELLENSBURG - RUBY ST","1","100.0000","88101","PM2.5 - Local Conditions","21260","Ellensburg, WA","53","Washington","037","Kittitas","46.99364","-120.545"
"02/10/2020","AirNow","530370002","5","5.5","ug/m3 LC","23","ELLENSBURG - RUBY ST","1","100.0000","88101","PM2.5 - Local Conditions","21260","Ellensburg, WA","53","Washington","037","Kittitas","46.99364","-120.545"
"02/11/2020","AirNow","530370002","5","4.7","ug/m3 LC","20","ELLENSBURG - RUBY ST","1","100.0000","88101","PM2.5 - Local Conditions","21260","Ellensburg, WA","53","Washington","037","Kittitas","46.99364","-120.545"
"02/12/2020","AirNow","530370002","5","4.3","ug/m3 LC","18","ELLENSBURG - RUBY ST","1","100.0000","88101","PM2.5 - Local Conditions","21260","Ellensburg, WA","53","Washington","037","Kittitas","46.99364","-120.545"
"02/13/2020","AirNow","530370002","5","7","ug/m3 LC","29","ELLENSBURG - RUBY ST","1","100.0000","88101","PM2.5 - Local Conditions","21260","Ellensburg, WA","53","Washington","037","Kittitas","46.99364","-120.545"
"02/14/2020","AirNow","530370002","5","3.5","ug/m3 LC","15","ELLENSBURG - RUBY ST","1","100.0000","88101","PM2.5 - Local Conditions","21260","Ellensburg, WA","53","Washington","037","Kittitas","46.99364","-120.545"
"02/15/2020","AirNow","530370002","5","2","ug/m3 LC","8","ELLENSBURG - RUBY ST","1","100.0000","88101","PM2.5 - Local Conditions","21260","Ellensburg, WA","53","Washington","037","Kittitas","46.99364","-120.545"
"02/16/2020","AirNow","530370002","5","2.3","ug/m3 LC","10","ELLENSBURG - RUBY ST","1","100.0000","88101","PM2.5 - Local Conditions","21260","Ellensburg, WA","53","Washington","037","Kittitas","46.99364","-120.545"
"02/17/2020","AirNow","530370002","5","1.5","ug/m3 LC","6","ELLENSBURG - RUBY ST","1","100.0000","88101","PM2.5 - Local Conditions","21260","Ellensburg, WA","53","Washington","037","Kittitas","46.99364","-120.545"
"02/18/2020","AirNow","530370002","5","6.2","ug/m3 LC","26","ELLENSBURG - RUBY ST","1","100.0000","88101","PM2.5 - Local Conditions","21260","Ellensburg, WA","53","Washington","037","Kittitas","46.99364","-120.545"
"02/19/2020","AirNow","530370002","5","7.6","ug/m3 LC","32","ELLENSBURG - RUBY ST","1","100.0000","88101","PM2.5 - Local Conditions","21260","Ellensburg, WA","53","Washington","037","Kittitas","46.99364","-120.545"
"02/20/2020","AirNow","530370002","5","9.2","ug/m3 LC","38","ELLENSBURG - RUBY ST","1","100.0000","88101","PM2.5 - Local Conditions","21260","Ellensburg, WA","53","Washington","037","Kittitas","46.99364","-120.545"
"02/21/2020","AirNow","530370002","5","13.5","ug/m3 LC","54","ELLENSBURG - RUBY ST","1","100.0000","88101","PM2.5 - Local Conditions","21260","Ellensburg, WA","53","Washington","037","Kittitas","46.99364","-120.545"
"02/22/2020","AirNow","530370002","5","7.7","ug/m3 LC","32","ELLENSBURG - RUBY ST","1","100.0000","88101","PM2.5 - Local Conditions","21260","Ellensburg, WA","53","Washington","037","Kittitas","46.99364","-120.545"
"02/23/2020","AirNow","530370002","5","3.9","ug/m3 LC","16","ELLENSBURG - RUBY ST","1","100.0000","88101","PM2.5 - Local Conditions","21260","Ellensburg, WA","53","Washington","037","Kittitas","46.99364","-120.545"
"02/24/2020","AirNow","530370002","5","4.9","ug/m3 LC","20","ELLENSBURG - RUBY ST","1","100.0000","88101","PM2.5 - Local Conditions","21260","Ellensburg, WA","53","Washington","037","Kittitas","46.99364","-120.545"
"02/25/2020","AirNow","530370002","5","5.7","ug/m3 LC","24","ELLENSBURG - RUBY ST","1","100.0000","88101","PM2.5 - Local Conditions","21260","Ellensburg, WA","53","Washington","037","Kittitas","46.99364","-120.545"
"02/26/2020","AirNow","530370002","5","5.5","ug/m3 LC","23","ELLENSBURG - RUBY ST","1","100.0000","88101","PM2.5 - Local Conditions","21260","Ellensburg, WA","53","Washington","037","Kittitas","46.99364","-120.545"
"02/27/2020","AirNow","530370002","5","5.6","ug/m3 LC","23","ELLENSBURG - RUBY ST","1","100.0000","88101","PM2.5 - Local Conditions","21260","Ellensburg, WA","53","Washington","037","Kittitas","46.99364","-120.545"
"02/28/2020","AirNow","530370002","5","6.4","ug/m3 LC","27","ELLENSBURG - RUBY ST","1","100.0000","88101","PM2.5 - Local Conditions","21260","Ellensburg, WA","53","Washington","037","Kittitas","46.99364","-120.545"
"02/29/2020","AirNow","530370002","5","1.4","ug/m3 LC","6","ELLENSBURG - RUBY ST","1","100.0000","88101","PM2.5 - Local Conditions","21260","Ellensburg, WA","53","Washington","037","Kittitas","46.99364","-120.545"
"03/01/2020","AirNow","530370002","5","2","ug/m3 LC","8","ELLENSBURG - RUBY ST","1","100.0000","88101","PM2.5 - Local Conditions","21260","Ellensburg, WA","53","Washington","037","Kittitas","46.99364","-120.545"
"03/02/2020","AirNow","530370002","5","1.6","ug/m3 LC","7","ELLENSBURG - RUBY ST","1","100.0000","88101","PM2.5 - Local Conditions","21260","Ellensburg, WA","53","Washington","037","Kittitas","46.99364","-120.545"
"03/03/2020","AirNow","530370002","5","1.1","ug/m3 LC","5","ELLENSBURG - RUBY ST","1","100.0000","88101","PM2.5 - Local Conditions","21260","Ellensburg, WA","53","Washington","037","Kittitas","46.99364","-120.545"
"03/04/2020","AirNow","530370002","5","4.1","ug/m3 LC","17","ELLENSBURG - RUBY ST","1","100.0000","88101","PM2.5 - Local Conditions","21260","Ellensburg, WA","53","Washington","037","Kittitas","46.99364","-120.545"
"03/05/2020","AirNow","530370002","5","8.3","ug/m3 LC","35","ELLENSBURG - RUBY ST","1","100.0000","88101","PM2.5 - Local Conditions","21260","Ellensburg, WA","53","Washington","037","Kittitas","46.99364","-120.545"
"03/06/2020","AirNow","530370002","5","3.5","ug/m3 LC","15","ELLENSBURG - RUBY ST","1","100.0000","88101","PM2.5 - Local Conditions","21260","Ellensburg, WA","53","Washington","037","Kittitas","46.99364","-120.545"
"03/07/2020","AirNow","530370002","5","1.8","ug/m3 LC","8","ELLENSBURG - RUBY ST","1","100.0000","88101","PM2.5 - Local Conditions","21260","Ellensburg, WA","53","Washington","037","Kittitas","46.99364","-120.545"
"03/08/2020","AirNow","530370002","5","3","ug/m3 LC","13","ELLENSBURG - RUBY ST","1","100.0000","88101","PM2.5 - Local Conditions","21260","Ellensburg, WA","53","Washington","037","Kittitas","46.99364","-120.545"
"03/09/2020","AirNow","530370002","5","5.5","ug/m3 LC","23","ELLENSBURG - RUBY ST","1","100.0000","88101","PM2.5 - Local Conditions","21260","Ellensburg, WA","53","Washington","037","Kittitas","46.99364","-120.545"
"03/10/2020","AirNow","530370002","5","4.5","ug/m3 LC","19","ELLENSBURG - RUBY ST","1","100.0000","88101","PM2.5 - Local Conditions","21260","Ellensburg, WA","53","Washington","037","Kittitas","46.99364","-120.545"
"03/11/2020","AirNow","530370002","5","2.5","ug/m3 LC","10","ELLENSBURG - RUBY ST","1","100.0000","88101","PM2.5 - Local Conditions","21260","Ellensburg, WA","53","Washington","037","Kittitas","46.99364","-120.545"
"03/12/2020","AirNow","530370002","5","3.7","ug/m3 LC","15","ELLENSBURG - RUBY ST","1","100.0000","88101","PM2.5 - Local Conditions","21260","Ellensburg, WA","53","Washington","037","Kittitas","46.99364","-120.545"
"03/13/2020","AirNow","530370002","5","3.7","ug/m3 LC","15","ELLENSBURG - RUBY ST","1","100.0000","88101","PM2.5 - Local Conditions","21260","Ellensburg, WA","53","Washington","037","Kittitas","46.99364","-120.545"
"03/14/2020","AirNow","530370002","5","3.3","ug/m3 LC","14","ELLENSBURG - RUBY ST","1","100.0000","88101","PM2.5 - Local Conditions","21260","Ellensburg, WA","53","Washington","037","Kittitas","46.99364","-120.545"
"03/15/2020","AirNow","530370002","5","4.2","ug/m3 LC","18","ELLENSBURG - RUBY ST","1","100.0000","88101","PM2.5 - Local Conditions","21260","Ellensburg, WA","53","Washington","037","Kittitas","46.99364","-120.545"
"03/16/2020","AirNow","530370002","5","7.6","ug/m3 LC","32","ELLENSBURG - RUBY ST","1","100.0000","88101","PM2.5 - Local Conditions","21260","Ellensburg, WA","53","Washington","037","Kittitas","46.99364","-120.545"
"03/17/2020","AirNow","530370002","5","7.4","ug/m3 LC","31","ELLENSBURG - RUBY ST","1","100.0000","88101","PM2.5 - Local Conditions","21260","Ellensburg, WA","53","Washington","037","Kittitas","46.99364","-120.545"
"03/18/2020","AirNow","530370002","5","7.9","ug/m3 LC","33","ELLENSBURG - RUBY ST","1","100.0000","88101","PM2.5 - Local Conditions","21260","Ellensburg, WA","53","Washington","037","Kittitas","46.99364","-120.545"
"03/19/2020","AirNow","530370002","5","10.2","ug/m3 LC","43","ELLENSBURG - RUBY ST","1","100.0000","88101","PM2.5 - Local Conditions","21260","Ellensburg, WA","53","Washington","037","Kittitas","46.99364","-120.545"
"03/20/2020","AirNow","530370002","5","7.9","ug/m3 LC","33","ELLENSBURG - RUBY ST","1","100.0000","88101","PM2.5 - Local Conditions","21260","Ellensburg, WA","53","Washington","037","Kittitas","46.99364","-120.545"
"03/21/2020","AirNow","530370002","5","5.4","ug/m3 LC","23","ELLENSBURG - RUBY ST","1","100.0000","88101","PM2.5 - Local Conditions","21260","Ellensburg, WA","53","Washington","037","Kittitas","46.99364","-120.545"
"03/22/2020","AirNow","530370002","5","8","ug/m3 LC","33","ELLENSBURG - RUBY ST","1","100.0000","88101","PM2.5 - Local Conditions","21260","Ellensburg, WA","53","Washington","037","Kittitas","46.99364","-120.545"
"03/23/2020","AirNow","530370002","5","2.5","ug/m3 LC","10","ELLENSBURG - RUBY ST","1","100.0000","88101","PM2.5 - Local Conditions","21260","Ellensburg, WA","53","Washington","037","Kittitas","46.99364","-120.545"
"03/24/2020","AirNow","530370002","5","3.7","ug/m3 LC","15","ELLENSBURG - RUBY ST","1","100.0000","88101","PM2.5 - Local Conditions","21260","Ellensburg, WA","53","Washington","037","Kittitas","46.99364","-120.545"
"03/25/2020","AirNow","530370002","5","1.7","ug/m3 LC","7","ELLENSBURG - RUBY ST","1","100.0000","88101","PM2.5 - Local Conditions","21260","Ellensburg, WA","53","Washington","037","Kittitas","46.99364","-120.545"
"03/26/2020","AirNow","530370002","5","4","ug/m3 LC","17","ELLENSBURG - RUBY ST","1","100.0000","88101","PM2.5 - Local Conditions","21260","Ellensburg, WA","53","Washington","037","Kittitas","46.99364","-120.545"
"03/27/2020","AirNow","530370002","5","3.9","ug/m3 LC","16","ELLENSBURG - RUBY ST","1","100.0000","88101","PM2.5 - Local Conditions","21260","Ellensburg, WA","53","Washington","037","Kittitas","46.99364","-120.545"
"03/28/2020","AirNow","530370002","5","2.8","ug/m3 LC","12","ELLENSBURG - RUBY ST","1","100.0000","88101","PM2.5 - Local Conditions","21260","Ellensburg, WA","53","Washington","037","Kittitas","46.99364","-120.545"
"03/29/2020","AirNow","530370002","5","2.3","ug/m3 LC","10","ELLENSBURG - RUBY ST","1","100.0000","88101","PM2.5 - Local Conditions","21260","Ellensburg, WA","53","Washington","037","Kittitas","46.99364","-120.545"
"03/30/2020","AirNow","530370002","5","1.8","ug/m3 LC","8","ELLENSBURG - RUBY ST","1","100.0000","88101","PM2.5 - Local Conditions","21260","Ellensburg, WA","53","Washington","037","Kittitas","46.99364","-120.545"
"03/31/2020","AirNow","530370002","5","1.7","ug/m3 LC","7","ELLENSBURG - RUBY ST","1","100.0000","88101","PM2.5 - Local Conditions","21260","Ellensburg, WA","53","Washington","037","Kittitas","46.99364","-120.545"
"04/01/2020","AirNow","530370002","5","2.7","ug/m3 LC","11","ELLENSBURG - RUBY ST","1","100.0000","88101","PM2.5 - Local Conditions","21260","Ellensburg, WA","53","Washington","037","Kittitas","46.99364","-120.545"
"04/02/2020","AirNow","530370002","5","4.9","ug/m3 LC","20","ELLENSBURG - RUBY ST","1","100.0000","88101","PM2.5 - Local Conditions","21260","Ellensburg, WA","53","Washington","037","Kittitas","46.99364","-120.545"
"04/03/2020","AirNow","530370002","5","0.4","ug/m3 LC","2","ELLENSBURG - RUBY ST","1","100.0000","88101","PM2.5 - Local Conditions","21260","Ellensburg, WA","53","Washington","037","Kittitas","46.99364","-120.545"
"04/04/2020","AirNow","530370002","5","2.3","ug/m3 LC","10","ELLENSBURG - RUBY ST","1","100.0000","88101","PM2.5 - Local Conditions","21260","Ellensburg, WA","53","Washington","037","Kittitas","46.99364","-120.545"
"04/05/2020","AirNow","530370002","5","6","ug/m3 LC","25","ELLENSBURG - RUBY ST","1","100.0000","88101","PM2.5 - Local Conditions","21260","Ellensburg, WA","53","Washington","037","Kittitas","46.99364","-120.545"
"04/06/2020","AirNow","530370002","5","5.6","ug/m3 LC","23","ELLENSBURG - RUBY ST","1","100.0000","88101","PM2.5 - Local Conditions","21260","Ellensburg, WA","53","Washington","037","Kittitas","46.99364","-120.545"
"04/07/2020","AirNow","530370002","5","4.1","ug/m3 LC","17","ELLENSBURG - RUBY ST","1","100.0000","88101","PM2.5 - Local Conditions","21260","Ellensburg, WA","53","Washington","037","Kittitas","46.99364","-120.545"
"04/08/2020","AirNow","530370002","5","5.8","ug/m3 LC","24","ELLENSBURG - RUBY ST","1","100.0000","88101","PM2.5 - Local Conditions","21260","Ellensburg, WA","53","Washington","037","Kittitas","46.99364","-120.545"
"04/09/2020","AirNow","530370002","5","7.9","ug/m3 LC","33","ELLENSBURG - RUBY ST","1","100.0000","88101","PM2.5 - Local Conditions","21260","Ellensburg, WA","53","Washington","037","Kittitas","46.99364","-120.545"
"04/10/2020","AirNow","530370002","5","4.8","ug/m3 LC","20","ELLENSBURG - RUBY ST","1","100.0000","88101","PM2.5 - Local Conditions","21260","Ellensburg, WA","53","Washington","037","Kittitas","46.99364","-120.545"
"04/11/2020","AirNow","530370002","5","2.3","ug/m3 LC","10","ELLENSBURG - RUBY ST","1","100.0000","88101","PM2.5 - Local Conditions","21260","Ellensburg, WA","53","Washington","037","Kittitas","46.99364","-120.545"
"04/12/2020","AirNow","530370002","5","4","ug/m3 LC","17","ELLENSBURG - RUBY ST","1","100.0000","88101","PM2.5 - Local Conditions","21260","Ellensburg, WA","53","Washington","037","Kittitas","46.99364","-120.545"
"04/13/2020","AirNow","530370002","5","4.3","ug/m3 LC","18","ELLENSBURG - RUBY ST","1","100.0000","88101","PM2.5 - Local Conditions","21260","Ellensburg, WA","53","Washington","037","Kittitas","46.99364","-120.545"
"04/14/2020","AirNow","530370002","5","3.4","ug/m3 LC","14","ELLENSBURG - RUBY ST","1","100.0000","88101","PM2.5 - Local Conditions","21260","Ellensburg, WA","53","Washington","037","Kittitas","46.99364","-120.545"
"01/01/2020","AQS","530390006","4","2.3","ug/m3 LC","10","Mobile-WhiteSalmon","1","100.0000","88502","Acceptable PM2.5 AQI & Speciation Mass","","","53","Washington","039","Klickitat","45.7359310009429","-121.488398"
"01/02/2020","AQS","530390006","4","3.4","ug/m3 LC","14","Mobile-WhiteSalmon","1","100.0000","88502","Acceptable PM2.5 AQI & Speciation Mass","","","53","Washington","039","Klickitat","45.7359310009429","-121.488398"
"01/03/2020","AQS","530390006","4","5.1","ug/m3 LC","21","Mobile-WhiteSalmon","1","100.0000","88502","Acceptable PM2.5 AQI & Speciation Mass","","","53","Washington","039","Klickitat","45.7359310009429","-121.488398"
"01/04/2020","AQS","530390006","4","4.1","ug/m3 LC","17","Mobile-WhiteSalmon","1","100.0000","88502","Acceptable PM2.5 AQI & Speciation Mass","","","53","Washington","039","Klickitat","45.7359310009429","-121.488398"
"01/05/2020","AQS","530390006","4","4.3","ug/m3 LC","18","Mobile-WhiteSalmon","1","100.0000","88502","Acceptable PM2.5 AQI & Speciation Mass","","","53","Washington","039","Klickitat","45.7359310009429","-121.488398"
"01/06/2020","AQS","530390006","4","2.3","ug/m3 LC","10","Mobile-WhiteSalmon","1","100.0000","88502","Acceptable PM2.5 AQI & Speciation Mass","","","53","Washington","039","Klickitat","45.7359310009429","-121.488398"
"01/07/2020","AQS","530390006","4","2.8","ug/m3 LC","12","Mobile-WhiteSalmon","1","100.0000","88502","Acceptable PM2.5 AQI & Speciation Mass","","","53","Washington","039","Klickitat","45.7359310009429","-121.488398"
"01/08/2020","AQS","530390006","4","2.4","ug/m3 LC","10","Mobile-WhiteSalmon","1","100.0000","88502","Acceptable PM2.5 AQI & Speciation Mass","","","53","Washington","039","Klickitat","45.7359310009429","-121.488398"
"01/09/2020","AQS","530390006","4","4.1","ug/m3 LC","17","Mobile-WhiteSalmon","1","100.0000","88502","Acceptable PM2.5 AQI & Speciation Mass","","","53","Washington","039","Klickitat","45.7359310009429","-121.488398"
"01/10/2020","AQS","530390006","4","6","ug/m3 LC","25","Mobile-WhiteSalmon","1","100.0000","88502","Acceptable PM2.5 AQI & Speciation Mass","","","53","Washington","039","Klickitat","45.7359310009429","-121.488398"
"01/11/2020","AQS","530390006","4","2.5","ug/m3 LC","10","Mobile-WhiteSalmon","1","100.0000","88502","Acceptable PM2.5 AQI & Speciation Mass","","","53","Washington","039","Klickitat","45.7359310009429","-121.488398"
"01/12/2020","AQS","530390006","4","2.4","ug/m3 LC","10","Mobile-WhiteSalmon","1","100.0000","88502","Acceptable PM2.5 AQI & Speciation Mass","","","53","Washington","039","Klickitat","45.7359310009429","-121.488398"
"01/13/2020","AQS","530390006","4","2.6","ug/m3 LC","11","Mobile-WhiteSalmon","1","100.0000","88502","Acceptable PM2.5 AQI & Speciation Mass","","","53","Washington","039","Klickitat","45.7359310009429","-121.488398"
"01/14/2020","AQS","530390006","4","4.2","ug/m3 LC","18","Mobile-WhiteSalmon","1","100.0000","88502","Acceptable PM2.5 AQI & Speciation Mass","","","53","Washington","039","Klickitat","45.7359310009429","-121.488398"
"01/15/2020","AQS","530390006","4","6.5","ug/m3 LC","27","Mobile-WhiteSalmon","1","100.0000","88502","Acceptable PM2.5 AQI & Speciation Mass","","","53","Washington","039","Klickitat","45.7359310009429","-121.488398"
"01/16/2020","AQS","530390006","4","9.8","ug/m3 LC","41","Mobile-WhiteSalmon","1","100.0000","88502","Acceptable PM2.5 AQI & Speciation Mass","","","53","Washington","039","Klickitat","45.7359310009429","-121.488398"
"01/17/2020","AQS","530390006","4","9","ug/m3 LC","38","Mobile-WhiteSalmon","1","100.0000","88502","Acceptable PM2.5 AQI & Speciation Mass","","","53","Washington","039","Klickitat","45.7359310009429","-121.488398"
"01/18/2020","AQS","530390006","4","9.1","ug/m3 LC","38","Mobile-WhiteSalmon","1","100.0000","88502","Acceptable PM2.5 AQI & Speciation Mass","","","53","Washington","039","Klickitat","45.7359310009429","-121.488398"
"01/19/2020","AQS","530390006","4","13.8","ug/m3 LC","55","Mobile-WhiteSalmon","1","100.0000","88502","Acceptable PM2.5 AQI & Speciation Mass","","","53","Washington","039","Klickitat","45.7359310009429","-121.488398"
"01/20/2020","AQS","530390006","4","16","ug/m3 LC","59","Mobile-WhiteSalmon","1","100.0000","88502","Acceptable PM2.5 AQI & Speciation Mass","","","53","Washington","039","Klickitat","45.7359310009429","-121.488398"
"01/21/2020","AQS","530390006","4","10.7","ug/m3 LC","45","Mobile-WhiteSalmon","1","100.0000","88502","Acceptable PM2.5 AQI & Speciation Mass","","","53","Washington","039","Klickitat","45.7359310009429","-121.488398"
"01/22/2020","AQS","530390006","4","5.5","ug/m3 LC","23","Mobile-WhiteSalmon","1","100.0000","88502","Acceptable PM2.5 AQI & Speciation Mass","","","53","Washington","039","Klickitat","45.7359310009429","-121.488398"
"01/23/2020","AQS","530390006","4","6.1","ug/m3 LC","25","Mobile-WhiteSalmon","1","100.0000","88502","Acceptable PM2.5 AQI & Speciation Mass","","","53","Washington","039","Klickitat","45.7359310009429","-121.488398"
"01/24/2020","AQS","530390006","4","4.5","ug/m3 LC","19","Mobile-WhiteSalmon","1","100.0000","88502","Acceptable PM2.5 AQI & Speciation Mass","","","53","Washington","039","Klickitat","45.7359310009429","-121.488398"
"01/25/2020","AQS","530390006","4","5.1","ug/m3 LC","21","Mobile-WhiteSalmon","1","100.0000","88502","Acceptable PM2.5 AQI & Speciation Mass","","","53","Washington","039","Klickitat","45.7359310009429","-121.488398"
"01/26/2020","AQS","530390006","4","3.9","ug/m3 LC","16","Mobile-WhiteSalmon","1","100.0000","88502","Acceptable PM2.5 AQI & Speciation Mass","","","53","Washington","039","Klickitat","45.7359310009429","-121.488398"
"01/27/2020","AQS","530390006","4","3.8","ug/m3 LC","16","Mobile-WhiteSalmon","1","100.0000","88502","Acceptable PM2.5 AQI & Speciation Mass","","","53","Washington","039","Klickitat","45.7359310009429","-121.488398"
"01/28/2020","AQS","530390006","4","4.1","ug/m3 LC","17","Mobile-WhiteSalmon","1","100.0000","88502","Acceptable PM2.5 AQI & Speciation Mass","","","53","Washington","039","Klickitat","45.7359310009429","-121.488398"
"01/29/2020","AQS","530390006","4","3.5","ug/m3 LC","15","Mobile-WhiteSalmon","1","100.0000","88502","Acceptable PM2.5 AQI & Speciation Mass","","","53","Washington","039","Klickitat","45.7359310009429","-121.488398"
"01/30/2020","AQS","530390006","4","5.3","ug/m3 LC","22","Mobile-WhiteSalmon","1","100.0000","88502","Acceptable PM2.5 AQI & Speciation Mass","","","53","Washington","039","Klickitat","45.7359310009429","-121.488398"
"01/31/2020","AQS","530390006","4","3","ug/m3 LC","13","Mobile-WhiteSalmon","1","100.0000","88502","Acceptable PM2.5 AQI & Speciation Mass","","","53","Washington","039","Klickitat","45.7359310009429","-121.488398"
"02/01/2020","AirNow","530390006","4","1.6","ug/m3 LC","7","Mobile-WhiteSalmon","1","100.0000","88502","Acceptable PM2.5 AQI & Speciation Mass","","","53","Washington","039","Klickitat","45.7359310009429","-121.488398"
"02/02/2020","AirNow","530390006","4","3.3","ug/m3 LC","14","Mobile-WhiteSalmon","1","100.0000","88502","Acceptable PM2.5 AQI & Speciation Mass","","","53","Washington","039","Klickitat","45.7359310009429","-121.488398"
"02/03/2020","AirNow","530390006","4","3.3","ug/m3 LC","14","Mobile-WhiteSalmon","1","100.0000","88502","Acceptable PM2.5 AQI & Speciation Mass","","","53","Washington","039","Klickitat","45.7359310009429","-121.488398"
"02/04/2020","AirNow","530390006","4","4.1","ug/m3 LC","17","Mobile-WhiteSalmon","1","100.0000","88502","Acceptable PM2.5 AQI & Speciation Mass","","","53","Washington","039","Klickitat","45.7359310009429","-121.488398"
"02/05/2020","AirNow","530390006","4","2.4","ug/m3 LC","10","Mobile-WhiteSalmon","1","100.0000","88502","Acceptable PM2.5 AQI & Speciation Mass","","","53","Washington","039","Klickitat","45.7359310009429","-121.488398"
"02/06/2020","AirNow","530390006","4","2","ug/m3 LC","8","Mobile-WhiteSalmon","1","100.0000","88502","Acceptable PM2.5 AQI & Speciation Mass","","","53","Washington","039","Klickitat","45.7359310009429","-121.488398"
"02/07/2020","AirNow","530390006","4","2.2","ug/m3 LC","9","Mobile-WhiteSalmon","1","100.0000","88502","Acceptable PM2.5 AQI & Speciation Mass","","","53","Washington","039","Klickitat","45.7359310009429","-121.488398"
"02/08/2020","AirNow","530390006","4","2.8","ug/m3 LC","12","Mobile-WhiteSalmon","1","100.0000","88502","Acceptable PM2.5 AQI & Speciation Mass","","","53","Washington","039","Klickitat","45.7359310009429","-121.488398"
"02/09/2020","AirNow","530390006","4","3.5","ug/m3 LC","15","Mobile-WhiteSalmon","1","100.0000","88502","Acceptable PM2.5 AQI & Speciation Mass","","","53","Washington","039","Klickitat","45.7359310009429","-121.488398"
"02/10/2020","AirNow","530390006","4","5.2","ug/m3 LC","22","Mobile-WhiteSalmon","1","100.0000","88502","Acceptable PM2.5 AQI & Speciation Mass","","","53","Washington","039","Klickitat","45.7359310009429","-121.488398"
"02/11/2020","AirNow","530390006","4","4.1","ug/m3 LC","17","Mobile-WhiteSalmon","1","100.0000","88502","Acceptable PM2.5 AQI & Speciation Mass","","","53","Washington","039","Klickitat","45.7359310009429","-121.488398"
"02/12/2020","AirNow","530390006","4","5","ug/m3 LC","21","Mobile-WhiteSalmon","1","100.0000","88502","Acceptable PM2.5 AQI & Speciation Mass","","","53","Washington","039","Klickitat","45.7359310009429","-121.488398"
"02/13/2020","AirNow","530390006","4","3.6","ug/m3 LC","15","Mobile-WhiteSalmon","1","100.0000","88502","Acceptable PM2.5 AQI & Speciation Mass","","","53","Washington","039","Klickitat","45.7359310009429","-121.488398"
"02/14/2020","AirNow","530390006","4","2.9","ug/m3 LC","12","Mobile-WhiteSalmon","1","100.0000","88502","Acceptable PM2.5 AQI & Speciation Mass","","","53","Washington","039","Klickitat","45.7359310009429","-121.488398"
"02/15/2020","AirNow","530390006","4","3.8","ug/m3 LC","16","Mobile-WhiteSalmon","1","100.0000","88502","Acceptable PM2.5 AQI & Speciation Mass","","","53","Washington","039","Klickitat","45.7359310009429","-121.488398"
"02/16/2020","AirNow","530390006","4","3","ug/m3 LC","13","Mobile-WhiteSalmon","1","100.0000","88502","Acceptable PM2.5 AQI & Speciation Mass","","","53","Washington","039","Klickitat","45.7359310009429","-121.488398"
"02/17/2020","AirNow","530390006","4","3.5","ug/m3 LC","15","Mobile-WhiteSalmon","1","100.0000","88502","Acceptable PM2.5 AQI & Speciation Mass","","","53","Washington","039","Klickitat","45.7359310009429","-121.488398"
"02/18/2020","AirNow","530390006","4","4.5","ug/m3 LC","19","Mobile-WhiteSalmon","1","100.0000","88502","Acceptable PM2.5 AQI & Speciation Mass","","","53","Washington","039","Klickitat","45.7359310009429","-121.488398"
"02/19/2020","AirNow","530390006","4","4.1","ug/m3 LC","17","Mobile-WhiteSalmon","1","100.0000","88502","Acceptable PM2.5 AQI & Speciation Mass","","","53","Washington","039","Klickitat","45.7359310009429","-121.488398"
"02/20/2020","AirNow","530390006","4","5","ug/m3 LC","21","Mobile-WhiteSalmon","1","100.0000","88502","Acceptable PM2.5 AQI & Speciation Mass","","","53","Washington","039","Klickitat","45.7359310009429","-121.488398"
"02/21/2020","AirNow","530390006","4","6","ug/m3 LC","25","Mobile-WhiteSalmon","1","100.0000","88502","Acceptable PM2.5 AQI & Speciation Mass","","","53","Washington","039","Klickitat","45.7359310009429","-121.488398"
"02/22/2020","AirNow","530390006","4","5.6","ug/m3 LC","23","Mobile-WhiteSalmon","1","100.0000","88502","Acceptable PM2.5 AQI & Speciation Mass","","","53","Washington","039","Klickitat","45.7359310009429","-121.488398"
"02/23/2020","AirNow","530390006","4","3.8","ug/m3 LC","16","Mobile-WhiteSalmon","1","100.0000","88502","Acceptable PM2.5 AQI & Speciation Mass","","","53","Washington","039","Klickitat","45.7359310009429","-121.488398"
"02/24/2020","AirNow","530390006","4","4","ug/m3 LC","17","Mobile-WhiteSalmon","1","100.0000","88502","Acceptable PM2.5 AQI & Speciation Mass","","","53","Washington","039","Klickitat","45.7359310009429","-121.488398"
"02/25/2020","AirNow","530390006","4","5.4","ug/m3 LC","23","Mobile-WhiteSalmon","1","100.0000","88502","Acceptable PM2.5 AQI & Speciation Mass","","","53","Washington","039","Klickitat","45.7359310009429","-121.488398"
"02/26/2020","AirNow","530390006","4","4.3","ug/m3 LC","18","Mobile-WhiteSalmon","1","100.0000","88502","Acceptable PM2.5 AQI & Speciation Mass","","","53","Washington","039","Klickitat","45.7359310009429","-121.488398"
"02/27/2020","AirNow","530390006","4","4.2","ug/m3 LC","18","Mobile-WhiteSalmon","1","100.0000","88502","Acceptable PM2.5 AQI & Speciation Mass","","","53","Washington","039","Klickitat","45.7359310009429","-121.488398"
"02/28/2020","AirNow","530390006","4","3.9","ug/m3 LC","16","Mobile-WhiteSalmon","1","100.0000","88502","Acceptable PM2.5 AQI & Speciation Mass","","","53","Washington","039","Klickitat","45.7359310009429","-121.488398"
"02/29/2020","AirNow","530390006","4","2.9","ug/m3 LC","12","Mobile-WhiteSalmon","1","100.0000","88502","Acceptable PM2.5 AQI & Speciation Mass","","","53","Washington","039","Klickitat","45.7359310009429","-121.488398"
"03/01/2020","AirNow","530390006","4","3.8","ug/m3 LC","16","Mobile-WhiteSalmon","1","100.0000","88502","Acceptable PM2.5 AQI & Speciation Mass","","","53","Washington","039","Klickitat","45.7359310009429","-121.488398"
"03/02/2020","AirNow","530390006","4","2.7","ug/m3 LC","11","Mobile-WhiteSalmon","1","100.0000","88502","Acceptable PM2.5 AQI & Speciation Mass","","","53","Washington","039","Klickitat","45.7359310009429","-121.488398"
"03/03/2020","AirNow","530390006","4","2.6","ug/m3 LC","11","Mobile-WhiteSalmon","1","100.0000","88502","Acceptable PM2.5 AQI & Speciation Mass","","","53","Washington","039","Klickitat","45.7359310009429","-121.488398"
"03/04/2020","AirNow","530390006","4","4.2","ug/m3 LC","18","Mobile-WhiteSalmon","1","100.0000","88502","Acceptable PM2.5 AQI & Speciation Mass","","","53","Washington","039","Klickitat","45.7359310009429","-121.488398"
"03/05/2020","AirNow","530390006","4","4.8","ug/m3 LC","20","Mobile-WhiteSalmon","1","100.0000","88502","Acceptable PM2.5 AQI & Speciation Mass","","","53","Washington","039","Klickitat","45.7359310009429","-121.488398"
"03/06/2020","AirNow","530390006","4","2.9","ug/m3 LC","12","Mobile-WhiteSalmon","1","100.0000","88502","Acceptable PM2.5 AQI & Speciation Mass","","","53","Washington","039","Klickitat","45.7359310009429","-121.488398"
"03/07/2020","AirNow","530390006","4","2.9","ug/m3 LC","12","Mobile-WhiteSalmon","1","100.0000","88502","Acceptable PM2.5 AQI & Speciation Mass","","","53","Washington","039","Klickitat","45.7359310009429","-121.488398"
"03/08/2020","AirNow","530390006","4","3.7","ug/m3 LC","15","Mobile-WhiteSalmon","1","100.0000","88502","Acceptable PM2.5 AQI & Speciation Mass","","","53","Washington","039","Klickitat","45.7359310009429","-121.488398"
"03/09/2020","AirNow","530390006","4","3.5","ug/m3 LC","15","Mobile-WhiteSalmon","1","100.0000","88502","Acceptable PM2.5 AQI & Speciation Mass","","","53","Washington","039","Klickitat","45.7359310009429","-121.488398"
"03/10/2020","AirNow","530390006","4","3.8","ug/m3 LC","16","Mobile-WhiteSalmon","1","100.0000","88502","Acceptable PM2.5 AQI & Speciation Mass","","","53","Washington","039","Klickitat","45.7359310009429","-121.488398"
"03/11/2020","AirNow","530390006","4","3.5","ug/m3 LC","15","Mobile-WhiteSalmon","1","100.0000","88502","Acceptable PM2.5 AQI & Speciation Mass","","","53","Washington","039","Klickitat","45.7359310009429","-121.488398"
"03/12/2020","AirNow","530390006","4","4.1","ug/m3 LC","17","Mobile-WhiteSalmon","1","100.0000","88502","Acceptable PM2.5 AQI & Speciation Mass","","","53","Washington","039","Klickitat","45.7359310009429","-121.488398"
"03/13/2020","AirNow","530390006","4","4.6","ug/m3 LC","19","Mobile-WhiteSalmon","1","100.0000","88502","Acceptable PM2.5 AQI & Speciation Mass","","","53","Washington","039","Klickitat","45.7359310009429","-121.488398"
"03/14/2020","AirNow","530390006","4","4.2","ug/m3 LC","18","Mobile-WhiteSalmon","1","100.0000","88502","Acceptable PM2.5 AQI & Speciation Mass","","","53","Washington","039","Klickitat","45.7359310009429","-121.488398"
"03/15/2020","AirNow","530390006","4","5","ug/m3 LC","21","Mobile-WhiteSalmon","1","100.0000","88502","Acceptable PM2.5 AQI & Speciation Mass","","","53","Washington","039","Klickitat","45.7359310009429","-121.488398"
"03/16/2020","AirNow","530390006","4","5.9","ug/m3 LC","25","Mobile-WhiteSalmon","1","100.0000","88502","Acceptable PM2.5 AQI & Speciation Mass","","","53","Washington","039","Klickitat","45.7359310009429","-121.488398"
"03/17/2020","AirNow","530390006","4","5.8","ug/m3 LC","24","Mobile-WhiteSalmon","1","100.0000","88502","Acceptable PM2.5 AQI & Speciation Mass","","","53","Washington","039","Klickitat","45.7359310009429","-121.488398"
"03/18/2020","AirNow","530390006","4","5.7","ug/m3 LC","24","Mobile-WhiteSalmon","1","100.0000","88502","Acceptable PM2.5 AQI & Speciation Mass","","","53","Washington","039","Klickitat","45.7359310009429","-121.488398"
"03/19/2020","AirNow","530390006","4","5.7","ug/m3 LC","24","Mobile-WhiteSalmon","1","100.0000","88502","Acceptable PM2.5 AQI & Speciation Mass","","","53","Washington","039","Klickitat","45.7359310009429","-121.488398"
"03/20/2020","AirNow","530390006","4","9.6","ug/m3 LC","40","Mobile-WhiteSalmon","1","100.0000","88502","Acceptable PM2.5 AQI & Speciation Mass","","","53","Washington","039","Klickitat","45.7359310009429","-121.488398"
"03/21/2020","AirNow","530390006","4","6.5","ug/m3 LC","27","Mobile-WhiteSalmon","1","100.0000","88502","Acceptable PM2.5 AQI & Speciation Mass","","","53","Washington","039","Klickitat","45.7359310009429","-121.488398"
"03/22/2020","AirNow","530390006","4","6.3","ug/m3 LC","26","Mobile-WhiteSalmon","1","100.0000","88502","Acceptable PM2.5 AQI & Speciation Mass","","","53","Washington","039","Klickitat","45.7359310009429","-121.488398"
"03/23/2020","AirNow","530390006","4","3.4","ug/m3 LC","14","Mobile-WhiteSalmon","1","100.0000","88502","Acceptable PM2.5 AQI & Speciation Mass","","","53","Washington","039","Klickitat","45.7359310009429","-121.488398"
"03/24/2020","AirNow","530390006","4","3","ug/m3 LC","13","Mobile-WhiteSalmon","1","100.0000","88502","Acceptable PM2.5 AQI & Speciation Mass","","","53","Washington","039","Klickitat","45.7359310009429","-121.488398"
"03/25/2020","AirNow","530390006","4","2.9","ug/m3 LC","12","Mobile-WhiteSalmon","1","100.0000","88502","Acceptable PM2.5 AQI & Speciation Mass","","","53","Washington","039","Klickitat","45.7359310009429","-121.488398"
"03/26/2020","AirNow","530390006","4","3.9","ug/m3 LC","16","Mobile-WhiteSalmon","1","100.0000","88502","Acceptable PM2.5 AQI & Speciation Mass","","","53","Washington","039","Klickitat","45.7359310009429","-121.488398"
"03/27/2020","AirNow","530390006","4","4.5","ug/m3 LC","19","Mobile-WhiteSalmon","1","100.0000","88502","Acceptable PM2.5 AQI & Speciation Mass","","","53","Washington","039","Klickitat","45.7359310009429","-121.488398"
"03/28/2020","AirNow","530390006","4","4.3","ug/m3 LC","18","Mobile-WhiteSalmon","1","100.0000","88502","Acceptable PM2.5 AQI & Speciation Mass","","","53","Washington","039","Klickitat","45.7359310009429","-121.488398"
"03/29/2020","AirNow","530390006","4","3.7","ug/m3 LC","15","Mobile-WhiteSalmon","1","100.0000","88502","Acceptable PM2.5 AQI & Speciation Mass","","","53","Washington","039","Klickitat","45.7359310009429","-121.488398"
"03/30/2020","AirNow","530390006","4","3","ug/m3 LC","13","Mobile-WhiteSalmon","1","100.0000","88502","Acceptable PM2.5 AQI & Speciation Mass","","","53","Washington","039","Klickitat","45.7359310009429","-121.488398"
"03/31/2020","AirNow","530390006","4","2.7","ug/m3 LC","11","Mobile-WhiteSalmon","1","100.0000","88502","Acceptable PM2.5 AQI & Speciation Mass","","","53","Washington","039","Klickitat","45.7359310009429","-121.488398"
"04/01/2020","AirNow","530390006","4","3.1","ug/m3 LC","13","Mobile-WhiteSalmon","1","100.0000","88502","Acceptable PM2.5 AQI & Speciation Mass","","","53","Washington","039","Klickitat","45.7359310009429","-121.488398"
"01/01/2020","AQS","530410004","4","2.7","ug/m3 LC","11","CHEHALIS - MARKET BLVD","1","100.0000","88502","Acceptable PM2.5 AQI & Speciation Mass","16500","Centralia, WA","53","Washington","041","Lewis","46.66409","-122.96732"
"01/02/2020","AQS","530410004","4","3.4","ug/m3 LC","14","CHEHALIS - MARKET BLVD","1","100.0000","88502","Acceptable PM2.5 AQI & Speciation Mass","16500","Centralia, WA","53","Washington","041","Lewis","46.66409","-122.96732"
"01/03/2020","AQS","530410004","4","3","ug/m3 LC","13","CHEHALIS - MARKET BLVD","1","100.0000","88502","Acceptable PM2.5 AQI & Speciation Mass","16500","Centralia, WA","53","Washington","041","Lewis","46.66409","-122.96732"
"01/04/2020","AQS","530410004","4","3.7","ug/m3 LC","15","CHEHALIS - MARKET BLVD","1","100.0000","88502","Acceptable PM2.5 AQI & Speciation Mass","16500","Centralia, WA","53","Washington","041","Lewis","46.66409","-122.96732"
"01/05/2020","AQS","530410004","4","3.2","ug/m3 LC","13","CHEHALIS - MARKET BLVD","1","100.0000","88502","Acceptable PM2.5 AQI & Speciation Mass","16500","Centralia, WA","53","Washington","041","Lewis","46.66409","-122.96732"
"01/06/2020","AQS","530410004","4","1.3","ug/m3 LC","5","CHEHALIS - MARKET BLVD","1","100.0000","88502","Acceptable PM2.5 AQI & Speciation Mass","16500","Centralia, WA","53","Washington","041","Lewis","46.66409","-122.96732"
"01/07/2020","AQS","530410004","4","2","ug/m3 LC","8","CHEHALIS - MARKET BLVD","1","100.0000","88502","Acceptable PM2.5 AQI & Speciation Mass","16500","Centralia, WA","53","Washington","041","Lewis","46.66409","-122.96732"
"01/08/2020","AQS","530410004","4","3.9","ug/m3 LC","16","CHEHALIS - MARKET BLVD","1","100.0000","88502","Acceptable PM2.5 AQI & Speciation Mass","16500","Centralia, WA","53","Washington","041","Lewis","46.66409","-122.96732"
"01/09/2020","AQS","530410004","4","5.3","ug/m3 LC","22","CHEHALIS - MARKET BLVD","1","100.0000","88502","Acceptable PM2.5 AQI & Speciation Mass","16500","Centralia, WA","53","Washington","041","Lewis","46.66409","-122.96732"
"01/10/2020","AQS","530410004","4","2.7","ug/m3 LC","11","CHEHALIS - MARKET BLVD","1","100.0000","88502","Acceptable PM2.5 AQI & Speciation Mass","16500","Centralia, WA","53","Washington","041","Lewis","46.66409","-122.96732"
"01/11/2020","AQS","530410004","4","3.3","ug/m3 LC","14","CHEHALIS - MARKET BLVD","1","100.0000","88502","Acceptable PM2.5 AQI & Speciation Mass","16500","Centralia, WA","53","Washington","041","Lewis","46.66409","-122.96732"
"01/12/2020","AQS","530410004","4","2.7","ug/m3 LC","11","CHEHALIS - MARKET BLVD","1","100.0000","88502","Acceptable PM2.5 AQI & Speciation Mass","16500","Centralia, WA","53","Washington","041","Lewis","46.66409","-122.96732"
"01/13/2020","AQS","530410004","4","5.2","ug/m3 LC","22","CHEHALIS - MARKET BLVD","1","100.0000","88502","Acceptable PM2.5 AQI & Speciation Mass","16500","Centralia, WA","53","Washington","041","Lewis","46.66409","-122.96732"
"01/14/2020","AQS","530410004","4","3.2","ug/m3 LC","13","CHEHALIS - MARKET BLVD","1","100.0000","88502","Acceptable PM2.5 AQI & Speciation Mass","16500","Centralia, WA","53","Washington","041","Lewis","46.66409","-122.96732"
"01/15/2020","AQS","530410004","4","2","ug/m3 LC","8","CHEHALIS - MARKET BLVD","1","100.0000","88502","Acceptable PM2.5 AQI & Speciation Mass","16500","Centralia, WA","53","Washington","041","Lewis","46.66409","-122.96732"
"01/16/2020","AQS","530410004","4","3.8","ug/m3 LC","16","CHEHALIS - MARKET BLVD","1","100.0000","88502","Acceptable PM2.5 AQI & Speciation Mass","16500","Centralia, WA","53","Washington","041","Lewis","46.66409","-122.96732"
"01/17/2020","AQS","530410004","4","5.6","ug/m3 LC","23","CHEHALIS - MARKET BLVD","1","100.0000","88502","Acceptable PM2.5 AQI & Speciation Mass","16500","Centralia, WA","53","Washington","041","Lewis","46.66409","-122.96732"
"01/18/2020","AQS","530410004","4","2.4","ug/m3 LC","10","CHEHALIS - MARKET BLVD","1","100.0000","88502","Acceptable PM2.5 AQI & Speciation Mass","16500","Centralia, WA","53","Washington","041","Lewis","46.66409","-122.96732"
"01/19/2020","AQS","530410004","4","6.1","ug/m3 LC","25","CHEHALIS - MARKET BLVD","1","100.0000","88502","Acceptable PM2.5 AQI & Speciation Mass","16500","Centralia, WA","53","Washington","041","Lewis","46.66409","-122.96732"
"01/20/2020","AQS","530410004","4","8","ug/m3 LC","33","CHEHALIS - MARKET BLVD","1","100.0000","88502","Acceptable PM2.5 AQI & Speciation Mass","16500","Centralia, WA","53","Washington","041","Lewis","46.66409","-122.96732"
"01/21/2020","AQS","530410004","4","4","ug/m3 LC","17","CHEHALIS - MARKET BLVD","1","100.0000","88502","Acceptable PM2.5 AQI & Speciation Mass","16500","Centralia, WA","53","Washington","041","Lewis","46.66409","-122.96732"
"01/22/2020","AQS","530410004","4","2.3","ug/m3 LC","10","CHEHALIS - MARKET BLVD","1","100.0000","88502","Acceptable PM2.5 AQI & Speciation Mass","16500","Centralia, WA","53","Washington","041","Lewis","46.66409","-122.96732"
"01/23/2020","AQS","530410004","4","1.6","ug/m3 LC","7","CHEHALIS - MARKET BLVD","1","100.0000","88502","Acceptable PM2.5 AQI & Speciation Mass","16500","Centralia, WA","53","Washington","041","Lewis","46.66409","-122.96732"
"01/24/2020","AQS","530410004","4","2.6","ug/m3 LC","11","CHEHALIS - MARKET BLVD","1","100.0000","88502","Acceptable PM2.5 AQI & Speciation Mass","16500","Centralia, WA","53","Washington","041","Lewis","46.66409","-122.96732"
"01/25/2020","AQS","530410004","4","3","ug/m3 LC","13","CHEHALIS - MARKET BLVD","1","100.0000","88502","Acceptable PM2.5 AQI & Speciation Mass","16500","Centralia, WA","53","Washington","041","Lewis","46.66409","-122.96732"
"01/26/2020","AQS","530410004","4","3.1","ug/m3 LC","13","CHEHALIS - MARKET BLVD","1","100.0000","88502","Acceptable PM2.5 AQI & Speciation Mass","16500","Centralia, WA","53","Washington","041","Lewis","46.66409","-122.96732"
"01/27/2020","AQS","530410004","4","3","ug/m3 LC","13","CHEHALIS - MARKET BLVD","1","100.0000","88502","Acceptable PM2.5 AQI & Speciation Mass","16500","Centralia, WA","53","Washington","041","Lewis","46.66409","-122.96732"
"01/28/2020","AQS","530410004","4","2.7","ug/m3 LC","11","CHEHALIS - MARKET BLVD","1","100.0000","88502","Acceptable PM2.5 AQI & Speciation Mass","16500","Centralia, WA","53","Washington","041","Lewis","46.66409","-122.96732"
"01/29/2020","AQS","530410004","4","3.3","ug/m3 LC","14","CHEHALIS - MARKET BLVD","1","100.0000","88502","Acceptable PM2.5 AQI & Speciation Mass","16500","Centralia, WA","53","Washington","041","Lewis","46.66409","-122.96732"
"01/30/2020","AQS","530410004","4","2.8","ug/m3 LC","12","CHEHALIS - MARKET BLVD","1","100.0000","88502","Acceptable PM2.5 AQI & Speciation Mass","16500","Centralia, WA","53","Washington","041","Lewis","46.66409","-122.96732"
"01/31/2020","AQS","530410004","4","1.5","ug/m3 LC","6","CHEHALIS - MARKET BLVD","1","100.0000","88502","Acceptable PM2.5 AQI & Speciation Mass","16500","Centralia, WA","53","Washington","041","Lewis","46.66409","-122.96732"
"02/01/2020","AirNow","530410004","4","3","ug/m3 LC","13","CHEHALIS - MARKET BLVD","1","100.0000","88502","Acceptable PM2.5 AQI & Speciation Mass","16500","Centralia, WA","53","Washington","041","Lewis","46.66409","-122.96732"
"02/02/2020","AirNow","530410004","4","6.7","ug/m3 LC","28","CHEHALIS - MARKET BLVD","1","100.0000","88502","Acceptable PM2.5 AQI & Speciation Mass","16500","Centralia, WA","53","Washington","041","Lewis","46.66409","-122.96732"
"02/03/2020","AirNow","530410004","4","5.3","ug/m3 LC","22","CHEHALIS - MARKET BLVD","1","100.0000","88502","Acceptable PM2.5 AQI & Speciation Mass","16500","Centralia, WA","53","Washington","041","Lewis","46.66409","-122.96732"
"02/04/2020","AirNow","530410004","4","6","ug/m3 LC","25","CHEHALIS - MARKET BLVD","1","100.0000","88502","Acceptable PM2.5 AQI & Speciation Mass","16500","Centralia, WA","53","Washington","041","Lewis","46.66409","-122.96732"
"02/05/2020","AirNow","530410004","4","2.3","ug/m3 LC","10","CHEHALIS - MARKET BLVD","1","100.0000","88502","Acceptable PM2.5 AQI & Speciation Mass","16500","Centralia, WA","53","Washington","041","Lewis","46.66409","-122.96732"
"02/06/2020","AirNow","530410004","4","1.5","ug/m3 LC","6","CHEHALIS - MARKET BLVD","1","100.0000","88502","Acceptable PM2.5 AQI & Speciation Mass","16500","Centralia, WA","53","Washington","041","Lewis","46.66409","-122.96732"
"02/07/2020","AirNow","530410004","4","2","ug/m3 LC","8","CHEHALIS - MARKET BLVD","1","100.0000","88502","Acceptable PM2.5 AQI & Speciation Mass","16500","Centralia, WA","53","Washington","041","Lewis","46.66409","-122.96732"
"02/08/2020","AirNow","530410004","4","4.5","ug/m3 LC","19","CHEHALIS - MARKET BLVD","1","100.0000","88502","Acceptable PM2.5 AQI & Speciation Mass","16500","Centralia, WA","53","Washington","041","Lewis","46.66409","-122.96732"
"02/09/2020","AirNow","530410004","4","6","ug/m3 LC","25","CHEHALIS - MARKET BLVD","1","100.0000","88502","Acceptable PM2.5 AQI & Speciation Mass","16500","Centralia, WA","53","Washington","041","Lewis","46.66409","-122.96732"
"02/10/2020","AirNow","530410004","4","8.7","ug/m3 LC","36","CHEHALIS - MARKET BLVD","1","100.0000","88502","Acceptable PM2.5 AQI & Speciation Mass","16500","Centralia, WA","53","Washington","041","Lewis","46.66409","-122.96732"
"02/11/2020","AirNow","530410004","4","6.9","ug/m3 LC","29","CHEHALIS - MARKET BLVD","1","100.0000","88502","Acceptable PM2.5 AQI & Speciation Mass","16500","Centralia, WA","53","Washington","041","Lewis","46.66409","-122.96732"
"02/12/2020","AirNow","530410004","4","7.9","ug/m3 LC","33","CHEHALIS - MARKET BLVD","1","100.0000","88502","Acceptable PM2.5 AQI & Speciation Mass","16500","Centralia, WA","53","Washington","041","Lewis","46.66409","-122.96732"
"02/13/2020","AirNow","530410004","4","6","ug/m3 LC","25","CHEHALIS - MARKET BLVD","1","100.0000","88502","Acceptable PM2.5 AQI & Speciation Mass","16500","Centralia, WA","53","Washington","041","Lewis","46.66409","-122.96732"
"02/14/2020","AirNow","530410004","4","3.7","ug/m3 LC","15","CHEHALIS - MARKET BLVD","1","100.0000","88502","Acceptable PM2.5 AQI & Speciation Mass","16500","Centralia, WA","53","Washington","041","Lewis","46.66409","-122.96732"
"02/15/2020","AirNow","530410004","4","3.1","ug/m3 LC","13","CHEHALIS - MARKET BLVD","1","100.0000","88502","Acceptable PM2.5 AQI & Speciation Mass","16500","Centralia, WA","53","Washington","041","Lewis","46.66409","-122.96732"
"02/16/2020","AirNow","530410004","4","4.1","ug/m3 LC","17","CHEHALIS - MARKET BLVD","1","100.0000","88502","Acceptable PM2.5 AQI & Speciation Mass","16500","Centralia, WA","53","Washington","041","Lewis","46.66409","-122.96732"
"02/17/2020","AirNow","530410004","4","5","ug/m3 LC","21","CHEHALIS - MARKET BLVD","1","100.0000","88502","Acceptable PM2.5 AQI & Speciation Mass","16500","Centralia, WA","53","Washington","041","Lewis","46.66409","-122.96732"
"02/18/2020","AirNow","530410004","4","5.5","ug/m3 LC","23","CHEHALIS - MARKET BLVD","1","100.0000","88502","Acceptable PM2.5 AQI & Speciation Mass","16500","Centralia, WA","53","Washington","041","Lewis","46.66409","-122.96732"
"02/19/2020","AirNow","530410004","4","8.2","ug/m3 LC","34","CHEHALIS - MARKET BLVD","1","100.0000","88502","Acceptable PM2.5 AQI & Speciation Mass","16500","Centralia, WA","53","Washington","041","Lewis","46.66409","-122.96732"
"02/20/2020","AirNow","530410004","4","8.9","ug/m3 LC","37","CHEHALIS - MARKET BLVD","1","100.0000","88502","Acceptable PM2.5 AQI & Speciation Mass","16500","Centralia, WA","53","Washington","041","Lewis","46.66409","-122.96732"
"02/21/2020","AirNow","530410004","4","8.8","ug/m3 LC","37","CHEHALIS - MARKET BLVD","1","100.0000","88502","Acceptable PM2.5 AQI & Speciation Mass","16500","Centralia, WA","53","Washington","041","Lewis","46.66409","-122.96732"
"02/22/2020","AirNow","530410004","4","7.5","ug/m3 LC","31","CHEHALIS - MARKET BLVD","1","100.0000","88502","Acceptable PM2.5 AQI & Speciation Mass","16500","Centralia, WA","53","Washington","041","Lewis","46.66409","-122.96732"
"02/23/2020","AirNow","530410004","4","4.2","ug/m3 LC","18","CHEHALIS - MARKET BLVD","1","100.0000","88502","Acceptable PM2.5 AQI & Speciation Mass","16500","Centralia, WA","53","Washington","041","Lewis","46.66409","-122.96732"
"02/24/2020","AirNow","530410004","4","6","ug/m3 LC","25","CHEHALIS - MARKET BLVD","1","100.0000","88502","Acceptable PM2.5 AQI & Speciation Mass","16500","Centralia, WA","53","Washington","041","Lewis","46.66409","-122.96732"
"02/25/2020","AirNow","530410004","4","5.4","ug/m3 LC","23","CHEHALIS - MARKET BLVD","1","100.0000","88502","Acceptable PM2.5 AQI & Speciation Mass","16500","Centralia, WA","53","Washington","041","Lewis","46.66409","-122.96732"
"02/26/2020","AirNow","530410004","4","4.9","ug/m3 LC","20","CHEHALIS - MARKET BLVD","1","100.0000","88502","Acceptable PM2.5 AQI & Speciation Mass","16500","Centralia, WA","53","Washington","041","Lewis","46.66409","-122.96732"
"02/27/2020","AirNow","530410004","4","5.8","ug/m3 LC","24","CHEHALIS - MARKET BLVD","1","100.0000","88502","Acceptable PM2.5 AQI & Speciation Mass","16500","Centralia, WA","53","Washington","041","Lewis","46.66409","-122.96732"
"02/28/2020","AirNow","530410004","4","3.9","ug/m3 LC","16","CHEHALIS - MARKET BLVD","1","100.0000","88502","Acceptable PM2.5 AQI & Speciation Mass","16500","Centralia, WA","53","Washington","041","Lewis","46.66409","-122.96732"
"02/29/2020","AirNow","530410004","4","4.4","ug/m3 LC","18","CHEHALIS - MARKET BLVD","1","100.0000","88502","Acceptable PM2.5 AQI & Speciation Mass","16500","Centralia, WA","53","Washington","041","Lewis","46.66409","-122.96732"
"03/01/2020","AirNow","530410004","4","6.1","ug/m3 LC","25","CHEHALIS - MARKET BLVD","1","100.0000","88502","Acceptable PM2.5 AQI & Speciation Mass","16500","Centralia, WA","53","Washington","041","Lewis","46.66409","-122.96732"
"03/02/2020","AirNow","530410004","4","5.3","ug/m3 LC","22","CHEHALIS - MARKET BLVD","1","100.0000","88502","Acceptable PM2.5 AQI & Speciation Mass","16500","Centralia, WA","53","Washington","041","Lewis","46.66409","-122.96732"
"03/03/2020","AirNow","530410004","4","2.9","ug/m3 LC","12","CHEHALIS - MARKET BLVD","1","100.0000","88502","Acceptable PM2.5 AQI & Speciation Mass","16500","Centralia, WA","53","Washington","041","Lewis","46.66409","-122.96732"
"03/04/2020","AirNow","530410004","4","5.4","ug/m3 LC","23","CHEHALIS - MARKET BLVD","1","100.0000","88502","Acceptable PM2.5 AQI & Speciation Mass","16500","Centralia, WA","53","Washington","041","Lewis","46.66409","-122.96732"
"03/05/2020","AirNow","530410004","4","4.8","ug/m3 LC","20","CHEHALIS - MARKET BLVD","1","100.0000","88502","Acceptable PM2.5 AQI & Speciation Mass","16500","Centralia, WA","53","Washington","041","Lewis","46.66409","-122.96732"
"03/06/2020","AirNow","530410004","4","2.4","ug/m3 LC","10","CHEHALIS - MARKET BLVD","1","100.0000","88502","Acceptable PM2.5 AQI & Speciation Mass","16500","Centralia, WA","53","Washington","041","Lewis","46.66409","-122.96732"
"03/07/2020","AirNow","530410004","4","5","ug/m3 LC","21","CHEHALIS - MARKET BLVD","1","100.0000","88502","Acceptable PM2.5 AQI & Speciation Mass","16500","Centralia, WA","53","Washington","041","Lewis","46.66409","-122.96732"
"03/08/2020","AirNow","530410004","4","5.8","ug/m3 LC","24","CHEHALIS - MARKET BLVD","1","100.0000","88502","Acceptable PM2.5 AQI & Speciation Mass","16500","Centralia, WA","53","Washington","041","Lewis","46.66409","-122.96732"
"03/09/2020","AirNow","530410004","4","7.9","ug/m3 LC","33","CHEHALIS - MARKET BLVD","1","100.0000","88502","Acceptable PM2.5 AQI & Speciation Mass","16500","Centralia, WA","53","Washington","041","Lewis","46.66409","-122.96732"
"03/10/2020","AirNow","530410004","4","5.3","ug/m3 LC","22","CHEHALIS - MARKET BLVD","1","100.0000","88502","Acceptable PM2.5 AQI & Speciation Mass","16500","Centralia, WA","53","Washington","041","Lewis","46.66409","-122.96732"
"03/11/2020","AirNow","530410004","4","3.3","ug/m3 LC","14","CHEHALIS - MARKET BLVD","1","100.0000","88502","Acceptable PM2.5 AQI & Speciation Mass","16500","Centralia, WA","53","Washington","041","Lewis","46.66409","-122.96732"
"03/12/2020","AirNow","530410004","4","6.5","ug/m3 LC","27","CHEHALIS - MARKET BLVD","1","100.0000","88502","Acceptable PM2.5 AQI & Speciation Mass","16500","Centralia, WA","53","Washington","041","Lewis","46.66409","-122.96732"
"03/13/2020","AirNow","530410004","4","4.9","ug/m3 LC","20","CHEHALIS - MARKET BLVD","1","100.0000","88502","Acceptable PM2.5 AQI & Speciation Mass","16500","Centralia, WA","53","Washington","041","Lewis","46.66409","-122.96732"
"03/14/2020","AirNow","530410004","4","4.1","ug/m3 LC","17","CHEHALIS - MARKET BLVD","1","100.0000","88502","Acceptable PM2.5 AQI & Speciation Mass","16500","Centralia, WA","53","Washington","041","Lewis","46.66409","-122.96732"
"03/15/2020","AirNow","530410004","4","4.7","ug/m3 LC","20","CHEHALIS - MARKET BLVD","1","100.0000","88502","Acceptable PM2.5 AQI & Speciation Mass","16500","Centralia, WA","53","Washington","041","Lewis","46.66409","-122.96732"
"03/16/2020","AirNow","530410004","4","5.1","ug/m3 LC","21","CHEHALIS - MARKET BLVD","1","100.0000","88502","Acceptable PM2.5 AQI & Speciation Mass","16500","Centralia, WA","53","Washington","041","Lewis","46.66409","-122.96732"
"03/17/2020","AirNow","530410004","4","7.2","ug/m3 LC","30","CHEHALIS - MARKET BLVD","1","100.0000","88502","Acceptable PM2.5 AQI & Speciation Mass","16500","Centralia, WA","53","Washington","041","Lewis","46.66409","-122.96732"
"03/18/2020","AirNow","530410004","4","8.1","ug/m3 LC","34","CHEHALIS - MARKET BLVD","1","100.0000","88502","Acceptable PM2.5 AQI & Speciation Mass","16500","Centralia, WA","53","Washington","041","Lewis","46.66409","-122.96732"
"03/19/2020","AirNow","530410004","4","9.2","ug/m3 LC","38","CHEHALIS - MARKET BLVD","1","100.0000","88502","Acceptable PM2.5 AQI & Speciation Mass","16500","Centralia, WA","53","Washington","041","Lewis","46.66409","-122.96732"
"03/20/2020","AirNow","530410004","4","8.2","ug/m3 LC","34","CHEHALIS - MARKET BLVD","1","100.0000","88502","Acceptable PM2.5 AQI & Speciation Mass","16500","Centralia, WA","53","Washington","041","Lewis","46.66409","-122.96732"
"03/21/2020","AirNow","530410004","4","7.3","ug/m3 LC","30","CHEHALIS - MARKET BLVD","1","100.0000","88502","Acceptable PM2.5 AQI & Speciation Mass","16500","Centralia, WA","53","Washington","041","Lewis","46.66409","-122.96732"
"03/22/2020","AirNow","530410004","4","8.6","ug/m3 LC","36","CHEHALIS - MARKET BLVD","1","100.0000","88502","Acceptable PM2.5 AQI & Speciation Mass","16500","Centralia, WA","53","Washington","041","Lewis","46.66409","-122.96732"
"03/23/2020","AirNow","530410004","4","2.5","ug/m3 LC","10","CHEHALIS - MARKET BLVD","1","100.0000","88502","Acceptable PM2.5 AQI & Speciation Mass","16500","Centralia, WA","53","Washington","041","Lewis","46.66409","-122.96732"
"03/24/2020","AirNow","530410004","4","2.6","ug/m3 LC","11","CHEHALIS - MARKET BLVD","1","100.0000","88502","Acceptable PM2.5 AQI & Speciation Mass","16500","Centralia, WA","53","Washington","041","Lewis","46.66409","-122.96732"
"03/25/2020","AirNow","530410004","4","4","ug/m3 LC","17","CHEHALIS - MARKET BLVD","1","100.0000","88502","Acceptable PM2.5 AQI & Speciation Mass","16500","Centralia, WA","53","Washington","041","Lewis","46.66409","-122.96732"
"03/26/2020","AirNow","530410004","4","6.4","ug/m3 LC","27","CHEHALIS - MARKET BLVD","1","100.0000","88502","Acceptable PM2.5 AQI & Speciation Mass","16500","Centralia, WA","53","Washington","041","Lewis","46.66409","-122.96732"
"03/27/2020","AirNow","530410004","4","6","ug/m3 LC","25","CHEHALIS - MARKET BLVD","1","100.0000","88502","Acceptable PM2.5 AQI & Speciation Mass","16500","Centralia, WA","53","Washington","041","Lewis","46.66409","-122.96732"
"03/28/2020","AirNow","530410004","4","4.7","ug/m3 LC","20","CHEHALIS - MARKET BLVD","1","100.0000","88502","Acceptable PM2.5 AQI & Speciation Mass","16500","Centralia, WA","53","Washington","041","Lewis","46.66409","-122.96732"
"03/29/2020","AirNow","530410004","4","2.1","ug/m3 LC","9","CHEHALIS - MARKET BLVD","1","100.0000","88502","Acceptable PM2.5 AQI & Speciation Mass","16500","Centralia, WA","53","Washington","041","Lewis","46.66409","-122.96732"
"03/30/2020","AirNow","530410004","4","2.2","ug/m3 LC","9","CHEHALIS - MARKET BLVD","1","100.0000","88502","Acceptable PM2.5 AQI & Speciation Mass","16500","Centralia, WA","53","Washington","041","Lewis","46.66409","-122.96732"
"03/31/2020","AirNow","530410004","4","2.7","ug/m3 LC","11","CHEHALIS - MARKET BLVD","1","100.0000","88502","Acceptable PM2.5 AQI & Speciation Mass","16500","Centralia, WA","53","Washington","041","Lewis","46.66409","-122.96732"
"04/01/2020","AirNow","530410004","4","3.1","ug/m3 LC","13","CHEHALIS - MARKET BLVD","1","100.0000","88502","Acceptable PM2.5 AQI & Speciation Mass","16500","Centralia, WA","53","Washington","041","Lewis","46.66409","-122.96732"
"04/02/2020","AirNow","530410004","4","4.6","ug/m3 LC","19","CHEHALIS - MARKET BLVD","1","100.0000","88502","Acceptable PM2.5 AQI & Speciation Mass","16500","Centralia, WA","53","Washington","041","Lewis","46.66409","-122.96732"
"04/03/2020","AirNow","530410004","4","5","ug/m3 LC","21","CHEHALIS - MARKET BLVD","1","100.0000","88502","Acceptable PM2.5 AQI & Speciation Mass","16500","Centralia, WA","53","Washington","041","Lewis","46.66409","-122.96732"
"04/04/2020","AirNow","530410004","4","4.4","ug/m3 LC","18","CHEHALIS - MARKET BLVD","1","100.0000","88502","Acceptable PM2.5 AQI & Speciation Mass","16500","Centralia, WA","53","Washington","041","Lewis","46.66409","-122.96732"
"04/05/2020","AirNow","530410004","4","4.6","ug/m3 LC","19","CHEHALIS - MARKET BLVD","1","100.0000","88502","Acceptable PM2.5 AQI & Speciation Mass","16500","Centralia, WA","53","Washington","041","Lewis","46.66409","-122.96732"
"04/06/2020","AirNow","530410004","4","5.4","ug/m3 LC","23","CHEHALIS - MARKET BLVD","1","100.0000","88502","Acceptable PM2.5 AQI & Speciation Mass","16500","Centralia, WA","53","Washington","041","Lewis","46.66409","-122.96732"
"04/07/2020","AirNow","530410004","4","7","ug/m3 LC","29","CHEHALIS - MARKET BLVD","1","100.0000","88502","Acceptable PM2.5 AQI & Speciation Mass","16500","Centralia, WA","53","Washington","041","Lewis","46.66409","-122.96732"
"04/08/2020","AirNow","530410004","4","7.8","ug/m3 LC","33","CHEHALIS - MARKET BLVD","1","100.0000","88502","Acceptable PM2.5 AQI & Speciation Mass","16500","Centralia, WA","53","Washington","041","Lewis","46.66409","-122.96732"
"04/09/2020","AirNow","530410004","4","8.2","ug/m3 LC","34","CHEHALIS - MARKET BLVD","1","100.0000","88502","Acceptable PM2.5 AQI & Speciation Mass","16500","Centralia, WA","53","Washington","041","Lewis","46.66409","-122.96732"
"04/10/2020","AirNow","530410004","4","4","ug/m3 LC","17","CHEHALIS - MARKET BLVD","1","100.0000","88502","Acceptable PM2.5 AQI & Speciation Mass","16500","Centralia, WA","53","Washington","041","Lewis","46.66409","-122.96732"
"04/11/2020","AirNow","530410004","4","6.2","ug/m3 LC","26","CHEHALIS - MARKET BLVD","1","100.0000","88502","Acceptable PM2.5 AQI & Speciation Mass","16500","Centralia, WA","53","Washington","041","Lewis","46.66409","-122.96732"
"04/12/2020","AirNow","530410004","4","6.2","ug/m3 LC","26","CHEHALIS - MARKET BLVD","1","100.0000","88502","Acceptable PM2.5 AQI & Speciation Mass","16500","Centralia, WA","53","Washington","041","Lewis","46.66409","-122.96732"
"04/13/2020","AirNow","530410004","4","5.6","ug/m3 LC","23","CHEHALIS - MARKET BLVD","1","100.0000","88502","Acceptable PM2.5 AQI & Speciation Mass","16500","Centralia, WA","53","Washington","041","Lewis","46.66409","-122.96732"
"04/14/2020","AirNow","530410004","4","5.3","ug/m3 LC","22","CHEHALIS - MARKET BLVD","1","100.0000","88502","Acceptable PM2.5 AQI & Speciation Mass","16500","Centralia, WA","53","Washington","041","Lewis","46.66409","-122.96732"
"04/15/2020","AirNow","530410004","4","3","ug/m3 LC","13","CHEHALIS - MARKET BLVD","1","100.0000","88502","Acceptable PM2.5 AQI & Speciation Mass","16500","Centralia, WA","53","Washington","041","Lewis","46.66409","-122.96732"
"04/16/2020","AirNow","530410004","4","4.9","ug/m3 LC","20","CHEHALIS - MARKET BLVD","1","100.0000","88502","Acceptable PM2.5 AQI & Speciation Mass","16500","Centralia, WA","53","Washington","041","Lewis","46.66409","-122.96732"
"04/17/2020","AirNow","530410004","4","4.8","ug/m3 LC","20","CHEHALIS - MARKET BLVD","1","100.0000","88502","Acceptable PM2.5 AQI & Speciation Mass","16500","Centralia, WA","53","Washington","041","Lewis","46.66409","-122.96732"
"04/18/2020","AirNow","530410004","4","3.4","ug/m3 LC","14","CHEHALIS - MARKET BLVD","1","100.0000","88502","Acceptable PM2.5 AQI & Speciation Mass","16500","Centralia, WA","53","Washington","041","Lewis","46.66409","-122.96732"
"04/19/2020","AirNow","530410004","4","3.4","ug/m3 LC","14","CHEHALIS - MARKET BLVD","1","100.0000","88502","Acceptable PM2.5 AQI & Speciation Mass","16500","Centralia, WA","53","Washington","041","Lewis","46.66409","-122.96732"
"04/20/2020","AirNow","530410004","4","4","ug/m3 LC","17","CHEHALIS - MARKET BLVD","1","100.0000","88502","Acceptable PM2.5 AQI & Speciation Mass","16500","Centralia, WA","53","Washington","041","Lewis","46.66409","-122.96732"
"04/21/2020","AirNow","530410004","4","2.4","ug/m3 LC","10","CHEHALIS - MARKET BLVD","1","100.0000","88502","Acceptable PM2.5 AQI & Speciation Mass","16500","Centralia, WA","53","Washington","041","Lewis","46.66409","-122.96732"
"04/22/2020","AirNow","530410004","4","3.6","ug/m3 LC","15","CHEHALIS - MARKET BLVD","1","100.0000","88502","Acceptable PM2.5 AQI & Speciation Mass","16500","Centralia, WA","53","Washington","041","Lewis","46.66409","-122.96732"
"04/23/2020","AirNow","530410004","4","2.7","ug/m3 LC","11","CHEHALIS - MARKET BLVD","1","100.0000","88502","Acceptable PM2.5 AQI & Speciation Mass","16500","Centralia, WA","53","Washington","041","Lewis","46.66409","-122.96732"
"04/24/2020","AirNow","530410004","4","5.5","ug/m3 LC","23","CHEHALIS - MARKET BLVD","1","100.0000","88502","Acceptable PM2.5 AQI & Speciation Mass","16500","Centralia, WA","53","Washington","041","Lewis","46.66409","-122.96732"
"04/25/2020","AirNow","530410004","4","4.5","ug/m3 LC","19","CHEHALIS - MARKET BLVD","1","100.0000","88502","Acceptable PM2.5 AQI & Speciation Mass","16500","Centralia, WA","53","Washington","041","Lewis","46.66409","-122.96732"
"04/26/2020","AirNow","530410004","4","5.6","ug/m3 LC","23","CHEHALIS - MARKET BLVD","1","100.0000","88502","Acceptable PM2.5 AQI & Speciation Mass","16500","Centralia, WA","53","Washington","041","Lewis","46.66409","-122.96732"
"04/27/2020","AirNow","530410004","4","3.2","ug/m3 LC","13","CHEHALIS - MARKET BLVD","1","100.0000","88502","Acceptable PM2.5 AQI & Speciation Mass","16500","Centralia, WA","53","Washington","041","Lewis","46.66409","-122.96732"
"04/28/2020","AirNow","530410004","4","5.8","ug/m3 LC","24","CHEHALIS - MARKET BLVD","1","100.0000","88502","Acceptable PM2.5 AQI & Speciation Mass","16500","Centralia, WA","53","Washington","041","Lewis","46.66409","-122.96732"
"04/29/2020","AirNow","530410004","4","4.3","ug/m3 LC","18","CHEHALIS - MARKET BLVD","1","100.0000","88502","Acceptable PM2.5 AQI & Speciation Mass","16500","Centralia, WA","53","Washington","041","Lewis","46.66409","-122.96732"
"04/30/2020","AirNow","530410004","4","3.2","ug/m3 LC","13","CHEHALIS - MARKET BLVD","1","100.0000","88502","Acceptable PM2.5 AQI & Speciation Mass","16500","Centralia, WA","53","Washington","041","Lewis","46.66409","-122.96732"
"05/01/2020","AirNow","530410004","4","5.5","ug/m3 LC","23","CHEHALIS - MARKET BLVD","1","100.0000","88502","Acceptable PM2.5 AQI & Speciation Mass","16500","Centralia, WA","53","Washington","041","Lewis","46.66409","-122.96732"
"05/02/2020","AirNow","530410004","4","4.6","ug/m3 LC","19","CHEHALIS - MARKET BLVD","1","100.0000","88502","Acceptable PM2.5 AQI & Speciation Mass","16500","Centralia, WA","53","Washington","041","Lewis","46.66409","-122.96732"
"01/01/2020","AQS","530450007","4","2.6","ug/m3 LC","11","Shelton - W Franklin","1","100.0000","88502","Acceptable PM2.5 AQI & Speciation Mass","43220","Shelton, WA","53","Washington","045","Mason","47.21355","-123.10081"
"01/02/2020","AQS","530450007","4","4","ug/m3 LC","17","Shelton - W Franklin","1","100.0000","88502","Acceptable PM2.5 AQI & Speciation Mass","43220","Shelton, WA","53","Washington","045","Mason","47.21355","-123.10081"
"01/03/2020","AQS","530450007","4","6.2","ug/m3 LC","26","Shelton - W Franklin","1","100.0000","88502","Acceptable PM2.5 AQI & Speciation Mass","43220","Shelton, WA","53","Washington","045","Mason","47.21355","-123.10081"
"01/04/2020","AQS","530450007","4","3.7","ug/m3 LC","15","Shelton - W Franklin","1","100.0000","88502","Acceptable PM2.5 AQI & Speciation Mass","43220","Shelton, WA","53","Washington","045","Mason","47.21355","-123.10081"
"01/05/2020","AQS","530450007","4","3.4","ug/m3 LC","14","Shelton - W Franklin","1","100.0000","88502","Acceptable PM2.5 AQI & Speciation Mass","43220","Shelton, WA","53","Washington","045","Mason","47.21355","-123.10081"
"01/06/2020","AQS","530450007","4","1.1","ug/m3 LC","5","Shelton - W Franklin","1","100.0000","88502","Acceptable PM2.5 AQI & Speciation Mass","43220","Shelton, WA","53","Washington","045","Mason","47.21355","-123.10081"
"01/07/2020","AQS","530450007","4","1.8","ug/m3 LC","8","Shelton - W Franklin","1","100.0000","88502","Acceptable PM2.5 AQI & Speciation Mass","43220","Shelton, WA","53","Washington","045","Mason","47.21355","-123.10081"
"01/08/2020","AQS","530450007","4","2.4","ug/m3 LC","10","Shelton - W Franklin","1","100.0000","88502","Acceptable PM2.5 AQI & Speciation Mass","43220","Shelton, WA","53","Washington","045","Mason","47.21355","-123.10081"
"01/09/2020","AQS","530450007","4","5.9","ug/m3 LC","25","Shelton - W Franklin","1","100.0000","88502","Acceptable PM2.5 AQI & Speciation Mass","43220","Shelton, WA","53","Washington","045","Mason","47.21355","-123.10081"
"01/10/2020","AQS","530450007","4","5","ug/m3 LC","21","Shelton - W Franklin","1","100.0000","88502","Acceptable PM2.5 AQI & Speciation Mass","43220","Shelton, WA","53","Washington","045","Mason","47.21355","-123.10081"
"01/11/2020","AQS","530450007","4","3.1","ug/m3 LC","13","Shelton - W Franklin","1","100.0000","88502","Acceptable PM2.5 AQI & Speciation Mass","43220","Shelton, WA","53","Washington","045","Mason","47.21355","-123.10081"
"01/12/2020","AQS","530450007","4","2.5","ug/m3 LC","10","Shelton - W Franklin","1","100.0000","88502","Acceptable PM2.5 AQI & Speciation Mass","43220","Shelton, WA","53","Washington","045","Mason","47.21355","-123.10081"
"01/13/2020","AQS","530450007","4","4","ug/m3 LC","17","Shelton - W Franklin","1","100.0000","88502","Acceptable PM2.5 AQI & Speciation Mass","43220","Shelton, WA","53","Washington","045","Mason","47.21355","-123.10081"
"01/14/2020","AQS","530450007","4","2.6","ug/m3 LC","11","Shelton - W Franklin","1","100.0000","88502","Acceptable PM2.5 AQI & Speciation Mass","43220","Shelton, WA","53","Washington","045","Mason","47.21355","-123.10081"
"01/15/2020","AQS","530450007","4","3.3","ug/m3 LC","14","Shelton - W Franklin","1","100.0000","88502","Acceptable PM2.5 AQI & Speciation Mass","43220","Shelton, WA","53","Washington","045","Mason","47.21355","-123.10081"
"01/16/2020","AQS","530450007","4","7.2","ug/m3 LC","30","Shelton - W Franklin","1","100.0000","88502","Acceptable PM2.5 AQI & Speciation Mass","43220","Shelton, WA","53","Washington","045","Mason","47.21355","-123.10081"
"01/17/2020","AQS","530450007","4","9.6","ug/m3 LC","40","Shelton - W Franklin","1","100.0000","88502","Acceptable PM2.5 AQI & Speciation Mass","43220","Shelton, WA","53","Washington","045","Mason","47.21355","-123.10081"
"01/18/2020","AQS","530450007","4","5.1","ug/m3 LC","21","Shelton - W Franklin","1","100.0000","88502","Acceptable PM2.5 AQI & Speciation Mass","43220","Shelton, WA","53","Washington","045","Mason","47.21355","-123.10081"
"01/19/2020","AQS","530450007","4","6.8","ug/m3 LC","28","Shelton - W Franklin","1","100.0000","88502","Acceptable PM2.5 AQI & Speciation Mass","43220","Shelton, WA","53","Washington","045","Mason","47.21355","-123.10081"
"01/20/2020","AQS","530450007","4","9.6","ug/m3 LC","40","Shelton - W Franklin","1","100.0000","88502","Acceptable PM2.5 AQI & Speciation Mass","43220","Shelton, WA","53","Washington","045","Mason","47.21355","-123.10081"
"01/21/2020","AQS","530450007","4","5.3","ug/m3 LC","22","Shelton - W Franklin","1","100.0000","88502","Acceptable PM2.5 AQI & Speciation Mass","43220","Shelton, WA","53","Washington","045","Mason","47.21355","-123.10081"
"01/22/2020","AQS","530450007","4","3.6","ug/m3 LC","15","Shelton - W Franklin","1","100.0000","88502","Acceptable PM2.5 AQI & Speciation Mass","43220","Shelton, WA","53","Washington","045","Mason","47.21355","-123.10081"
"01/23/2020","AQS","530450007","4","5.6","ug/m3 LC","23","Shelton - W Franklin","1","100.0000","88502","Acceptable PM2.5 AQI & Speciation Mass","43220","Shelton, WA","53","Washington","045","Mason","47.21355","-123.10081"
"01/24/2020","AQS","530450007","4","3.5","ug/m3 LC","15","Shelton - W Franklin","1","100.0000","88502","Acceptable PM2.5 AQI & Speciation Mass","43220","Shelton, WA","53","Washington","045","Mason","47.21355","-123.10081"
"01/25/2020","AQS","530450007","4","5.3","ug/m3 LC","22","Shelton - W Franklin","1","100.0000","88502","Acceptable PM2.5 AQI & Speciation Mass","43220","Shelton, WA","53","Washington","045","Mason","47.21355","-123.10081"
"01/26/2020","AQS","530450007","4","3.5","ug/m3 LC","15","Shelton - W Franklin","1","100.0000","88502","Acceptable PM2.5 AQI & Speciation Mass","43220","Shelton, WA","53","Washington","045","Mason","47.21355","-123.10081"
"01/27/2020","AQS","530450007","4","4.5","ug/m3 LC","19","Shelton - W Franklin","1","100.0000","88502","Acceptable PM2.5 AQI & Speciation Mass","43220","Shelton, WA","53","Washington","045","Mason","47.21355","-123.10081"
"01/28/2020","AQS","530450007","4","7.7","ug/m3 LC","32","Shelton - W Franklin","1","100.0000","88502","Acceptable PM2.5 AQI & Speciation Mass","43220","Shelton, WA","53","Washington","045","Mason","47.21355","-123.10081"
"01/29/2020","AQS","530450007","4","5.1","ug/m3 LC","21","Shelton - W Franklin","1","100.0000","88502","Acceptable PM2.5 AQI & Speciation Mass","43220","Shelton, WA","53","Washington","045","Mason","47.21355","-123.10081"
"01/30/2020","AQS","530450007","4","5.3","ug/m3 LC","22","Shelton - W Franklin","1","100.0000","88502","Acceptable PM2.5 AQI & Speciation Mass","43220","Shelton, WA","53","Washington","045","Mason","47.21355","-123.10081"
"01/31/2020","AQS","530450007","4","1.5","ug/m3 LC","6","Shelton - W Franklin","1","100.0000","88502","Acceptable PM2.5 AQI & Speciation Mass","43220","Shelton, WA","53","Washington","045","Mason","47.21355","-123.10081"
"02/01/2020","AirNow","530450007","4","2.3","ug/m3 LC","10","Shelton - W Franklin","1","100.0000","88502","Acceptable PM2.5 AQI & Speciation Mass","43220","Shelton, WA","53","Washington","045","Mason","47.21355","-123.10081"
"02/02/2020","AirNow","530450007","4","6.1","ug/m3 LC","25","Shelton - W Franklin","1","100.0000","88502","Acceptable PM2.5 AQI & Speciation Mass","43220","Shelton, WA","53","Washington","045","Mason","47.21355","-123.10081"
"02/03/2020","AirNow","530450007","4","4.3","ug/m3 LC","18","Shelton - W Franklin","1","100.0000","88502","Acceptable PM2.5 AQI & Speciation Mass","43220","Shelton, WA","53","Washington","045","Mason","47.21355","-123.10081"
"02/04/2020","AirNow","530450007","4","7.7","ug/m3 LC","32","Shelton - W Franklin","1","100.0000","88502","Acceptable PM2.5 AQI & Speciation Mass","43220","Shelton, WA","53","Washington","045","Mason","47.21355","-123.10081"
"02/05/2020","AirNow","530450007","4","1.4","ug/m3 LC","6","Shelton - W Franklin","1","100.0000","88502","Acceptable PM2.5 AQI & Speciation Mass","43220","Shelton, WA","53","Washington","045","Mason","47.21355","-123.10081"
"02/06/2020","AirNow","530450007","4","0.5","ug/m3 LC","2","Shelton - W Franklin","1","100.0000","88502","Acceptable PM2.5 AQI & Speciation Mass","43220","Shelton, WA","53","Washington","045","Mason","47.21355","-123.10081"
"02/07/2020","AirNow","530450007","4","1.6","ug/m3 LC","7","Shelton - W Franklin","1","100.0000","88502","Acceptable PM2.5 AQI & Speciation Mass","43220","Shelton, WA","53","Washington","045","Mason","47.21355","-123.10081"
"02/08/2020","AirNow","530450007","4","5.9","ug/m3 LC","25","Shelton - W Franklin","1","100.0000","88502","Acceptable PM2.5 AQI & Speciation Mass","43220","Shelton, WA","53","Washington","045","Mason","47.21355","-123.10081"
"02/09/2020","AirNow","530450007","4","6.5","ug/m3 LC","27","Shelton - W Franklin","1","100.0000","88502","Acceptable PM2.5 AQI & Speciation Mass","43220","Shelton, WA","53","Washington","045","Mason","47.21355","-123.10081"
"02/10/2020","AirNow","530450007","4","7","ug/m3 LC","29","Shelton - W Franklin","1","100.0000","88502","Acceptable PM2.5 AQI & Speciation Mass","43220","Shelton, WA","53","Washington","045","Mason","47.21355","-123.10081"
"02/11/2020","AirNow","530450007","4","3.9","ug/m3 LC","16","Shelton - W Franklin","1","100.0000","88502","Acceptable PM2.5 AQI & Speciation Mass","43220","Shelton, WA","53","Washington","045","Mason","47.21355","-123.10081"
"02/12/2020","AirNow","530450007","4","5.5","ug/m3 LC","23","Shelton - W Franklin","1","100.0000","88502","Acceptable PM2.5 AQI & Speciation Mass","43220","Shelton, WA","53","Washington","045","Mason","47.21355","-123.10081"
"02/13/2020","AirNow","530450007","4","3.6","ug/m3 LC","15","Shelton - W Franklin","1","100.0000","88502","Acceptable PM2.5 AQI & Speciation Mass","43220","Shelton, WA","53","Washington","045","Mason","47.21355","-123.10081"
"02/14/2020","AirNow","530450007","4","2.6","ug/m3 LC","11","Shelton - W Franklin","1","100.0000","88502","Acceptable PM2.5 AQI & Speciation Mass","43220","Shelton, WA","53","Washington","045","Mason","47.21355","-123.10081"
"02/15/2020","AirNow","530450007","4","2.7","ug/m3 LC","11","Shelton - W Franklin","1","100.0000","88502","Acceptable PM2.5 AQI & Speciation Mass","43220","Shelton, WA","53","Washington","045","Mason","47.21355","-123.10081"
"02/16/2020","AirNow","530450007","4","2.7","ug/m3 LC","11","Shelton - W Franklin","1","100.0000","88502","Acceptable PM2.5 AQI & Speciation Mass","43220","Shelton, WA","53","Washington","045","Mason","47.21355","-123.10081"
"02/17/2020","AirNow","530450007","4","5.9","ug/m3 LC","25","Shelton - W Franklin","1","100.0000","88502","Acceptable PM2.5 AQI & Speciation Mass","43220","Shelton, WA","53","Washington","045","Mason","47.21355","-123.10081"
"02/18/2020","AirNow","530450007","4","7.8","ug/m3 LC","33","Shelton - W Franklin","1","100.0000","88502","Acceptable PM2.5 AQI & Speciation Mass","43220","Shelton, WA","53","Washington","045","Mason","47.21355","-123.10081"
"02/19/2020","AirNow","530450007","4","8.9","ug/m3 LC","37","Shelton - W Franklin","1","100.0000","88502","Acceptable PM2.5 AQI & Speciation Mass","43220","Shelton, WA","53","Washington","045","Mason","47.21355","-123.10081"
"02/20/2020","AirNow","530450007","4","8.2","ug/m3 LC","34","Shelton - W Franklin","1","100.0000","88502","Acceptable PM2.5 AQI & Speciation Mass","43220","Shelton, WA","53","Washington","045","Mason","47.21355","-123.10081"
"02/21/2020","AirNow","530450007","4","7.5","ug/m3 LC","31","Shelton - W Franklin","1","100.0000","88502","Acceptable PM2.5 AQI & Speciation Mass","43220","Shelton, WA","53","Washington","045","Mason","47.21355","-123.10081"
"02/22/2020","AirNow","530450007","4","5.4","ug/m3 LC","23","Shelton - W Franklin","1","100.0000","88502","Acceptable PM2.5 AQI & Speciation Mass","43220","Shelton, WA","53","Washington","045","Mason","47.21355","-123.10081"
"02/23/2020","AirNow","530450007","4","5.4","ug/m3 LC","23","Shelton - W Franklin","1","100.0000","88502","Acceptable PM2.5 AQI & Speciation Mass","43220","Shelton, WA","53","Washington","045","Mason","47.21355","-123.10081"
"02/24/2020","AirNow","530450007","4","5.6","ug/m3 LC","23","Shelton - W Franklin","1","100.0000","88502","Acceptable PM2.5 AQI & Speciation Mass","43220","Shelton, WA","53","Washington","045","Mason","47.21355","-123.10081"
"02/25/2020","AirNow","530450007","4","7.4","ug/m3 LC","31","Shelton - W Franklin","1","100.0000","88502","Acceptable PM2.5 AQI & Speciation Mass","43220","Shelton, WA","53","Washington","045","Mason","47.21355","-123.10081"
"02/26/2020","AirNow","530450007","4","4.3","ug/m3 LC","18","Shelton - W Franklin","1","100.0000","88502","Acceptable PM2.5 AQI & Speciation Mass","43220","Shelton, WA","53","Washington","045","Mason","47.21355","-123.10081"
"02/27/2020","AirNow","530450007","4","6.6","ug/m3 LC","28","Shelton - W Franklin","1","100.0000","88502","Acceptable PM2.5 AQI & Speciation Mass","43220","Shelton, WA","53","Washington","045","Mason","47.21355","-123.10081"
"02/28/2020","AirNow","530450007","4","1.9","ug/m3 LC","8","Shelton - W Franklin","1","100.0000","88502","Acceptable PM2.5 AQI & Speciation Mass","43220","Shelton, WA","53","Washington","045","Mason","47.21355","-123.10081"
"02/29/2020","AirNow","530450007","4","3.4","ug/m3 LC","14","Shelton - W Franklin","1","100.0000","88502","Acceptable PM2.5 AQI & Speciation Mass","43220","Shelton, WA","53","Washington","045","Mason","47.21355","-123.10081"
"03/01/2020","AirNow","530450007","4","5.6","ug/m3 LC","23","Shelton - W Franklin","1","100.0000","88502","Acceptable PM2.5 AQI & Speciation Mass","43220","Shelton, WA","53","Washington","045","Mason","47.21355","-123.10081"
"03/02/2020","AirNow","530450007","4","2","ug/m3 LC","8","Shelton - W Franklin","1","100.0000","88502","Acceptable PM2.5 AQI & Speciation Mass","43220","Shelton, WA","53","Washington","045","Mason","47.21355","-123.10081"
"03/03/2020","AirNow","530450007","4","1.3","ug/m3 LC","5","Shelton - W Franklin","1","100.0000","88502","Acceptable PM2.5 AQI & Speciation Mass","43220","Shelton, WA","53","Washington","045","Mason","47.21355","-123.10081"
"03/04/2020","AirNow","530450007","4","5.6","ug/m3 LC","23","Shelton - W Franklin","1","100.0000","88502","Acceptable PM2.5 AQI & Speciation Mass","43220","Shelton, WA","53","Washington","045","Mason","47.21355","-123.10081"
"03/05/2020","AirNow","530450007","4","4.4","ug/m3 LC","18","Shelton - W Franklin","1","100.0000","88502","Acceptable PM2.5 AQI & Speciation Mass","43220","Shelton, WA","53","Washington","045","Mason","47.21355","-123.10081"
"03/06/2020","AirNow","530450007","4","4.5","ug/m3 LC","19","Shelton - W Franklin","1","100.0000","88502","Acceptable PM2.5 AQI & Speciation Mass","43220","Shelton, WA","53","Washington","045","Mason","47.21355","-123.10081"
"03/07/2020","AirNow","530450007","4","4.4","ug/m3 LC","18","Shelton - W Franklin","1","100.0000","88502","Acceptable PM2.5 AQI & Speciation Mass","43220","Shelton, WA","53","Washington","045","Mason","47.21355","-123.10081"
"03/08/2020","AirNow","530450007","4","5.1","ug/m3 LC","21","Shelton - W Franklin","1","100.0000","88502","Acceptable PM2.5 AQI & Speciation Mass","43220","Shelton, WA","53","Washington","045","Mason","47.21355","-123.10081"
"03/09/2020","AirNow","530450007","4","7","ug/m3 LC","29","Shelton - W Franklin","1","100.0000","88502","Acceptable PM2.5 AQI & Speciation Mass","43220","Shelton, WA","53","Washington","045","Mason","47.21355","-123.10081"
"03/10/2020","AirNow","530450007","4","4.8","ug/m3 LC","20","Shelton - W Franklin","1","100.0000","88502","Acceptable PM2.5 AQI & Speciation Mass","43220","Shelton, WA","53","Washington","045","Mason","47.21355","-123.10081"
"03/11/2020","AirNow","530450007","4","3.1","ug/m3 LC","13","Shelton - W Franklin","1","100.0000","88502","Acceptable PM2.5 AQI & Speciation Mass","43220","Shelton, WA","53","Washington","045","Mason","47.21355","-123.10081"
"03/12/2020","AirNow","530450007","4","4.9","ug/m3 LC","20","Shelton - W Franklin","1","100.0000","88502","Acceptable PM2.5 AQI & Speciation Mass","43220","Shelton, WA","53","Washington","045","Mason","47.21355","-123.10081"
"03/13/2020","AirNow","530450007","4","4.4","ug/m3 LC","18","Shelton - W Franklin","1","100.0000","88502","Acceptable PM2.5 AQI & Speciation Mass","43220","Shelton, WA","53","Washington","045","Mason","47.21355","-123.10081"
"03/14/2020","AirNow","530450007","4","3.5","ug/m3 LC","15","Shelton - W Franklin","1","100.0000","88502","Acceptable PM2.5 AQI & Speciation Mass","43220","Shelton, WA","53","Washington","045","Mason","47.21355","-123.10081"
"03/15/2020","AirNow","530450007","4","4","ug/m3 LC","17","Shelton - W Franklin","1","100.0000","88502","Acceptable PM2.5 AQI & Speciation Mass","43220","Shelton, WA","53","Washington","045","Mason","47.21355","-123.10081"
"03/16/2020","AirNow","530450007","4","7.8","ug/m3 LC","33","Shelton - W Franklin","1","100.0000","88502","Acceptable PM2.5 AQI & Speciation Mass","43220","Shelton, WA","53","Washington","045","Mason","47.21355","-123.10081"
"03/17/2020","AirNow","530450007","4","8.7","ug/m3 LC","36","Shelton - W Franklin","1","100.0000","88502","Acceptable PM2.5 AQI & Speciation Mass","43220","Shelton, WA","53","Washington","045","Mason","47.21355","-123.10081"
"03/18/2020","AirNow","530450007","4","8.3","ug/m3 LC","35","Shelton - W Franklin","1","100.0000","88502","Acceptable PM2.5 AQI & Speciation Mass","43220","Shelton, WA","53","Washington","045","Mason","47.21355","-123.10081"
"03/19/2020","AirNow","530450007","4","9.9","ug/m3 LC","41","Shelton - W Franklin","1","100.0000","88502","Acceptable PM2.5 AQI & Speciation Mass","43220","Shelton, WA","53","Washington","045","Mason","47.21355","-123.10081"
"03/20/2020","AirNow","530450007","4","6.9","ug/m3 LC","29","Shelton - W Franklin","1","100.0000","88502","Acceptable PM2.5 AQI & Speciation Mass","43220","Shelton, WA","53","Washington","045","Mason","47.21355","-123.10081"
"03/21/2020","AirNow","530450007","4","8.8","ug/m3 LC","37","Shelton - W Franklin","1","100.0000","88502","Acceptable PM2.5 AQI & Speciation Mass","43220","Shelton, WA","53","Washington","045","Mason","47.21355","-123.10081"
"03/22/2020","AirNow","530450007","4","6","ug/m3 LC","25","Shelton - W Franklin","1","100.0000","88502","Acceptable PM2.5 AQI & Speciation Mass","43220","Shelton, WA","53","Washington","045","Mason","47.21355","-123.10081"
"03/23/2020","AirNow","530450007","4","2.1","ug/m3 LC","9","Shelton - W Franklin","1","100.0000","88502","Acceptable PM2.5 AQI & Speciation Mass","43220","Shelton, WA","53","Washington","045","Mason","47.21355","-123.10081"
"03/24/2020","AirNow","530450007","4","2.1","ug/m3 LC","9","Shelton - W Franklin","1","100.0000","88502","Acceptable PM2.5 AQI & Speciation Mass","43220","Shelton, WA","53","Washington","045","Mason","47.21355","-123.10081"
"03/25/2020","AirNow","530450007","4","3.6","ug/m3 LC","15","Shelton - W Franklin","1","100.0000","88502","Acceptable PM2.5 AQI & Speciation Mass","43220","Shelton, WA","53","Washington","045","Mason","47.21355","-123.10081"
"03/26/2020","AirNow","530450007","4","5.8","ug/m3 LC","24","Shelton - W Franklin","1","100.0000","88502","Acceptable PM2.5 AQI & Speciation Mass","43220","Shelton, WA","53","Washington","045","Mason","47.21355","-123.10081"
"03/27/2020","AirNow","530450007","4","7.7","ug/m3 LC","32","Shelton - W Franklin","1","100.0000","88502","Acceptable PM2.5 AQI & Speciation Mass","43220","Shelton, WA","53","Washington","045","Mason","47.21355","-123.10081"
"04/01/2020","AirNow","530450007","4","3.7","ug/m3 LC","15","Shelton - W Franklin","1","100.0000","88502","Acceptable PM2.5 AQI & Speciation Mass","43220","Shelton, WA","53","Washington","045","Mason","47.21355","-123.10081"
"04/02/2020","AirNow","530450007","4","2.7","ug/m3 LC","11","Shelton - W Franklin","1","100.0000","88502","Acceptable PM2.5 AQI & Speciation Mass","43220","Shelton, WA","53","Washington","045","Mason","47.21355","-123.10081"
"04/03/2020","AirNow","530450007","4","2.8","ug/m3 LC","12","Shelton - W Franklin","1","100.0000","88502","Acceptable PM2.5 AQI & Speciation Mass","43220","Shelton, WA","53","Washington","045","Mason","47.21355","-123.10081"
"04/04/2020","AirNow","530450007","4","6","ug/m3 LC","25","Shelton - W Franklin","1","100.0000","88502","Acceptable PM2.5 AQI & Speciation Mass","43220","Shelton, WA","53","Washington","045","Mason","47.21355","-123.10081"
"04/05/2020","AirNow","530450007","4","5.9","ug/m3 LC","25","Shelton - W Franklin","1","100.0000","88502","Acceptable PM2.5 AQI & Speciation Mass","43220","Shelton, WA","53","Washington","045","Mason","47.21355","-123.10081"
"04/06/2020","AirNow","530450007","4","5.9","ug/m3 LC","25","Shelton - W Franklin","1","100.0000","88502","Acceptable PM2.5 AQI & Speciation Mass","43220","Shelton, WA","53","Washington","045","Mason","47.21355","-123.10081"
"04/07/2020","AirNow","530450007","4","5.9","ug/m3 LC","25","Shelton - W Franklin","1","100.0000","88502","Acceptable PM2.5 AQI & Speciation Mass","43220","Shelton, WA","53","Washington","045","Mason","47.21355","-123.10081"
"04/08/2020","AirNow","530450007","4","8.9","ug/m3 LC","37","Shelton - W Franklin","1","100.0000","88502","Acceptable PM2.5 AQI & Speciation Mass","43220","Shelton, WA","53","Washington","045","Mason","47.21355","-123.10081"
"04/09/2020","AirNow","530450007","4","8.9","ug/m3 LC","37","Shelton - W Franklin","1","100.0000","88502","Acceptable PM2.5 AQI & Speciation Mass","43220","Shelton, WA","53","Washington","045","Mason","47.21355","-123.10081"
"04/10/2020","AirNow","530450007","4","3.4","ug/m3 LC","14","Shelton - W Franklin","1","100.0000","88502","Acceptable PM2.5 AQI & Speciation Mass","43220","Shelton, WA","53","Washington","045","Mason","47.21355","-123.10081"
"04/11/2020","AirNow","530450007","4","5.4","ug/m3 LC","23","Shelton - W Franklin","1","100.0000","88502","Acceptable PM2.5 AQI & Speciation Mass","43220","Shelton, WA","53","Washington","045","Mason","47.21355","-123.10081"
"04/12/2020","AirNow","530450007","4","5.5","ug/m3 LC","23","Shelton - W Franklin","1","100.0000","88502","Acceptable PM2.5 AQI & Speciation Mass","43220","Shelton, WA","53","Washington","045","Mason","47.21355","-123.10081"
"04/13/2020","AirNow","530450007","4","6.5","ug/m3 LC","27","Shelton - W Franklin","1","100.0000","88502","Acceptable PM2.5 AQI & Speciation Mass","43220","Shelton, WA","53","Washington","045","Mason","47.21355","-123.10081"
"04/14/2020","AirNow","530450007","4","2.9","ug/m3 LC","12","Shelton - W Franklin","1","100.0000","88502","Acceptable PM2.5 AQI & Speciation Mass","43220","Shelton, WA","53","Washington","045","Mason","47.21355","-123.10081"
"04/15/2020","AirNow","530450007","4","3","ug/m3 LC","13","Shelton - W Franklin","1","100.0000","88502","Acceptable PM2.5 AQI & Speciation Mass","43220","Shelton, WA","53","Washington","045","Mason","47.21355","-123.10081"
"04/16/2020","AirNow","530450007","4","5.7","ug/m3 LC","24","Shelton - W Franklin","1","100.0000","88502","Acceptable PM2.5 AQI & Speciation Mass","43220","Shelton, WA","53","Washington","045","Mason","47.21355","-123.10081"
"04/17/2020","AirNow","530450007","4","3.8","ug/m3 LC","16","Shelton - W Franklin","1","100.0000","88502","Acceptable PM2.5 AQI & Speciation Mass","43220","Shelton, WA","53","Washington","045","Mason","47.21355","-123.10081"
"04/18/2020","AirNow","530450007","4","1.3","ug/m3 LC","5","Shelton - W Franklin","1","100.0000","88502","Acceptable PM2.5 AQI & Speciation Mass","43220","Shelton, WA","53","Washington","045","Mason","47.21355","-123.10081"
"04/19/2020","AirNow","530450007","4","1.4","ug/m3 LC","6","Shelton - W Franklin","1","100.0000","88502","Acceptable PM2.5 AQI & Speciation Mass","43220","Shelton, WA","53","Washington","045","Mason","47.21355","-123.10081"
"04/20/2020","AirNow","530450007","4","2.3","ug/m3 LC","10","Shelton - W Franklin","1","100.0000","88502","Acceptable PM2.5 AQI & Speciation Mass","43220","Shelton, WA","53","Washington","045","Mason","47.21355","-123.10081"
"04/21/2020","AirNow","530450007","4","1","ug/m3 LC","4","Shelton - W Franklin","1","100.0000","88502","Acceptable PM2.5 AQI & Speciation Mass","43220","Shelton, WA","53","Washington","045","Mason","47.21355","-123.10081"
"04/22/2020","AirNow","530450007","4","2.5","ug/m3 LC","10","Shelton - W Franklin","1","100.0000","88502","Acceptable PM2.5 AQI & Speciation Mass","43220","Shelton, WA","53","Washington","045","Mason","47.21355","-123.10081"
"04/23/2020","AirNow","530450007","4","0.8","ug/m3 LC","3","Shelton - W Franklin","1","100.0000","88502","Acceptable PM2.5 AQI & Speciation Mass","43220","Shelton, WA","53","Washington","045","Mason","47.21355","-123.10081"
"04/24/2020","AirNow","530450007","4","3.8","ug/m3 LC","16","Shelton - W Franklin","1","100.0000","88502","Acceptable PM2.5 AQI & Speciation Mass","43220","Shelton, WA","53","Washington","045","Mason","47.21355","-123.10081"
"04/25/2020","AirNow","530450007","4","3.8","ug/m3 LC","16","Shelton - W Franklin","1","100.0000","88502","Acceptable PM2.5 AQI & Speciation Mass","43220","Shelton, WA","53","Washington","045","Mason","47.21355","-123.10081"
"04/26/2020","AirNow","530450007","4","4.4","ug/m3 LC","18","Shelton - W Franklin","1","100.0000","88502","Acceptable PM2.5 AQI & Speciation Mass","43220","Shelton, WA","53","Washington","045","Mason","47.21355","-123.10081"
"04/27/2020","AirNow","530450007","4","2.5","ug/m3 LC","10","Shelton - W Franklin","1","100.0000","88502","Acceptable PM2.5 AQI & Speciation Mass","43220","Shelton, WA","53","Washington","045","Mason","47.21355","-123.10081"
"04/28/2020","AirNow","530450007","4","3.9","ug/m3 LC","16","Shelton - W Franklin","1","100.0000","88502","Acceptable PM2.5 AQI & Speciation Mass","43220","Shelton, WA","53","Washington","045","Mason","47.21355","-123.10081"
"04/29/2020","AirNow","530450007","4","3.5","ug/m3 LC","15","Shelton - W Franklin","1","100.0000","88502","Acceptable PM2.5 AQI & Speciation Mass","43220","Shelton, WA","53","Washington","045","Mason","47.21355","-123.10081"
"04/30/2020","AirNow","530450007","4","2.1","ug/m3 LC","9","Shelton - W Franklin","1","100.0000","88502","Acceptable PM2.5 AQI & Speciation Mass","43220","Shelton, WA","53","Washington","045","Mason","47.21355","-123.10081"
"05/01/2020","AirNow","530450007","4","4.3","ug/m3 LC","18","Shelton - W Franklin","1","100.0000","88502","Acceptable PM2.5 AQI & Speciation Mass","43220","Shelton, WA","53","Washington","045","Mason","47.21355","-123.10081"
"05/02/2020","AirNow","530450007","4","4.3","ug/m3 LC","18","Shelton - W Franklin","1","100.0000","88502","Acceptable PM2.5 AQI & Speciation Mass","43220","Shelton, WA","53","Washington","045","Mason","47.21355","-123.10081"
"01/01/2020","AQS","530470009","4","16.3","ug/m3 LC","60","TWISP - GLOVER ST","1","100.0000","88502","Acceptable PM2.5 AQI & Speciation Mass","","","53","Washington","047","Okanogan","48.36451","-120.121113"
"01/02/2020","AQS","530470009","4","8","ug/m3 LC","33","TWISP - GLOVER ST","1","100.0000","88502","Acceptable PM2.5 AQI & Speciation Mass","","","53","Washington","047","Okanogan","48.36451","-120.121113"
"01/03/2020","AQS","530470009","4","12.2","ug/m3 LC","51","TWISP - GLOVER ST","1","100.0000","88502","Acceptable PM2.5 AQI & Speciation Mass","","","53","Washington","047","Okanogan","48.36451","-120.121113"
"01/04/2020","AQS","530470009","4","9.7","ug/m3 LC","40","TWISP - GLOVER ST","1","100.0000","88502","Acceptable PM2.5 AQI & Speciation Mass","","","53","Washington","047","Okanogan","48.36451","-120.121113"
"01/05/2020","AQS","530470009","4","15.8","ug/m3 LC","59","TWISP - GLOVER ST","1","100.0000","88502","Acceptable PM2.5 AQI & Speciation Mass","","","53","Washington","047","Okanogan","48.36451","-120.121113"
"01/06/2020","AQS","530470009","4","14.8","ug/m3 LC","57","TWISP - GLOVER ST","1","100.0000","88502","Acceptable PM2.5 AQI & Speciation Mass","","","53","Washington","047","Okanogan","48.36451","-120.121113"
"01/07/2020","AQS","530470009","4","13.6","ug/m3 LC","54","TWISP - GLOVER ST","1","100.0000","88502","Acceptable PM2.5 AQI & Speciation Mass","","","53","Washington","047","Okanogan","48.36451","-120.121113"
"01/08/2020","AQS","530470009","4","7.9","ug/m3 LC","33","TWISP - GLOVER ST","1","100.0000","88502","Acceptable PM2.5 AQI & Speciation Mass","","","53","Washington","047","Okanogan","48.36451","-120.121113"
"01/09/2020","AQS","530470009","4","12.4","ug/m3 LC","52","TWISP - GLOVER ST","1","100.0000","88502","Acceptable PM2.5 AQI & Speciation Mass","","","53","Washington","047","Okanogan","48.36451","-120.121113"
"01/10/2020","AQS","530470009","4","10.3","ug/m3 LC","43","TWISP - GLOVER ST","1","100.0000","88502","Acceptable PM2.5 AQI & Speciation Mass","","","53","Washington","047","Okanogan","48.36451","-120.121113"
"01/11/2020","AQS","530470009","4","19.2","ug/m3 LC","66","TWISP - GLOVER ST","1","100.0000","88502","Acceptable PM2.5 AQI & Speciation Mass","","","53","Washington","047","Okanogan","48.36451","-120.121113"
"01/12/2020","AQS","530470009","4","13.9","ug/m3 LC","55","TWISP - GLOVER ST","1","100.0000","88502","Acceptable PM2.5 AQI & Speciation Mass","","","53","Washington","047","Okanogan","48.36451","-120.121113"
"01/13/2020","AQS","530470009","4","7.4","ug/m3 LC","31","TWISP - GLOVER ST","1","100.0000","88502","Acceptable PM2.5 AQI & Speciation Mass","","","53","Washington","047","Okanogan","48.36451","-120.121113"
"01/14/2020","AQS","530470009","4","14.2","ug/m3 LC","55","TWISP - GLOVER ST","1","100.0000","88502","Acceptable PM2.5 AQI & Speciation Mass","","","53","Washington","047","Okanogan","48.36451","-120.121113"
"01/15/2020","AQS","530470009","4","9.6","ug/m3 LC","40","TWISP - GLOVER ST","1","100.0000","88502","Acceptable PM2.5 AQI & Speciation Mass","","","53","Washington","047","Okanogan","48.36451","-120.121113"
"01/16/2020","AQS","530470009","4","13.8","ug/m3 LC","55","TWISP - GLOVER ST","1","100.0000","88502","Acceptable PM2.5 AQI & Speciation Mass","","","53","Washington","047","Okanogan","48.36451","-120.121113"
"01/17/2020","AQS","530470009","4","19.6","ug/m3 LC","67","TWISP - GLOVER ST","1","100.0000","88502","Acceptable PM2.5 AQI & Speciation Mass","","","53","Washington","047","Okanogan","48.36451","-120.121113"
"01/18/2020","AQS","530470009","4","12.3","ug/m3 LC","51","TWISP - GLOVER ST","1","100.0000","88502","Acceptable PM2.5 AQI & Speciation Mass","","","53","Washington","047","Okanogan","48.36451","-120.121113"
"01/19/2020","AQS","530470009","4","14.1","ug/m3 LC","55","TWISP - GLOVER ST","1","100.0000","88502","Acceptable PM2.5 AQI & Speciation Mass","","","53","Washington","047","Okanogan","48.36451","-120.121113"
"01/20/2020","AQS","530470009","4","16.8","ug/m3 LC","61","TWISP - GLOVER ST","1","100.0000","88502","Acceptable PM2.5 AQI & Speciation Mass","","","53","Washington","047","Okanogan","48.36451","-120.121113"
"01/21/2020","AQS","530470009","4","11.4","ug/m3 LC","48","TWISP - GLOVER ST","1","100.0000","88502","Acceptable PM2.5 AQI & Speciation Mass","","","53","Washington","047","Okanogan","48.36451","-120.121113"
"01/22/2020","AQS","530470009","4","11.7","ug/m3 LC","49","TWISP - GLOVER ST","1","100.0000","88502","Acceptable PM2.5 AQI & Speciation Mass","","","53","Washington","047","Okanogan","48.36451","-120.121113"
"01/23/2020","AQS","530470009","4","14.5","ug/m3 LC","56","TWISP - GLOVER ST","1","100.0000","88502","Acceptable PM2.5 AQI & Speciation Mass","","","53","Washington","047","Okanogan","48.36451","-120.121113"
"01/24/2020","AQS","530470009","4","12.8","ug/m3 LC","52","TWISP - GLOVER ST","1","100.0000","88502","Acceptable PM2.5 AQI & Speciation Mass","","","53","Washington","047","Okanogan","48.36451","-120.121113"
"01/25/2020","AQS","530470009","4","10.3","ug/m3 LC","43","TWISP - GLOVER ST","1","100.0000","88502","Acceptable PM2.5 AQI & Speciation Mass","","","53","Washington","047","Okanogan","48.36451","-120.121113"
"01/26/2020","AQS","530470009","4","14.2","ug/m3 LC","55","TWISP - GLOVER ST","1","100.0000","88502","Acceptable PM2.5 AQI & Speciation Mass","","","53","Washington","047","Okanogan","48.36451","-120.121113"
"01/27/2020","AQS","530470009","4","11.1","ug/m3 LC","46","TWISP - GLOVER ST","1","100.0000","88502","Acceptable PM2.5 AQI & Speciation Mass","","","53","Washington","047","Okanogan","48.36451","-120.121113"
"01/28/2020","AQS","530470009","4","10.2","ug/m3 LC","43","TWISP - GLOVER ST","1","100.0000","88502","Acceptable PM2.5 AQI & Speciation Mass","","","53","Washington","047","Okanogan","48.36451","-120.121113"
"01/29/2020","AQS","530470009","4","8.9","ug/m3 LC","37","TWISP - GLOVER ST","1","100.0000","88502","Acceptable PM2.5 AQI & Speciation Mass","","","53","Washington","047","Okanogan","48.36451","-120.121113"
"01/30/2020","AQS","530470009","4","5.7","ug/m3 LC","24","TWISP - GLOVER ST","1","100.0000","88502","Acceptable PM2.5 AQI & Speciation Mass","","","53","Washington","047","Okanogan","48.36451","-120.121113"
"01/31/2020","AQS","530470009","4","10","ug/m3 LC","42","TWISP - GLOVER ST","1","100.0000","88502","Acceptable PM2.5 AQI & Speciation Mass","","","53","Washington","047","Okanogan","48.36451","-120.121113"
"02/01/2020","AirNow","530470009","4","6.9","ug/m3 LC","29","TWISP - GLOVER ST","1","100.0000","88502","Acceptable PM2.5 AQI & Speciation Mass","","","53","Washington","047","Okanogan","48.36451","-120.121113"
"02/02/2020","AirNow","530470009","4","8.6","ug/m3 LC","36","TWISP - GLOVER ST","1","100.0000","88502","Acceptable PM2.5 AQI & Speciation Mass","","","53","Washington","047","Okanogan","48.36451","-120.121113"
"02/03/2020","AirNow","530470009","4","9.8","ug/m3 LC","41","TWISP - GLOVER ST","1","100.0000","88502","Acceptable PM2.5 AQI & Speciation Mass","","","53","Washington","047","Okanogan","48.36451","-120.121113"
"02/04/2020","AirNow","530470009","4","7.7","ug/m3 LC","32","TWISP - GLOVER ST","1","100.0000","88502","Acceptable PM2.5 AQI & Speciation Mass","","","53","Washington","047","Okanogan","48.36451","-120.121113"
"02/05/2020","AirNow","530470009","4","8.7","ug/m3 LC","36","TWISP - GLOVER ST","1","100.0000","88502","Acceptable PM2.5 AQI & Speciation Mass","","","53","Washington","047","Okanogan","48.36451","-120.121113"
"02/06/2020","AirNow","530470009","4","13.4","ug/m3 LC","54","TWISP - GLOVER ST","1","100.0000","88502","Acceptable PM2.5 AQI & Speciation Mass","","","53","Washington","047","Okanogan","48.36451","-120.121113"
"02/07/2020","AirNow","530470009","4","13.2","ug/m3 LC","53","TWISP - GLOVER ST","1","100.0000","88502","Acceptable PM2.5 AQI & Speciation Mass","","","53","Washington","047","Okanogan","48.36451","-120.121113"
"02/08/2020","AirNow","530470009","4","4.1","ug/m3 LC","17","TWISP - GLOVER ST","1","100.0000","88502","Acceptable PM2.5 AQI & Speciation Mass","","","53","Washington","047","Okanogan","48.36451","-120.121113"
"02/09/2020","AirNow","530470009","4","7.7","ug/m3 LC","32","TWISP - GLOVER ST","1","100.0000","88502","Acceptable PM2.5 AQI & Speciation Mass","","","53","Washington","047","Okanogan","48.36451","-120.121113"
"02/10/2020","AirNow","530470009","4","12.6","ug/m3 LC","52","TWISP - GLOVER ST","1","100.0000","88502","Acceptable PM2.5 AQI & Speciation Mass","","","53","Washington","047","Okanogan","48.36451","-120.121113"
"02/11/2020","AirNow","530470009","4","8","ug/m3 LC","33","TWISP - GLOVER ST","1","100.0000","88502","Acceptable PM2.5 AQI & Speciation Mass","","","53","Washington","047","Okanogan","48.36451","-120.121113"
"02/12/2020","AirNow","530470009","4","8.3","ug/m3 LC","35","TWISP - GLOVER ST","1","100.0000","88502","Acceptable PM2.5 AQI & Speciation Mass","","","53","Washington","047","Okanogan","48.36451","-120.121113"
"02/13/2020","AirNow","530470009","4","12.6","ug/m3 LC","52","TWISP - GLOVER ST","1","100.0000","88502","Acceptable PM2.5 AQI & Speciation Mass","","","53","Washington","047","Okanogan","48.36451","-120.121113"
"02/14/2020","AirNow","530470009","4","12.2","ug/m3 LC","51","TWISP - GLOVER ST","1","100.0000","88502","Acceptable PM2.5 AQI & Speciation Mass","","","53","Washington","047","Okanogan","48.36451","-120.121113"
"02/15/2020","AirNow","530470009","4","11","ug/m3 LC","46","TWISP - GLOVER ST","1","100.0000","88502","Acceptable PM2.5 AQI & Speciation Mass","","","53","Washington","047","Okanogan","48.36451","-120.121113"
"02/16/2020","AirNow","530470009","4","9.7","ug/m3 LC","40","TWISP - GLOVER ST","1","100.0000","88502","Acceptable PM2.5 AQI & Speciation Mass","","","53","Washington","047","Okanogan","48.36451","-120.121113"
"02/17/2020","AirNow","530470009","4","11.1","ug/m3 LC","46","TWISP - GLOVER ST","1","100.0000","88502","Acceptable PM2.5 AQI & Speciation Mass","","","53","Washington","047","Okanogan","48.36451","-120.121113"
"02/18/2020","AirNow","530470009","4","7.5","ug/m3 LC","31","TWISP - GLOVER ST","1","100.0000","88502","Acceptable PM2.5 AQI & Speciation Mass","","","53","Washington","047","Okanogan","48.36451","-120.121113"
"02/19/2020","AirNow","530470009","4","7.6","ug/m3 LC","32","TWISP - GLOVER ST","1","100.0000","88502","Acceptable PM2.5 AQI & Speciation Mass","","","53","Washington","047","Okanogan","48.36451","-120.121113"
"02/20/2020","AirNow","530470009","4","8.6","ug/m3 LC","36","TWISP - GLOVER ST","1","100.0000","88502","Acceptable PM2.5 AQI & Speciation Mass","","","53","Washington","047","Okanogan","48.36451","-120.121113"
"02/21/2020","AirNow","530470009","4","10.7","ug/m3 LC","45","TWISP - GLOVER ST","1","100.0000","88502","Acceptable PM2.5 AQI & Speciation Mass","","","53","Washington","047","Okanogan","48.36451","-120.121113"
"02/22/2020","AirNow","530470009","4","11.2","ug/m3 LC","47","TWISP - GLOVER ST","1","100.0000","88502","Acceptable PM2.5 AQI & Speciation Mass","","","53","Washington","047","Okanogan","48.36451","-120.121113"
"02/23/2020","AirNow","530470009","4","11.2","ug/m3 LC","47","TWISP - GLOVER ST","1","100.0000","88502","Acceptable PM2.5 AQI & Speciation Mass","","","53","Washington","047","Okanogan","48.36451","-120.121113"
"02/24/2020","AirNow","530470009","4","6.2","ug/m3 LC","26","TWISP - GLOVER ST","1","100.0000","88502","Acceptable PM2.5 AQI & Speciation Mass","","","53","Washington","047","Okanogan","48.36451","-120.121113"
"02/25/2020","AirNow","530470009","4","8.1","ug/m3 LC","34","TWISP - GLOVER ST","1","100.0000","88502","Acceptable PM2.5 AQI & Speciation Mass","","","53","Washington","047","Okanogan","48.36451","-120.121113"
"02/26/2020","AirNow","530470009","4","7.7","ug/m3 LC","32","TWISP - GLOVER ST","1","100.0000","88502","Acceptable PM2.5 AQI & Speciation Mass","","","53","Washington","047","Okanogan","48.36451","-120.121113"
"02/27/2020","AirNow","530470009","4","8","ug/m3 LC","33","TWISP - GLOVER ST","1","100.0000","88502","Acceptable PM2.5 AQI & Speciation Mass","","","53","Washington","047","Okanogan","48.36451","-120.121113"
"02/28/2020","AirNow","530470009","4","8.4","ug/m3 LC","35","TWISP - GLOVER ST","1","100.0000","88502","Acceptable PM2.5 AQI & Speciation Mass","","","53","Washington","047","Okanogan","48.36451","-120.121113"
"02/29/2020","AirNow","530470009","4","5.1","ug/m3 LC","21","TWISP - GLOVER ST","1","100.0000","88502","Acceptable PM2.5 AQI & Speciation Mass","","","53","Washington","047","Okanogan","48.36451","-120.121113"
"03/01/2020","AirNow","530470009","4","6.3","ug/m3 LC","26","TWISP - GLOVER ST","1","100.0000","88502","Acceptable PM2.5 AQI & Speciation Mass","","","53","Washington","047","Okanogan","48.36451","-120.121113"
"03/02/2020","AirNow","530470009","4","6.5","ug/m3 LC","27","TWISP - GLOVER ST","1","100.0000","88502","Acceptable PM2.5 AQI & Speciation Mass","","","53","Washington","047","Okanogan","48.36451","-120.121113"
"03/03/2020","AirNow","530470009","4","4.9","ug/m3 LC","20","TWISP - GLOVER ST","1","100.0000","88502","Acceptable PM2.5 AQI & Speciation Mass","","","53","Washington","047","Okanogan","48.36451","-120.121113"
"03/04/2020","AirNow","530470009","4","4","ug/m3 LC","17","TWISP - GLOVER ST","1","100.0000","88502","Acceptable PM2.5 AQI & Speciation Mass","","","53","Washington","047","Okanogan","48.36451","-120.121113"
"03/05/2020","AirNow","530470009","4","7.2","ug/m3 LC","30","TWISP - GLOVER ST","1","100.0000","88502","Acceptable PM2.5 AQI & Speciation Mass","","","53","Washington","047","Okanogan","48.36451","-120.121113"
"03/06/2020","AirNow","530470009","4","9.3","ug/m3 LC","39","TWISP - GLOVER ST","1","100.0000","88502","Acceptable PM2.5 AQI & Speciation Mass","","","53","Washington","047","Okanogan","48.36451","-120.121113"
"03/07/2020","AirNow","530470009","4","8.8","ug/m3 LC","37","TWISP - GLOVER ST","1","100.0000","88502","Acceptable PM2.5 AQI & Speciation Mass","","","53","Washington","047","Okanogan","48.36451","-120.121113"
"03/08/2020","AirNow","530470009","4","5","ug/m3 LC","21","TWISP - GLOVER ST","1","100.0000","88502","Acceptable PM2.5 AQI & Speciation Mass","","","53","Washington","047","Okanogan","48.36451","-120.121113"
"03/09/2020","AirNow","530470009","4","4.2","ug/m3 LC","18","TWISP - GLOVER ST","1","100.0000","88502","Acceptable PM2.5 AQI & Speciation Mass","","","53","Washington","047","Okanogan","48.36451","-120.121113"
"03/10/2020","AirNow","530470009","4","7.2","ug/m3 LC","30","TWISP - GLOVER ST","1","100.0000","88502","Acceptable PM2.5 AQI & Speciation Mass","","","53","Washington","047","Okanogan","48.36451","-120.121113"
"03/11/2020","AirNow","530470009","4","5.8","ug/m3 LC","24","TWISP - GLOVER ST","1","100.0000","88502","Acceptable PM2.5 AQI & Speciation Mass","","","53","Washington","047","Okanogan","48.36451","-120.121113"
"03/12/2020","AirNow","530470009","4","5.8","ug/m3 LC","24","TWISP - GLOVER ST","1","100.0000","88502","Acceptable PM2.5 AQI & Speciation Mass","","","53","Washington","047","Okanogan","48.36451","-120.121113"
"03/13/2020","AirNow","530470009","4","5.9","ug/m3 LC","25","TWISP - GLOVER ST","1","100.0000","88502","Acceptable PM2.5 AQI & Speciation Mass","","","53","Washington","047","Okanogan","48.36451","-120.121113"
"03/14/2020","AirNow","530470009","4","4.3","ug/m3 LC","18","TWISP - GLOVER ST","1","100.0000","88502","Acceptable PM2.5 AQI & Speciation Mass","","","53","Washington","047","Okanogan","48.36451","-120.121113"
"03/15/2020","AirNow","530470009","4","4.9","ug/m3 LC","20","TWISP - GLOVER ST","1","100.0000","88502","Acceptable PM2.5 AQI & Speciation Mass","","","53","Washington","047","Okanogan","48.36451","-120.121113"
"03/16/2020","AirNow","530470009","4","5.5","ug/m3 LC","23","TWISP - GLOVER ST","1","100.0000","88502","Acceptable PM2.5 AQI & Speciation Mass","","","53","Washington","047","Okanogan","48.36451","-120.121113"
"03/17/2020","AirNow","530470009","4","6.1","ug/m3 LC","25","TWISP - GLOVER ST","1","100.0000","88502","Acceptable PM2.5 AQI & Speciation Mass","","","53","Washington","047","Okanogan","48.36451","-120.121113"
"03/18/2020","AirNow","530470009","4","6.4","ug/m3 LC","27","TWISP - GLOVER ST","1","100.0000","88502","Acceptable PM2.5 AQI & Speciation Mass","","","53","Washington","047","Okanogan","48.36451","-120.121113"
"03/19/2020","AirNow","530470009","4","5.9","ug/m3 LC","25","TWISP - GLOVER ST","1","100.0000","88502","Acceptable PM2.5 AQI & Speciation Mass","","","53","Washington","047","Okanogan","48.36451","-120.121113"
"03/20/2020","AirNow","530470009","4","6.2","ug/m3 LC","26","TWISP - GLOVER ST","1","100.0000","88502","Acceptable PM2.5 AQI & Speciation Mass","","","53","Washington","047","Okanogan","48.36451","-120.121113"
"03/21/2020","AirNow","530470009","4","5.5","ug/m3 LC","23","TWISP - GLOVER ST","1","100.0000","88502","Acceptable PM2.5 AQI & Speciation Mass","","","53","Washington","047","Okanogan","48.36451","-120.121113"
"03/22/2020","AirNow","530470009","4","6.3","ug/m3 LC","26","TWISP - GLOVER ST","1","100.0000","88502","Acceptable PM2.5 AQI & Speciation Mass","","","53","Washington","047","Okanogan","48.36451","-120.121113"
"03/23/2020","AirNow","530470009","4","5.5","ug/m3 LC","23","TWISP - GLOVER ST","1","100.0000","88502","Acceptable PM2.5 AQI & Speciation Mass","","","53","Washington","047","Okanogan","48.36451","-120.121113"
"03/24/2020","AirNow","530470009","4","4.7","ug/m3 LC","20","TWISP - GLOVER ST","1","100.0000","88502","Acceptable PM2.5 AQI & Speciation Mass","","","53","Washington","047","Okanogan","48.36451","-120.121113"
"03/25/2020","AirNow","530470009","4","6.2","ug/m3 LC","26","TWISP - GLOVER ST","1","100.0000","88502","Acceptable PM2.5 AQI & Speciation Mass","","","53","Washington","047","Okanogan","48.36451","-120.121113"
"03/26/2020","AirNow","530470009","4","5.4","ug/m3 LC","23","TWISP - GLOVER ST","1","100.0000","88502","Acceptable PM2.5 AQI & Speciation Mass","","","53","Washington","047","Okanogan","48.36451","-120.121113"
"03/27/2020","AirNow","530470009","4","6.8","ug/m3 LC","28","TWISP - GLOVER ST","1","100.0000","88502","Acceptable PM2.5 AQI & Speciation Mass","","","53","Washington","047","Okanogan","48.36451","-120.121113"
"03/28/2020","AirNow","530470009","4","4.1","ug/m3 LC","17","TWISP - GLOVER ST","1","100.0000","88502","Acceptable PM2.5 AQI & Speciation Mass","","","53","Washington","047","Okanogan","48.36451","-120.121113"
"03/29/2020","AirNow","530470009","4","3.5","ug/m3 LC","15","TWISP - GLOVER ST","1","100.0000","88502","Acceptable PM2.5 AQI & Speciation Mass","","","53","Washington","047","Okanogan","48.36451","-120.121113"
"03/30/2020","AirNow","530470009","4","4.2","ug/m3 LC","18","TWISP - GLOVER ST","1","100.0000","88502","Acceptable PM2.5 AQI & Speciation Mass","","","53","Washington","047","Okanogan","48.36451","-120.121113"
"03/31/2020","AirNow","530470009","4","4.8","ug/m3 LC","20","TWISP - GLOVER ST","1","100.0000","88502","Acceptable PM2.5 AQI & Speciation Mass","","","53","Washington","047","Okanogan","48.36451","-120.121113"
"04/01/2020","AirNow","530470009","4","3.3","ug/m3 LC","14","TWISP - GLOVER ST","1","100.0000","88502","Acceptable PM2.5 AQI & Speciation Mass","","","53","Washington","047","Okanogan","48.36451","-120.121113"
"04/02/2020","AirNow","530470009","4","4.6","ug/m3 LC","19","TWISP - GLOVER ST","1","100.0000","88502","Acceptable PM2.5 AQI & Speciation Mass","","","53","Washington","047","Okanogan","48.36451","-120.121113"
"04/03/2020","AirNow","530470009","4","5.4","ug/m3 LC","23","TWISP - GLOVER ST","1","100.0000","88502","Acceptable PM2.5 AQI & Speciation Mass","","","53","Washington","047","Okanogan","48.36451","-120.121113"
"04/04/2020","AirNow","530470009","4","7","ug/m3 LC","29","TWISP - GLOVER ST","1","100.0000","88502","Acceptable PM2.5 AQI & Speciation Mass","","","53","Washington","047","Okanogan","48.36451","-120.121113"
"04/05/2020","AirNow","530470009","4","6.1","ug/m3 LC","25","TWISP - GLOVER ST","1","100.0000","88502","Acceptable PM2.5 AQI & Speciation Mass","","","53","Washington","047","Okanogan","48.36451","-120.121113"
"04/06/2020","AirNow","530470009","4","4.2","ug/m3 LC","18","TWISP - GLOVER ST","1","100.0000","88502","Acceptable PM2.5 AQI & Speciation Mass","","","53","Washington","047","Okanogan","48.36451","-120.121113"
"04/07/2020","AirNow","530470009","4","7.2","ug/m3 LC","30","TWISP - GLOVER ST","1","100.0000","88502","Acceptable PM2.5 AQI & Speciation Mass","","","53","Washington","047","Okanogan","48.36451","-120.121113"
"04/08/2020","AirNow","530470009","4","10.6","ug/m3 LC","44","TWISP - GLOVER ST","1","100.0000","88502","Acceptable PM2.5 AQI & Speciation Mass","","","53","Washington","047","Okanogan","48.36451","-120.121113"
"04/09/2020","AirNow","530470009","4","5.7","ug/m3 LC","24","TWISP - GLOVER ST","1","100.0000","88502","Acceptable PM2.5 AQI & Speciation Mass","","","53","Washington","047","Okanogan","48.36451","-120.121113"
"04/10/2020","AirNow","530470009","4","3.3","ug/m3 LC","14","TWISP - GLOVER ST","1","100.0000","88502","Acceptable PM2.5 AQI & Speciation Mass","","","53","Washington","047","Okanogan","48.36451","-120.121113"
"04/11/2020","AirNow","530470009","4","4.2","ug/m3 LC","18","TWISP - GLOVER ST","1","100.0000","88502","Acceptable PM2.5 AQI & Speciation Mass","","","53","Washington","047","Okanogan","48.36451","-120.121113"
"04/12/2020","AirNow","530470009","4","3.7","ug/m3 LC","15","TWISP - GLOVER ST","1","100.0000","88502","Acceptable PM2.5 AQI & Speciation Mass","","","53","Washington","047","Okanogan","48.36451","-120.121113"
"04/13/2020","AirNow","530470009","4","4.1","ug/m3 LC","17","TWISP - GLOVER ST","1","100.0000","88502","Acceptable PM2.5 AQI & Speciation Mass","","","53","Washington","047","Okanogan","48.36451","-120.121113"
"04/14/2020","AirNow","530470009","4","3.6","ug/m3 LC","15","TWISP - GLOVER ST","1","100.0000","88502","Acceptable PM2.5 AQI & Speciation Mass","","","53","Washington","047","Okanogan","48.36451","-120.121113"
"04/15/2020","AirNow","530470009","4","2.3","ug/m3 LC","10","TWISP - GLOVER ST","1","100.0000","88502","Acceptable PM2.5 AQI & Speciation Mass","","","53","Washington","047","Okanogan","48.36451","-120.121113"
"04/16/2020","AirNow","530470009","4","3","ug/m3 LC","13","TWISP - GLOVER ST","1","100.0000","88502","Acceptable PM2.5 AQI & Speciation Mass","","","53","Washington","047","Okanogan","48.36451","-120.121113"
"04/17/2020","AirNow","530470009","4","4.5","ug/m3 LC","19","TWISP - GLOVER ST","1","100.0000","88502","Acceptable PM2.5 AQI & Speciation Mass","","","53","Washington","047","Okanogan","48.36451","-120.121113"
"04/18/2020","AirNow","530470009","4","3.3","ug/m3 LC","14","TWISP - GLOVER ST","1","100.0000","88502","Acceptable PM2.5 AQI & Speciation Mass","","","53","Washington","047","Okanogan","48.36451","-120.121113"
"04/19/2020","AirNow","530470009","4","3.2","ug/m3 LC","13","TWISP - GLOVER ST","1","100.0000","88502","Acceptable PM2.5 AQI & Speciation Mass","","","53","Washington","047","Okanogan","48.36451","-120.121113"
"04/20/2020","AirNow","530470009","4","3.1","ug/m3 LC","13","TWISP - GLOVER ST","1","100.0000","88502","Acceptable PM2.5 AQI & Speciation Mass","","","53","Washington","047","Okanogan","48.36451","-120.121113"
"04/21/2020","AirNow","530470009","4","2.9","ug/m3 LC","12","TWISP - GLOVER ST","1","100.0000","88502","Acceptable PM2.5 AQI & Speciation Mass","","","53","Washington","047","Okanogan","48.36451","-120.121113"
"04/22/2020","AirNow","530470009","4","5.4","ug/m3 LC","23","TWISP - GLOVER ST","1","100.0000","88502","Acceptable PM2.5 AQI & Speciation Mass","","","53","Washington","047","Okanogan","48.36451","-120.121113"
"04/23/2020","AirNow","530470009","4","3.4","ug/m3 LC","14","TWISP - GLOVER ST","1","100.0000","88502","Acceptable PM2.5 AQI & Speciation Mass","","","53","Washington","047","Okanogan","48.36451","-120.121113"
"04/24/2020","AirNow","530470009","4","5","ug/m3 LC","21","TWISP - GLOVER ST","1","100.0000","88502","Acceptable PM2.5 AQI & Speciation Mass","","","53","Washington","047","Okanogan","48.36451","-120.121113"
"04/25/2020","AirNow","530470009","4","5.2","ug/m3 LC","22","TWISP - GLOVER ST","1","100.0000","88502","Acceptable PM2.5 AQI & Speciation Mass","","","53","Washington","047","Okanogan","48.36451","-120.121113"
"04/26/2020","AirNow","530470009","4","4.8","ug/m3 LC","20","TWISP - GLOVER ST","1","100.0000","88502","Acceptable PM2.5 AQI & Speciation Mass","","","53","Washington","047","Okanogan","48.36451","-120.121113"
"04/27/2020","AirNow","530470009","4","3.1","ug/m3 LC","13","TWISP - GLOVER ST","1","100.0000","88502","Acceptable PM2.5 AQI & Speciation Mass","","","53","Washington","047","Okanogan","48.36451","-120.121113"
"04/28/2020","AirNow","530470009","4","3.3","ug/m3 LC","14","TWISP - GLOVER ST","1","100.0000","88502","Acceptable PM2.5 AQI & Speciation Mass","","","53","Washington","047","Okanogan","48.36451","-120.121113"
"04/29/2020","AirNow","530470009","4","3.2","ug/m3 LC","13","TWISP - GLOVER ST","1","100.0000","88502","Acceptable PM2.5 AQI & Speciation Mass","","","53","Washington","047","Okanogan","48.36451","-120.121113"
"04/30/2020","AirNow","530470009","4","1.9","ug/m3 LC","8","TWISP - GLOVER ST","1","100.0000","88502","Acceptable PM2.5 AQI & Speciation Mass","","","53","Washington","047","Okanogan","48.36451","-120.121113"
"05/01/2020","AirNow","530470009","4","2.1","ug/m3 LC","9","TWISP - GLOVER ST","1","100.0000","88502","Acceptable PM2.5 AQI & Speciation Mass","","","53","Washington","047","Okanogan","48.36451","-120.121113"
"05/02/2020","AirNow","530470009","4","3.8","ug/m3 LC","16","TWISP - GLOVER ST","1","100.0000","88502","Acceptable PM2.5 AQI & Speciation Mass","","","53","Washington","047","Okanogan","48.36451","-120.121113"
"01/01/2020","AQS","530470010","4","7.7","ug/m3 LC","32","WINTHROP - CHEWUCH RD","1","100.0000","88502","Acceptable PM2.5 AQI & Speciation Mass","","","53","Washington","047","Okanogan","48.47724","-120.19057"
"01/03/2020","AQS","530470010","4","5.4","ug/m3 LC","23","WINTHROP - CHEWUCH RD","1","100.0000","88502","Acceptable PM2.5 AQI & Speciation Mass","","","53","Washington","047","Okanogan","48.47724","-120.19057"
"01/05/2020","AQS","530470010","4","7.8","ug/m3 LC","33","WINTHROP - CHEWUCH RD","1","100.0000","88502","Acceptable PM2.5 AQI & Speciation Mass","","","53","Washington","047","Okanogan","48.47724","-120.19057"
"01/06/2020","AQS","530470010","4","7.7","ug/m3 LC","32","WINTHROP - CHEWUCH RD","1","100.0000","88502","Acceptable PM2.5 AQI & Speciation Mass","","","53","Washington","047","Okanogan","48.47724","-120.19057"
"01/07/2020","AQS","530470010","4","9.1","ug/m3 LC","38","WINTHROP - CHEWUCH RD","1","100.0000","88502","Acceptable PM2.5 AQI & Speciation Mass","","","53","Washington","047","Okanogan","48.47724","-120.19057"
"01/09/2020","AQS","530470010","4","6.6","ug/m3 LC","28","WINTHROP - CHEWUCH RD","1","100.0000","88502","Acceptable PM2.5 AQI & Speciation Mass","","","53","Washington","047","Okanogan","48.47724","-120.19057"
"01/10/2020","AQS","530470010","4","7.9","ug/m3 LC","33","WINTHROP - CHEWUCH RD","1","100.0000","88502","Acceptable PM2.5 AQI & Speciation Mass","","","53","Washington","047","Okanogan","48.47724","-120.19057"
"01/11/2020","AQS","530470010","4","10.8","ug/m3 LC","45","WINTHROP - CHEWUCH RD","1","100.0000","88502","Acceptable PM2.5 AQI & Speciation Mass","","","53","Washington","047","Okanogan","48.47724","-120.19057"
"01/12/2020","AQS","530470010","4","8","ug/m3 LC","33","WINTHROP - CHEWUCH RD","1","100.0000","88502","Acceptable PM2.5 AQI & Speciation Mass","","","53","Washington","047","Okanogan","48.47724","-120.19057"
"01/13/2020","AQS","530470010","4","3.9","ug/m3 LC","16","WINTHROP - CHEWUCH RD","1","100.0000","88502","Acceptable PM2.5 AQI & Speciation Mass","","","53","Washington","047","Okanogan","48.47724","-120.19057"
"01/14/2020","AQS","530470010","4","8.3","ug/m3 LC","35","WINTHROP - CHEWUCH RD","1","100.0000","88502","Acceptable PM2.5 AQI & Speciation Mass","","","53","Washington","047","Okanogan","48.47724","-120.19057"
"01/15/2020","AQS","530470010","4","6","ug/m3 LC","25","WINTHROP - CHEWUCH RD","1","100.0000","88502","Acceptable PM2.5 AQI & Speciation Mass","","","53","Washington","047","Okanogan","48.47724","-120.19057"
"01/16/2020","AQS","530470010","4","9.5","ug/m3 LC","40","WINTHROP - CHEWUCH RD","1","100.0000","88502","Acceptable PM2.5 AQI & Speciation Mass","","","53","Washington","047","Okanogan","48.47724","-120.19057"
"01/17/2020","AQS","530470010","4","8.7","ug/m3 LC","36","WINTHROP - CHEWUCH RD","1","100.0000","88502","Acceptable PM2.5 AQI & Speciation Mass","","","53","Washington","047","Okanogan","48.47724","-120.19057"
"01/18/2020","AQS","530470010","4","9.7","ug/m3 LC","40","WINTHROP - CHEWUCH RD","1","100.0000","88502","Acceptable PM2.5 AQI & Speciation Mass","","","53","Washington","047","Okanogan","48.47724","-120.19057"
"01/19/2020","AQS","530470010","4","10.4","ug/m3 LC","43","WINTHROP - CHEWUCH RD","1","100.0000","88502","Acceptable PM2.5 AQI & Speciation Mass","","","53","Washington","047","Okanogan","48.47724","-120.19057"
"01/20/2020","AQS","530470010","4","9.9","ug/m3 LC","41","WINTHROP - CHEWUCH RD","1","100.0000","88502","Acceptable PM2.5 AQI & Speciation Mass","","","53","Washington","047","Okanogan","48.47724","-120.19057"
"01/21/2020","AQS","530470010","4","11","ug/m3 LC","46","WINTHROP - CHEWUCH RD","1","100.0000","88502","Acceptable PM2.5 AQI & Speciation Mass","","","53","Washington","047","Okanogan","48.47724","-120.19057"
"01/22/2020","AQS","530470010","4","5.4","ug/m3 LC","23","WINTHROP - CHEWUCH RD","1","100.0000","88502","Acceptable PM2.5 AQI & Speciation Mass","","","53","Washington","047","Okanogan","48.47724","-120.19057"
"01/23/2020","AQS","530470010","4","9.7","ug/m3 LC","40","WINTHROP - CHEWUCH RD","1","100.0000","88502","Acceptable PM2.5 AQI & Speciation Mass","","","53","Washington","047","Okanogan","48.47724","-120.19057"
"01/24/2020","AQS","530470010","4","8.6","ug/m3 LC","36","WINTHROP - CHEWUCH RD","1","100.0000","88502","Acceptable PM2.5 AQI & Speciation Mass","","","53","Washington","047","Okanogan","48.47724","-120.19057"
"01/25/2020","AQS","530470010","4","3.9","ug/m3 LC","16","WINTHROP - CHEWUCH RD","1","100.0000","88502","Acceptable PM2.5 AQI & Speciation Mass","","","53","Washington","047","Okanogan","48.47724","-120.19057"
"01/26/2020","AQS","530470010","4","9.2","ug/m3 LC","38","WINTHROP - CHEWUCH RD","1","100.0000","88502","Acceptable PM2.5 AQI & Speciation Mass","","","53","Washington","047","Okanogan","48.47724","-120.19057"
"01/27/2020","AQS","530470010","4","8.6","ug/m3 LC","36","WINTHROP - CHEWUCH RD","1","100.0000","88502","Acceptable PM2.5 AQI & Speciation Mass","","","53","Washington","047","Okanogan","48.47724","-120.19057"
"01/28/2020","AQS","530470010","4","4.7","ug/m3 LC","20","WINTHROP - CHEWUCH RD","1","100.0000","88502","Acceptable PM2.5 AQI & Speciation Mass","","","53","Washington","047","Okanogan","48.47724","-120.19057"
"01/29/2020","AQS","530470010","4","3.4","ug/m3 LC","14","WINTHROP - CHEWUCH RD","1","100.0000","88502","Acceptable PM2.5 AQI & Speciation Mass","","","53","Washington","047","Okanogan","48.47724","-120.19057"
"01/30/2020","AQS","530470010","4","3.6","ug/m3 LC","15","WINTHROP - CHEWUCH RD","1","100.0000","88502","Acceptable PM2.5 AQI & Speciation Mass","","","53","Washington","047","Okanogan","48.47724","-120.19057"
"01/31/2020","AQS","530470010","4","6","ug/m3 LC","25","WINTHROP - CHEWUCH RD","1","100.0000","88502","Acceptable PM2.5 AQI & Speciation Mass","","","53","Washington","047","Okanogan","48.47724","-120.19057"
"02/01/2020","AirNow","530470010","4","3.7","ug/m3 LC","15","WINTHROP - CHEWUCH RD","1","100.0000","88502","Acceptable PM2.5 AQI & Speciation Mass","","","53","Washington","047","Okanogan","48.47724","-120.19057"
"02/02/2020","AirNow","530470010","4","5","ug/m3 LC","21","WINTHROP - CHEWUCH RD","1","100.0000","88502","Acceptable PM2.5 AQI & Speciation Mass","","","53","Washington","047","Okanogan","48.47724","-120.19057"
"02/03/2020","AirNow","530470010","4","3.7","ug/m3 LC","15","WINTHROP - CHEWUCH RD","1","100.0000","88502","Acceptable PM2.5 AQI & Speciation Mass","","","53","Washington","047","Okanogan","48.47724","-120.19057"
"02/04/2020","AirNow","530470010","4","4.7","ug/m3 LC","20","WINTHROP - CHEWUCH RD","1","100.0000","88502","Acceptable PM2.5 AQI & Speciation Mass","","","53","Washington","047","Okanogan","48.47724","-120.19057"
"02/05/2020","AirNow","530470010","4","6.2","ug/m3 LC","26","WINTHROP - CHEWUCH RD","1","100.0000","88502","Acceptable PM2.5 AQI & Speciation Mass","","","53","Washington","047","Okanogan","48.47724","-120.19057"
"02/06/2020","AirNow","530470010","4","9.3","ug/m3 LC","39","WINTHROP - CHEWUCH RD","1","100.0000","88502","Acceptable PM2.5 AQI & Speciation Mass","","","53","Washington","047","Okanogan","48.47724","-120.19057"
"02/07/2020","AirNow","530470010","4","11.7","ug/m3 LC","49","WINTHROP - CHEWUCH RD","1","100.0000","88502","Acceptable PM2.5 AQI & Speciation Mass","","","53","Washington","047","Okanogan","48.47724","-120.19057"
"02/08/2020","AirNow","530470010","4","2.2","ug/m3 LC","9","WINTHROP - CHEWUCH RD","1","100.0000","88502","Acceptable PM2.5 AQI & Speciation Mass","","","53","Washington","047","Okanogan","48.47724","-120.19057"
"02/09/2020","AirNow","530470010","4","3.7","ug/m3 LC","15","WINTHROP - CHEWUCH RD","1","100.0000","88502","Acceptable PM2.5 AQI & Speciation Mass","","","53","Washington","047","Okanogan","48.47724","-120.19057"
"02/10/2020","AirNow","530470010","4","8.2","ug/m3 LC","34","WINTHROP - CHEWUCH RD","1","100.0000","88502","Acceptable PM2.5 AQI & Speciation Mass","","","53","Washington","047","Okanogan","48.47724","-120.19057"
"02/11/2020","AirNow","530470010","4","4.4","ug/m3 LC","18","WINTHROP - CHEWUCH RD","1","100.0000","88502","Acceptable PM2.5 AQI & Speciation Mass","","","53","Washington","047","Okanogan","48.47724","-120.19057"
"02/12/2020","AirNow","530470010","4","4.6","ug/m3 LC","19","WINTHROP - CHEWUCH RD","1","100.0000","88502","Acceptable PM2.5 AQI & Speciation Mass","","","53","Washington","047","Okanogan","48.47724","-120.19057"
"02/13/2020","AirNow","530470010","4","6.8","ug/m3 LC","28","WINTHROP - CHEWUCH RD","1","100.0000","88502","Acceptable PM2.5 AQI & Speciation Mass","","","53","Washington","047","Okanogan","48.47724","-120.19057"
"02/14/2020","AirNow","530470010","4","7.5","ug/m3 LC","31","WINTHROP - CHEWUCH RD","1","100.0000","88502","Acceptable PM2.5 AQI & Speciation Mass","","","53","Washington","047","Okanogan","48.47724","-120.19057"
"02/15/2020","AirNow","530470010","4","9.5","ug/m3 LC","40","WINTHROP - CHEWUCH RD","1","100.0000","88502","Acceptable PM2.5 AQI & Speciation Mass","","","53","Washington","047","Okanogan","48.47724","-120.19057"
"02/16/2020","AirNow","530470010","4","11","ug/m3 LC","46","WINTHROP - CHEWUCH RD","1","100.0000","88502","Acceptable PM2.5 AQI & Speciation Mass","","","53","Washington","047","Okanogan","48.47724","-120.19057"
"02/17/2020","AirNow","530470010","4","5.1","ug/m3 LC","21","WINTHROP - CHEWUCH RD","1","100.0000","88502","Acceptable PM2.5 AQI & Speciation Mass","","","53","Washington","047","Okanogan","48.47724","-120.19057"
"02/18/2020","AirNow","530470010","4","4.1","ug/m3 LC","17","WINTHROP - CHEWUCH RD","1","100.0000","88502","Acceptable PM2.5 AQI & Speciation Mass","","","53","Washington","047","Okanogan","48.47724","-120.19057"
"02/19/2020","AirNow","530470010","4","4.7","ug/m3 LC","20","WINTHROP - CHEWUCH RD","1","100.0000","88502","Acceptable PM2.5 AQI & Speciation Mass","","","53","Washington","047","Okanogan","48.47724","-120.19057"
"02/20/2020","AirNow","530470010","4","6.5","ug/m3 LC","27","WINTHROP - CHEWUCH RD","1","100.0000","88502","Acceptable PM2.5 AQI & Speciation Mass","","","53","Washington","047","Okanogan","48.47724","-120.19057"
"02/21/2020","AirNow","530470010","4","7.7","ug/m3 LC","32","WINTHROP - CHEWUCH RD","1","100.0000","88502","Acceptable PM2.5 AQI & Speciation Mass","","","53","Washington","047","Okanogan","48.47724","-120.19057"
"02/22/2020","AirNow","530470010","4","6.9","ug/m3 LC","29","WINTHROP - CHEWUCH RD","1","100.0000","88502","Acceptable PM2.5 AQI & Speciation Mass","","","53","Washington","047","Okanogan","48.47724","-120.19057"
"02/23/2020","AirNow","530470010","4","4.8","ug/m3 LC","20","WINTHROP - CHEWUCH RD","1","100.0000","88502","Acceptable PM2.5 AQI & Speciation Mass","","","53","Washington","047","Okanogan","48.47724","-120.19057"
"02/24/2020","AirNow","530470010","4","2","ug/m3 LC","8","WINTHROP - CHEWUCH RD","1","100.0000","88502","Acceptable PM2.5 AQI & Speciation Mass","","","53","Washington","047","Okanogan","48.47724","-120.19057"
"02/25/2020","AirNow","530470010","4","3","ug/m3 LC","13","WINTHROP - CHEWUCH RD","1","100.0000","88502","Acceptable PM2.5 AQI & Speciation Mass","","","53","Washington","047","Okanogan","48.47724","-120.19057"
"02/26/2020","AirNow","530470010","4","3.4","ug/m3 LC","14","WINTHROP - CHEWUCH RD","1","100.0000","88502","Acceptable PM2.5 AQI & Speciation Mass","","","53","Washington","047","Okanogan","48.47724","-120.19057"
"02/27/2020","AirNow","530470010","4","3.7","ug/m3 LC","15","WINTHROP - CHEWUCH RD","1","100.0000","88502","Acceptable PM2.5 AQI & Speciation Mass","","","53","Washington","047","Okanogan","48.47724","-120.19057"
"02/28/2020","AirNow","530470010","4","5.1","ug/m3 LC","21","WINTHROP - CHEWUCH RD","1","100.0000","88502","Acceptable PM2.5 AQI & Speciation Mass","","","53","Washington","047","Okanogan","48.47724","-120.19057"
"02/29/2020","AirNow","530470010","4","1","ug/m3 LC","4","WINTHROP - CHEWUCH RD","1","100.0000","88502","Acceptable PM2.5 AQI & Speciation Mass","","","53","Washington","047","Okanogan","48.47724","-120.19057"
"03/01/2020","AirNow","530470010","4","1.9","ug/m3 LC","8","WINTHROP - CHEWUCH RD","1","100.0000","88502","Acceptable PM2.5 AQI & Speciation Mass","","","53","Washington","047","Okanogan","48.47724","-120.19057"
"03/02/2020","AirNow","530470010","4","1.2","ug/m3 LC","5","WINTHROP - CHEWUCH RD","1","100.0000","88502","Acceptable PM2.5 AQI & Speciation Mass","","","53","Washington","047","Okanogan","48.47724","-120.19057"
"03/03/2020","AirNow","530470010","4","3.2","ug/m3 LC","13","WINTHROP - CHEWUCH RD","1","100.0000","88502","Acceptable PM2.5 AQI & Speciation Mass","","","53","Washington","047","Okanogan","48.47724","-120.19057"
"03/04/2020","AirNow","530470010","4","1.4","ug/m3 LC","6","WINTHROP - CHEWUCH RD","1","100.0000","88502","Acceptable PM2.5 AQI & Speciation Mass","","","53","Washington","047","Okanogan","48.47724","-120.19057"
"03/05/2020","AirNow","530470010","4","4.1","ug/m3 LC","17","WINTHROP - CHEWUCH RD","1","100.0000","88502","Acceptable PM2.5 AQI & Speciation Mass","","","53","Washington","047","Okanogan","48.47724","-120.19057"
"03/06/2020","AirNow","530470010","4","8.1","ug/m3 LC","34","WINTHROP - CHEWUCH RD","1","100.0000","88502","Acceptable PM2.5 AQI & Speciation Mass","","","53","Washington","047","Okanogan","48.47724","-120.19057"
"03/07/2020","AirNow","530470010","4","3.7","ug/m3 LC","15","WINTHROP - CHEWUCH RD","1","100.0000","88502","Acceptable PM2.5 AQI & Speciation Mass","","","53","Washington","047","Okanogan","48.47724","-120.19057"
"03/08/2020","AirNow","530470010","4","1.4","ug/m3 LC","6","WINTHROP - CHEWUCH RD","1","100.0000","88502","Acceptable PM2.5 AQI & Speciation Mass","","","53","Washington","047","Okanogan","48.47724","-120.19057"
"03/09/2020","AirNow","530470010","4","2.6","ug/m3 LC","11","WINTHROP - CHEWUCH RD","1","100.0000","88502","Acceptable PM2.5 AQI & Speciation Mass","","","53","Washington","047","Okanogan","48.47724","-120.19057"
"03/10/2020","AirNow","530470010","4","10","ug/m3 LC","42","WINTHROP - CHEWUCH RD","1","100.0000","88502","Acceptable PM2.5 AQI & Speciation Mass","","","53","Washington","047","Okanogan","48.47724","-120.19057"
"03/11/2020","AirNow","530470010","4","3.5","ug/m3 LC","15","WINTHROP - CHEWUCH RD","1","100.0000","88502","Acceptable PM2.5 AQI & Speciation Mass","","","53","Washington","047","Okanogan","48.47724","-120.19057"
"03/12/2020","AirNow","530470010","4","2.2","ug/m3 LC","9","WINTHROP - CHEWUCH RD","1","100.0000","88502","Acceptable PM2.5 AQI & Speciation Mass","","","53","Washington","047","Okanogan","48.47724","-120.19057"
"03/13/2020","AirNow","530470010","4","3.5","ug/m3 LC","15","WINTHROP - CHEWUCH RD","1","100.0000","88502","Acceptable PM2.5 AQI & Speciation Mass","","","53","Washington","047","Okanogan","48.47724","-120.19057"
"03/14/2020","AirNow","530470010","4","2.6","ug/m3 LC","11","WINTHROP - CHEWUCH RD","1","100.0000","88502","Acceptable PM2.5 AQI & Speciation Mass","","","53","Washington","047","Okanogan","48.47724","-120.19057"
"03/15/2020","AirNow","530470010","4","4.1","ug/m3 LC","17","WINTHROP - CHEWUCH RD","1","100.0000","88502","Acceptable PM2.5 AQI & Speciation Mass","","","53","Washington","047","Okanogan","48.47724","-120.19057"
"03/16/2020","AirNow","530470010","4","4.6","ug/m3 LC","19","WINTHROP - CHEWUCH RD","1","100.0000","88502","Acceptable PM2.5 AQI & Speciation Mass","","","53","Washington","047","Okanogan","48.47724","-120.19057"
"03/17/2020","AirNow","530470010","4","5.7","ug/m3 LC","24","WINTHROP - CHEWUCH RD","1","100.0000","88502","Acceptable PM2.5 AQI & Speciation Mass","","","53","Washington","047","Okanogan","48.47724","-120.19057"
"03/18/2020","AirNow","530470010","4","4.7","ug/m3 LC","20","WINTHROP - CHEWUCH RD","1","100.0000","88502","Acceptable PM2.5 AQI & Speciation Mass","","","53","Washington","047","Okanogan","48.47724","-120.19057"
"03/19/2020","AirNow","530470010","4","5.2","ug/m3 LC","22","WINTHROP - CHEWUCH RD","1","100.0000","88502","Acceptable PM2.5 AQI & Speciation Mass","","","53","Washington","047","Okanogan","48.47724","-120.19057"
"03/20/2020","AirNow","530470010","4","4.3","ug/m3 LC","18","WINTHROP - CHEWUCH RD","1","100.0000","88502","Acceptable PM2.5 AQI & Speciation Mass","","","53","Washington","047","Okanogan","48.47724","-120.19057"
"03/21/2020","AirNow","530470010","4","4.6","ug/m3 LC","19","WINTHROP - CHEWUCH RD","1","100.0000","88502","Acceptable PM2.5 AQI & Speciation Mass","","","53","Washington","047","Okanogan","48.47724","-120.19057"
"03/22/2020","AirNow","530470010","4","5.7","ug/m3 LC","24","WINTHROP - CHEWUCH RD","1","100.0000","88502","Acceptable PM2.5 AQI & Speciation Mass","","","53","Washington","047","Okanogan","48.47724","-120.19057"
"03/23/2020","AirNow","530470010","4","3.9","ug/m3 LC","16","WINTHROP - CHEWUCH RD","1","100.0000","88502","Acceptable PM2.5 AQI & Speciation Mass","","","53","Washington","047","Okanogan","48.47724","-120.19057"
"03/24/2020","AirNow","530470010","4","5.7","ug/m3 LC","24","WINTHROP - CHEWUCH RD","1","100.0000","88502","Acceptable PM2.5 AQI & Speciation Mass","","","53","Washington","047","Okanogan","48.47724","-120.19057"
"03/25/2020","AirNow","530470010","4","5.4","ug/m3 LC","23","WINTHROP - CHEWUCH RD","1","100.0000","88502","Acceptable PM2.5 AQI & Speciation Mass","","","53","Washington","047","Okanogan","48.47724","-120.19057"
"03/26/2020","AirNow","530470010","4","4.7","ug/m3 LC","20","WINTHROP - CHEWUCH RD","1","100.0000","88502","Acceptable PM2.5 AQI & Speciation Mass","","","53","Washington","047","Okanogan","48.47724","-120.19057"
"03/27/2020","AirNow","530470010","4","3.4","ug/m3 LC","14","WINTHROP - CHEWUCH RD","1","100.0000","88502","Acceptable PM2.5 AQI & Speciation Mass","","","53","Washington","047","Okanogan","48.47724","-120.19057"
"03/28/2020","AirNow","530470010","4","2.1","ug/m3 LC","9","WINTHROP - CHEWUCH RD","1","100.0000","88502","Acceptable PM2.5 AQI & Speciation Mass","","","53","Washington","047","Okanogan","48.47724","-120.19057"
"03/29/2020","AirNow","530470010","4","2.4","ug/m3 LC","10","WINTHROP - CHEWUCH RD","1","100.0000","88502","Acceptable PM2.5 AQI & Speciation Mass","","","53","Washington","047","Okanogan","48.47724","-120.19057"
"03/30/2020","AirNow","530470010","4","2.4","ug/m3 LC","10","WINTHROP - CHEWUCH RD","1","100.0000","88502","Acceptable PM2.5 AQI & Speciation Mass","","","53","Washington","047","Okanogan","48.47724","-120.19057"
"03/31/2020","AirNow","530470010","4","3.1","ug/m3 LC","13","WINTHROP - CHEWUCH RD","1","100.0000","88502","Acceptable PM2.5 AQI & Speciation Mass","","","53","Washington","047","Okanogan","48.47724","-120.19057"
"04/01/2020","AirNow","530470010","4","1.6","ug/m3 LC","7","WINTHROP - CHEWUCH RD","1","100.0000","88502","Acceptable PM2.5 AQI & Speciation Mass","","","53","Washington","047","Okanogan","48.47724","-120.19057"
"04/02/2020","AirNow","530470010","4","3.4","ug/m3 LC","14","WINTHROP - CHEWUCH RD","1","100.0000","88502","Acceptable PM2.5 AQI & Speciation Mass","","","53","Washington","047","Okanogan","48.47724","-120.19057"
"04/03/2020","AirNow","530470010","4","3.4","ug/m3 LC","14","WINTHROP - CHEWUCH RD","1","100.0000","88502","Acceptable PM2.5 AQI & Speciation Mass","","","53","Washington","047","Okanogan","48.47724","-120.19057"
"04/04/2020","AirNow","530470010","4","2.7","ug/m3 LC","11","WINTHROP - CHEWUCH RD","1","100.0000","88502","Acceptable PM2.5 AQI & Speciation Mass","","","53","Washington","047","Okanogan","48.47724","-120.19057"
"04/05/2020","AirNow","530470010","4","3.1","ug/m3 LC","13","WINTHROP - CHEWUCH RD","1","100.0000","88502","Acceptable PM2.5 AQI & Speciation Mass","","","53","Washington","047","Okanogan","48.47724","-120.19057"
"04/06/2020","AirNow","530470010","4","4.5","ug/m3 LC","19","WINTHROP - CHEWUCH RD","1","100.0000","88502","Acceptable PM2.5 AQI & Speciation Mass","","","53","Washington","047","Okanogan","48.47724","-120.19057"
"04/07/2020","AirNow","530470010","4","5","ug/m3 LC","21","WINTHROP - CHEWUCH RD","1","100.0000","88502","Acceptable PM2.5 AQI & Speciation Mass","","","53","Washington","047","Okanogan","48.47724","-120.19057"
"04/08/2020","AirNow","530470010","4","4.8","ug/m3 LC","20","WINTHROP - CHEWUCH RD","1","100.0000","88502","Acceptable PM2.5 AQI & Speciation Mass","","","53","Washington","047","Okanogan","48.47724","-120.19057"
"04/09/2020","AirNow","530470010","4","5.9","ug/m3 LC","25","WINTHROP - CHEWUCH RD","1","100.0000","88502","Acceptable PM2.5 AQI & Speciation Mass","","","53","Washington","047","Okanogan","48.47724","-120.19057"
"04/10/2020","AirNow","530470010","4","2.6","ug/m3 LC","11","WINTHROP - CHEWUCH RD","1","100.0000","88502","Acceptable PM2.5 AQI & Speciation Mass","","","53","Washington","047","Okanogan","48.47724","-120.19057"
"04/11/2020","AirNow","530470010","4","3.3","ug/m3 LC","14","WINTHROP - CHEWUCH RD","1","100.0000","88502","Acceptable PM2.5 AQI & Speciation Mass","","","53","Washington","047","Okanogan","48.47724","-120.19057"
"04/12/2020","AirNow","530470010","4","2.9","ug/m3 LC","12","WINTHROP - CHEWUCH RD","1","100.0000","88502","Acceptable PM2.5 AQI & Speciation Mass","","","53","Washington","047","Okanogan","48.47724","-120.19057"
"04/13/2020","AirNow","530470010","4","3.4","ug/m3 LC","14","WINTHROP - CHEWUCH RD","1","100.0000","88502","Acceptable PM2.5 AQI & Speciation Mass","","","53","Washington","047","Okanogan","48.47724","-120.19057"
"04/14/2020","AirNow","530470010","4","2.6","ug/m3 LC","11","WINTHROP - CHEWUCH RD","1","100.0000","88502","Acceptable PM2.5 AQI & Speciation Mass","","","53","Washington","047","Okanogan","48.47724","-120.19057"
"04/15/2020","AirNow","530470010","4","0.9","ug/m3 LC","4","WINTHROP - CHEWUCH RD","1","100.0000","88502","Acceptable PM2.5 AQI & Speciation Mass","","","53","Washington","047","Okanogan","48.47724","-120.19057"
"04/16/2020","AirNow","530470010","4","1.8","ug/m3 LC","8","WINTHROP - CHEWUCH RD","1","100.0000","88502","Acceptable PM2.5 AQI & Speciation Mass","","","53","Washington","047","Okanogan","48.47724","-120.19057"
"04/17/2020","AirNow","530470010","4","2.7","ug/m3 LC","11","WINTHROP - CHEWUCH RD","1","100.0000","88502","Acceptable PM2.5 AQI & Speciation Mass","","","53","Washington","047","Okanogan","48.47724","-120.19057"
"04/18/2020","AirNow","530470010","4","1.9","ug/m3 LC","8","WINTHROP - CHEWUCH RD","1","100.0000","88502","Acceptable PM2.5 AQI & Speciation Mass","","","53","Washington","047","Okanogan","48.47724","-120.19057"
"04/19/2020","AirNow","530470010","4","2.3","ug/m3 LC","10","WINTHROP - CHEWUCH RD","1","100.0000","88502","Acceptable PM2.5 AQI & Speciation Mass","","","53","Washington","047","Okanogan","48.47724","-120.19057"
"04/20/2020","AirNow","530470010","4","2.5","ug/m3 LC","10","WINTHROP - CHEWUCH RD","1","100.0000","88502","Acceptable PM2.5 AQI & Speciation Mass","","","53","Washington","047","Okanogan","48.47724","-120.19057"
"04/21/2020","AirNow","530470010","4","3.3","ug/m3 LC","14","WINTHROP - CHEWUCH RD","1","100.0000","88502","Acceptable PM2.5 AQI & Speciation Mass","","","53","Washington","047","Okanogan","48.47724","-120.19057"
"04/22/2020","AirNow","530470010","4","2.7","ug/m3 LC","11","WINTHROP - CHEWUCH RD","1","100.0000","88502","Acceptable PM2.5 AQI & Speciation Mass","","","53","Washington","047","Okanogan","48.47724","-120.19057"
"04/23/2020","AirNow","530470010","4","1.6","ug/m3 LC","7","WINTHROP - CHEWUCH RD","1","100.0000","88502","Acceptable PM2.5 AQI & Speciation Mass","","","53","Washington","047","Okanogan","48.47724","-120.19057"
"04/24/2020","AirNow","530470010","4","4.3","ug/m3 LC","18","WINTHROP - CHEWUCH RD","1","100.0000","88502","Acceptable PM2.5 AQI & Speciation Mass","","","53","Washington","047","Okanogan","48.47724","-120.19057"
"04/25/2020","AirNow","530470010","4","7.3","ug/m3 LC","30","WINTHROP - CHEWUCH RD","1","100.0000","88502","Acceptable PM2.5 AQI & Speciation Mass","","","53","Washington","047","Okanogan","48.47724","-120.19057"
"04/26/2020","AirNow","530470010","4","4.9","ug/m3 LC","20","WINTHROP - CHEWUCH RD","1","100.0000","88502","Acceptable PM2.5 AQI & Speciation Mass","","","53","Washington","047","Okanogan","48.47724","-120.19057"
"04/27/2020","AirNow","530470010","4","1.6","ug/m3 LC","7","WINTHROP - CHEWUCH RD","1","100.0000","88502","Acceptable PM2.5 AQI & Speciation Mass","","","53","Washington","047","Okanogan","48.47724","-120.19057"
"04/28/2020","AirNow","530470010","4","1.8","ug/m3 LC","8","WINTHROP - CHEWUCH RD","1","100.0000","88502","Acceptable PM2.5 AQI & Speciation Mass","","","53","Washington","047","Okanogan","48.47724","-120.19057"
"04/29/2020","AirNow","530470010","4","2.8","ug/m3 LC","12","WINTHROP - CHEWUCH RD","1","100.0000","88502","Acceptable PM2.5 AQI & Speciation Mass","","","53","Washington","047","Okanogan","48.47724","-120.19057"
"04/30/2020","AirNow","530470010","4","1","ug/m3 LC","4","WINTHROP - CHEWUCH RD","1","100.0000","88502","Acceptable PM2.5 AQI & Speciation Mass","","","53","Washington","047","Okanogan","48.47724","-120.19057"
"05/01/2020","AirNow","530470010","4","1.2","ug/m3 LC","5","WINTHROP - CHEWUCH RD","1","100.0000","88502","Acceptable PM2.5 AQI & Speciation Mass","","","53","Washington","047","Okanogan","48.47724","-120.19057"
"05/02/2020","AirNow","530470010","4","2.8","ug/m3 LC","12","WINTHROP - CHEWUCH RD","1","100.0000","88502","Acceptable PM2.5 AQI & Speciation Mass","","","53","Washington","047","Okanogan","48.47724","-120.19057"
"01/01/2020","AQS","530470013","5","16.3","ug/m3 LC","60","Omak-Colville Tribe","1","100.0000","88101","PM2.5 - Local Conditions","","","53","Washington","047","Okanogan","48.39999","-119.51896"
"01/02/2020","AQS","530470013","5","13.1","ug/m3 LC","53","Omak-Colville Tribe","1","100.0000","88101","PM2.5 - Local Conditions","","","53","Washington","047","Okanogan","48.39999","-119.51896"
"01/03/2020","AQS","530470013","5","6.7","ug/m3 LC","28","Omak-Colville Tribe","1","100.0000","88101","PM2.5 - Local Conditions","","","53","Washington","047","Okanogan","48.39999","-119.51896"
"01/04/2020","AQS","530470013","5","6","ug/m3 LC","25","Omak-Colville Tribe","1","100.0000","88101","PM2.5 - Local Conditions","","","53","Washington","047","Okanogan","48.39999","-119.51896"
"01/05/2020","AQS","530470013","5","5.2","ug/m3 LC","22","Omak-Colville Tribe","1","100.0000","88101","PM2.5 - Local Conditions","","","53","Washington","047","Okanogan","48.39999","-119.51896"
"01/06/2020","AQS","530470013","5","12.7","ug/m3 LC","52","Omak-Colville Tribe","1","100.0000","88101","PM2.5 - Local Conditions","","","53","Washington","047","Okanogan","48.39999","-119.51896"
"01/07/2020","AQS","530470013","5","9.6","ug/m3 LC","40","Omak-Colville Tribe","1","100.0000","88101","PM2.5 - Local Conditions","","","53","Washington","047","Okanogan","48.39999","-119.51896"
"01/08/2020","AQS","530470013","5","16.3","ug/m3 LC","60","Omak-Colville Tribe","1","100.0000","88101","PM2.5 - Local Conditions","","","53","Washington","047","Okanogan","48.39999","-119.51896"
"01/09/2020","AQS","530470013","5","10.6","ug/m3 LC","44","Omak-Colville Tribe","1","100.0000","88101","PM2.5 - Local Conditions","","","53","Washington","047","Okanogan","48.39999","-119.51896"
"01/10/2020","AQS","530470013","5","15.5","ug/m3 LC","58","Omak-Colville Tribe","1","100.0000","88101","PM2.5 - Local Conditions","","","53","Washington","047","Okanogan","48.39999","-119.51896"
"01/11/2020","AQS","530470013","5","9.9","ug/m3 LC","41","Omak-Colville Tribe","1","100.0000","88101","PM2.5 - Local Conditions","","","53","Washington","047","Okanogan","48.39999","-119.51896"
"01/12/2020","AQS","530470013","5","13.7","ug/m3 LC","54","Omak-Colville Tribe","1","100.0000","88101","PM2.5 - Local Conditions","","","53","Washington","047","Okanogan","48.39999","-119.51896"
"01/13/2020","AQS","530470013","5","5.2","ug/m3 LC","22","Omak-Colville Tribe","1","100.0000","88101","PM2.5 - Local Conditions","","","53","Washington","047","Okanogan","48.39999","-119.51896"
"01/14/2020","AQS","530470013","5","6.2","ug/m3 LC","26","Omak-Colville Tribe","1","100.0000","88101","PM2.5 - Local Conditions","","","53","Washington","047","Okanogan","48.39999","-119.51896"
"01/15/2020","AQS","530470013","5","7.2","ug/m3 LC","30","Omak-Colville Tribe","1","100.0000","88101","PM2.5 - Local Conditions","","","53","Washington","047","Okanogan","48.39999","-119.51896"
"01/16/2020","AQS","530470013","5","11.2","ug/m3 LC","47","Omak-Colville Tribe","1","100.0000","88101","PM2.5 - Local Conditions","","","53","Washington","047","Okanogan","48.39999","-119.51896"
"01/17/2020","AQS","530470013","5","15.5","ug/m3 LC","58","Omak-Colville Tribe","1","100.0000","88101","PM2.5 - Local Conditions","","","53","Washington","047","Okanogan","48.39999","-119.51896"
"01/18/2020","AQS","530470013","5","19","ug/m3 LC","66","Omak-Colville Tribe","1","100.0000","88101","PM2.5 - Local Conditions","","","53","Washington","047","Okanogan","48.39999","-119.51896"
"01/19/2020","AQS","530470013","5","19.2","ug/m3 LC","66","Omak-Colville Tribe","1","100.0000","88101","PM2.5 - Local Conditions","","","53","Washington","047","Okanogan","48.39999","-119.51896"
"01/20/2020","AQS","530470013","5","11.6","ug/m3 LC","48","Omak-Colville Tribe","1","100.0000","88101","PM2.5 - Local Conditions","","","53","Washington","047","Okanogan","48.39999","-119.51896"
"01/21/2020","AQS","530470013","5","13","ug/m3 LC","53","Omak-Colville Tribe","1","100.0000","88101","PM2.5 - Local Conditions","","","53","Washington","047","Okanogan","48.39999","-119.51896"
"01/22/2020","AQS","530470013","5","20.6","ug/m3 LC","69","Omak-Colville Tribe","1","100.0000","88101","PM2.5 - Local Conditions","","","53","Washington","047","Okanogan","48.39999","-119.51896"
"01/23/2020","AQS","530470013","5","14.1","ug/m3 LC","55","Omak-Colville Tribe","1","100.0000","88101","PM2.5 - Local Conditions","","","53","Washington","047","Okanogan","48.39999","-119.51896"
"01/24/2020","AQS","530470013","5","12.3","ug/m3 LC","51","Omak-Colville Tribe","1","100.0000","88101","PM2.5 - Local Conditions","","","53","Washington","047","Okanogan","48.39999","-119.51896"
"01/25/2020","AQS","530470013","5","15.5","ug/m3 LC","58","Omak-Colville Tribe","1","100.0000","88101","PM2.5 - Local Conditions","","","53","Washington","047","Okanogan","48.39999","-119.51896"
"01/26/2020","AQS","530470013","5","15.9","ug/m3 LC","59","Omak-Colville Tribe","1","100.0000","88101","PM2.5 - Local Conditions","","","53","Washington","047","Okanogan","48.39999","-119.51896"
"01/27/2020","AQS","530470013","5","13.7","ug/m3 LC","54","Omak-Colville Tribe","1","100.0000","88101","PM2.5 - Local Conditions","","","53","Washington","047","Okanogan","48.39999","-119.51896"
"01/28/2020","AQS","530470013","5","17.2","ug/m3 LC","62","Omak-Colville Tribe","1","100.0000","88101","PM2.5 - Local Conditions","","","53","Washington","047","Okanogan","48.39999","-119.51896"
"01/29/2020","AQS","530470013","5","12.1","ug/m3 LC","51","Omak-Colville Tribe","1","100.0000","88101","PM2.5 - Local Conditions","","","53","Washington","047","Okanogan","48.39999","-119.51896"
"01/30/2020","AQS","530470013","5","8.5","ug/m3 LC","35","Omak-Colville Tribe","1","100.0000","88101","PM2.5 - Local Conditions","","","53","Washington","047","Okanogan","48.39999","-119.51896"
"01/31/2020","AQS","530470013","5","10.7","ug/m3 LC","45","Omak-Colville Tribe","1","100.0000","88101","PM2.5 - Local Conditions","","","53","Washington","047","Okanogan","48.39999","-119.51896"
"01/01/2020","AQS","530530024","5","4","ug/m3 LC","17","Tacoma-S 36th St","1","100.0000","88101","PM2.5 - Local Conditions","42660","Seattle-Tacoma-Bellevue, WA","53","Washington","053","Pierce","47.22634","-122.46256"
"01/02/2020","AQS","530530024","5","4.2","ug/m3 LC","18","Tacoma-S 36th St","1","100.0000","88101","PM2.5 - Local Conditions","42660","Seattle-Tacoma-Bellevue, WA","53","Washington","053","Pierce","47.22634","-122.46256"
"01/03/2020","AQS","530530024","5","5.1","ug/m3 LC","21","Tacoma-S 36th St","1","100.0000","88101","PM2.5 - Local Conditions","42660","Seattle-Tacoma-Bellevue, WA","53","Washington","053","Pierce","47.22634","-122.46256"
"01/04/2020","AQS","530530024","5","2","ug/m3 LC","8","Tacoma-S 36th St","1","100.0000","88101","PM2.5 - Local Conditions","42660","Seattle-Tacoma-Bellevue, WA","53","Washington","053","Pierce","47.22634","-122.46256"
"01/05/2020","AQS","530530024","5","2.5","ug/m3 LC","10","Tacoma-S 36th St","1","100.0000","88101","PM2.5 - Local Conditions","42660","Seattle-Tacoma-Bellevue, WA","53","Washington","053","Pierce","47.22634","-122.46256"
"01/06/2020","AQS","530530024","5","0.5","ug/m3 LC","2","Tacoma-S 36th St","1","100.0000","88101","PM2.5 - Local Conditions","42660","Seattle-Tacoma-Bellevue, WA","53","Washington","053","Pierce","47.22634","-122.46256"
"01/07/2020","AQS","530530024","5","1.3","ug/m3 LC","5","Tacoma-S 36th St","1","100.0000","88101","PM2.5 - Local Conditions","42660","Seattle-Tacoma-Bellevue, WA","53","Washington","053","Pierce","47.22634","-122.46256"
"01/08/2020","AQS","530530024","5","3.6","ug/m3 LC","15","Tacoma-S 36th St","1","100.0000","88101","PM2.5 - Local Conditions","42660","Seattle-Tacoma-Bellevue, WA","53","Washington","053","Pierce","47.22634","-122.46256"
"01/09/2020","AQS","530530024","5","9.5","ug/m3 LC","40","Tacoma-S 36th St","1","100.0000","88101","PM2.5 - Local Conditions","42660","Seattle-Tacoma-Bellevue, WA","53","Washington","053","Pierce","47.22634","-122.46256"
"01/10/2020","AQS","530530024","5","4.4","ug/m3 LC","18","Tacoma-S 36th St","1","100.0000","88101","PM2.5 - Local Conditions","42660","Seattle-Tacoma-Bellevue, WA","53","Washington","053","Pierce","47.22634","-122.46256"
"01/11/2020","AQS","530530024","5","3.2","ug/m3 LC","13","Tacoma-S 36th St","1","100.0000","88101","PM2.5 - Local Conditions","42660","Seattle-Tacoma-Bellevue, WA","53","Washington","053","Pierce","47.22634","-122.46256"
"01/12/2020","AQS","530530024","5","2.5","ug/m3 LC","10","Tacoma-S 36th St","1","100.0000","88101","PM2.5 - Local Conditions","42660","Seattle-Tacoma-Bellevue, WA","53","Washington","053","Pierce","47.22634","-122.46256"
"01/13/2020","AQS","530530024","5","6.2","ug/m3 LC","26","Tacoma-S 36th St","1","100.0000","88101","PM2.5 - Local Conditions","42660","Seattle-Tacoma-Bellevue, WA","53","Washington","053","Pierce","47.22634","-122.46256"
"01/14/2020","AQS","530530024","5","5.1","ug/m3 LC","21","Tacoma-S 36th St","1","100.0000","88101","PM2.5 - Local Conditions","42660","Seattle-Tacoma-Bellevue, WA","53","Washington","053","Pierce","47.22634","-122.46256"
"01/15/2020","AQS","530530024","5","1.1","ug/m3 LC","5","Tacoma-S 36th St","1","100.0000","88101","PM2.5 - Local Conditions","42660","Seattle-Tacoma-Bellevue, WA","53","Washington","053","Pierce","47.22634","-122.46256"
"01/16/2020","AQS","530530024","5","5","ug/m3 LC","21","Tacoma-S 36th St","1","100.0000","88101","PM2.5 - Local Conditions","42660","Seattle-Tacoma-Bellevue, WA","53","Washington","053","Pierce","47.22634","-122.46256"
"01/17/2020","AQS","530530024","5","5.7","ug/m3 LC","24","Tacoma-S 36th St","1","100.0000","88101","PM2.5 - Local Conditions","42660","Seattle-Tacoma-Bellevue, WA","53","Washington","053","Pierce","47.22634","-122.46256"
"01/18/2020","AQS","530530024","5","3.4","ug/m3 LC","14","Tacoma-S 36th St","1","100.0000","88101","PM2.5 - Local Conditions","42660","Seattle-Tacoma-Bellevue, WA","53","Washington","053","Pierce","47.22634","-122.46256"
"01/19/2020","AQS","530530024","5","7.4","ug/m3 LC","31","Tacoma-S 36th St","1","100.0000","88101","PM2.5 - Local Conditions","42660","Seattle-Tacoma-Bellevue, WA","53","Washington","053","Pierce","47.22634","-122.46256"
"01/20/2020","AQS","530530024","5","9","ug/m3 LC","38","Tacoma-S 36th St","1","100.0000","88101","PM2.5 - Local Conditions","42660","Seattle-Tacoma-Bellevue, WA","53","Washington","053","Pierce","47.22634","-122.46256"
"01/21/2020","AQS","530530024","5","4","ug/m3 LC","17","Tacoma-S 36th St","1","100.0000","88101","PM2.5 - Local Conditions","42660","Seattle-Tacoma-Bellevue, WA","53","Washington","053","Pierce","47.22634","-122.46256"
"01/22/2020","AQS","530530024","5","4.7","ug/m3 LC","20","Tacoma-S 36th St","1","100.0000","88101","PM2.5 - Local Conditions","42660","Seattle-Tacoma-Bellevue, WA","53","Washington","053","Pierce","47.22634","-122.46256"
"01/23/2020","AQS","530530024","5","3.1","ug/m3 LC","13","Tacoma-S 36th St","1","100.0000","88101","PM2.5 - Local Conditions","42660","Seattle-Tacoma-Bellevue, WA","53","Washington","053","Pierce","47.22634","-122.46256"
"01/24/2020","AQS","530530024","5","4.4","ug/m3 LC","18","Tacoma-S 36th St","1","100.0000","88101","PM2.5 - Local Conditions","42660","Seattle-Tacoma-Bellevue, WA","53","Washington","053","Pierce","47.22634","-122.46256"
"01/25/2020","AQS","530530024","5","4.9","ug/m3 LC","20","Tacoma-S 36th St","1","100.0000","88101","PM2.5 - Local Conditions","42660","Seattle-Tacoma-Bellevue, WA","53","Washington","053","Pierce","47.22634","-122.46256"
"01/26/2020","AQS","530530024","5","2.9","ug/m3 LC","12","Tacoma-S 36th St","1","100.0000","88101","PM2.5 - Local Conditions","42660","Seattle-Tacoma-Bellevue, WA","53","Washington","053","Pierce","47.22634","-122.46256"
"01/27/2020","AQS","530530024","5","3.8","ug/m3 LC","16","Tacoma-S 36th St","1","100.0000","88101","PM2.5 - Local Conditions","42660","Seattle-Tacoma-Bellevue, WA","53","Washington","053","Pierce","47.22634","-122.46256"
"01/28/2020","AQS","530530024","5","3.1","ug/m3 LC","13","Tacoma-S 36th St","1","100.0000","88101","PM2.5 - Local Conditions","42660","Seattle-Tacoma-Bellevue, WA","53","Washington","053","Pierce","47.22634","-122.46256"
"01/29/2020","AQS","530530024","5","3.5","ug/m3 LC","15","Tacoma-S 36th St","1","100.0000","88101","PM2.5 - Local Conditions","42660","Seattle-Tacoma-Bellevue, WA","53","Washington","053","Pierce","47.22634","-122.46256"
"01/30/2020","AQS","530530024","5","6.2","ug/m3 LC","26","Tacoma-S 36th St","1","100.0000","88101","PM2.5 - Local Conditions","42660","Seattle-Tacoma-Bellevue, WA","53","Washington","053","Pierce","47.22634","-122.46256"
"01/31/2020","AQS","530530024","5","1.7","ug/m3 LC","7","Tacoma-S 36th St","1","100.0000","88101","PM2.5 - Local Conditions","42660","Seattle-Tacoma-Bellevue, WA","53","Washington","053","Pierce","47.22634","-122.46256"
"02/01/2020","AirNow","530530024","5","3.1","ug/m3 LC","13","Tacoma-S 36th St","1","100.0000","88101","PM2.5 - Local Conditions","42660","Seattle-Tacoma-Bellevue, WA","53","Washington","053","Pierce","47.22634","-122.46256"
"02/02/2020","AirNow","530530024","5","6","ug/m3 LC","25","Tacoma-S 36th St","1","100.0000","88101","PM2.5 - Local Conditions","42660","Seattle-Tacoma-Bellevue, WA","53","Washington","053","Pierce","47.22634","-122.46256"
"02/03/2020","AirNow","530530024","5","7.5","ug/m3 LC","31","Tacoma-S 36th St","1","100.0000","88101","PM2.5 - Local Conditions","42660","Seattle-Tacoma-Bellevue, WA","53","Washington","053","Pierce","47.22634","-122.46256"
"02/04/2020","AirNow","530530024","5","7.7","ug/m3 LC","32","Tacoma-S 36th St","1","100.0000","88101","PM2.5 - Local Conditions","42660","Seattle-Tacoma-Bellevue, WA","53","Washington","053","Pierce","47.22634","-122.46256"
"02/05/2020","AirNow","530530024","5","1.4","ug/m3 LC","6","Tacoma-S 36th St","1","100.0000","88101","PM2.5 - Local Conditions","42660","Seattle-Tacoma-Bellevue, WA","53","Washington","053","Pierce","47.22634","-122.46256"
"02/06/2020","AirNow","530530024","5","1.9","ug/m3 LC","8","Tacoma-S 36th St","1","100.0000","88101","PM2.5 - Local Conditions","42660","Seattle-Tacoma-Bellevue, WA","53","Washington","053","Pierce","47.22634","-122.46256"
"02/07/2020","AirNow","530530024","5","1.1","ug/m3 LC","5","Tacoma-S 36th St","1","100.0000","88101","PM2.5 - Local Conditions","42660","Seattle-Tacoma-Bellevue, WA","53","Washington","053","Pierce","47.22634","-122.46256"
"02/08/2020","AirNow","530530024","5","5","ug/m3 LC","21","Tacoma-S 36th St","1","100.0000","88101","PM2.5 - Local Conditions","42660","Seattle-Tacoma-Bellevue, WA","53","Washington","053","Pierce","47.22634","-122.46256"
"02/09/2020","AirNow","530530024","5","7.5","ug/m3 LC","31","Tacoma-S 36th St","1","100.0000","88101","PM2.5 - Local Conditions","42660","Seattle-Tacoma-Bellevue, WA","53","Washington","053","Pierce","47.22634","-122.46256"
"02/10/2020","AirNow","530530024","5","13.2","ug/m3 LC","53","Tacoma-S 36th St","1","100.0000","88101","PM2.5 - Local Conditions","42660","Seattle-Tacoma-Bellevue, WA","53","Washington","053","Pierce","47.22634","-122.46256"
"02/11/2020","AirNow","530530024","5","6.7","ug/m3 LC","28","Tacoma-S 36th St","1","100.0000","88101","PM2.5 - Local Conditions","42660","Seattle-Tacoma-Bellevue, WA","53","Washington","053","Pierce","47.22634","-122.46256"
"02/12/2020","AirNow","530530024","5","5.3","ug/m3 LC","22","Tacoma-S 36th St","1","100.0000","88101","PM2.5 - Local Conditions","42660","Seattle-Tacoma-Bellevue, WA","53","Washington","053","Pierce","47.22634","-122.46256"
"02/13/2020","AirNow","530530024","5","5.7","ug/m3 LC","24","Tacoma-S 36th St","1","100.0000","88101","PM2.5 - Local Conditions","42660","Seattle-Tacoma-Bellevue, WA","53","Washington","053","Pierce","47.22634","-122.46256"
"02/14/2020","AirNow","530530024","5","3.2","ug/m3 LC","13","Tacoma-S 36th St","1","100.0000","88101","PM2.5 - Local Conditions","42660","Seattle-Tacoma-Bellevue, WA","53","Washington","053","Pierce","47.22634","-122.46256"
"02/15/2020","AirNow","530530024","5","2","ug/m3 LC","8","Tacoma-S 36th St","1","100.0000","88101","PM2.5 - Local Conditions","42660","Seattle-Tacoma-Bellevue, WA","53","Washington","053","Pierce","47.22634","-122.46256"
"02/16/2020","AirNow","530530024","5","3.1","ug/m3 LC","13","Tacoma-S 36th St","1","100.0000","88101","PM2.5 - Local Conditions","42660","Seattle-Tacoma-Bellevue, WA","53","Washington","053","Pierce","47.22634","-122.46256"
"02/17/2020","AirNow","530530024","5","5","ug/m3 LC","21","Tacoma-S 36th St","1","100.0000","88101","PM2.5 - Local Conditions","42660","Seattle-Tacoma-Bellevue, WA","53","Washington","053","Pierce","47.22634","-122.46256"
"02/18/2020","AirNow","530530024","5","5.7","ug/m3 LC","24","Tacoma-S 36th St","1","100.0000","88101","PM2.5 - Local Conditions","42660","Seattle-Tacoma-Bellevue, WA","53","Washington","053","Pierce","47.22634","-122.46256"
"02/19/2020","AirNow","530530024","5","7.4","ug/m3 LC","31","Tacoma-S 36th St","1","100.0000","88101","PM2.5 - Local Conditions","42660","Seattle-Tacoma-Bellevue, WA","53","Washington","053","Pierce","47.22634","-122.46256"
"02/20/2020","AirNow","530530024","5","7","ug/m3 LC","29","Tacoma-S 36th St","1","100.0000","88101","PM2.5 - Local Conditions","42660","Seattle-Tacoma-Bellevue, WA","53","Washington","053","Pierce","47.22634","-122.46256"
"02/21/2020","AirNow","530530024","5","13.1","ug/m3 LC","53","Tacoma-S 36th St","1","100.0000","88101","PM2.5 - Local Conditions","42660","Seattle-Tacoma-Bellevue, WA","53","Washington","053","Pierce","47.22634","-122.46256"
"02/22/2020","AirNow","530530024","5","5.9","ug/m3 LC","25","Tacoma-S 36th St","1","100.0000","88101","PM2.5 - Local Conditions","42660","Seattle-Tacoma-Bellevue, WA","53","Washington","053","Pierce","47.22634","-122.46256"
"02/23/2020","AirNow","530530024","5","5","ug/m3 LC","21","Tacoma-S 36th St","1","100.0000","88101","PM2.5 - Local Conditions","42660","Seattle-Tacoma-Bellevue, WA","53","Washington","053","Pierce","47.22634","-122.46256"
"02/24/2020","AirNow","530530024","5","7.9","ug/m3 LC","33","Tacoma-S 36th St","1","100.0000","88101","PM2.5 - Local Conditions","42660","Seattle-Tacoma-Bellevue, WA","53","Washington","053","Pierce","47.22634","-122.46256"
"02/25/2020","AirNow","530530024","5","10.2","ug/m3 LC","43","Tacoma-S 36th St","1","100.0000","88101","PM2.5 - Local Conditions","42660","Seattle-Tacoma-Bellevue, WA","53","Washington","053","Pierce","47.22634","-122.46256"
"02/26/2020","AirNow","530530024","5","7","ug/m3 LC","29","Tacoma-S 36th St","1","100.0000","88101","PM2.5 - Local Conditions","42660","Seattle-Tacoma-Bellevue, WA","53","Washington","053","Pierce","47.22634","-122.46256"
"02/27/2020","AirNow","530530024","5","6.1","ug/m3 LC","25","Tacoma-S 36th St","1","100.0000","88101","PM2.5 - Local Conditions","42660","Seattle-Tacoma-Bellevue, WA","53","Washington","053","Pierce","47.22634","-122.46256"
"02/28/2020","AirNow","530530024","5","7.6","ug/m3 LC","32","Tacoma-S 36th St","1","100.0000","88101","PM2.5 - Local Conditions","42660","Seattle-Tacoma-Bellevue, WA","53","Washington","053","Pierce","47.22634","-122.46256"
"02/29/2020","AirNow","530530024","5","2.8","ug/m3 LC","12","Tacoma-S 36th St","1","100.0000","88101","PM2.5 - Local Conditions","42660","Seattle-Tacoma-Bellevue, WA","53","Washington","053","Pierce","47.22634","-122.46256"
"03/01/2020","AirNow","530530024","5","6","ug/m3 LC","25","Tacoma-S 36th St","1","100.0000","88101","PM2.5 - Local Conditions","42660","Seattle-Tacoma-Bellevue, WA","53","Washington","053","Pierce","47.22634","-122.46256"
"03/02/2020","AirNow","530530024","5","1.9","ug/m3 LC","8","Tacoma-S 36th St","1","100.0000","88101","PM2.5 - Local Conditions","42660","Seattle-Tacoma-Bellevue, WA","53","Washington","053","Pierce","47.22634","-122.46256"
"03/03/2020","AirNow","530530024","5","1.6","ug/m3 LC","7","Tacoma-S 36th St","1","100.0000","88101","PM2.5 - Local Conditions","42660","Seattle-Tacoma-Bellevue, WA","53","Washington","053","Pierce","47.22634","-122.46256"
"03/04/2020","AirNow","530530024","5","7.5","ug/m3 LC","31","Tacoma-S 36th St","1","100.0000","88101","PM2.5 - Local Conditions","42660","Seattle-Tacoma-Bellevue, WA","53","Washington","053","Pierce","47.22634","-122.46256"
"03/05/2020","AirNow","530530024","5","8.4","ug/m3 LC","35","Tacoma-S 36th St","1","100.0000","88101","PM2.5 - Local Conditions","42660","Seattle-Tacoma-Bellevue, WA","53","Washington","053","Pierce","47.22634","-122.46256"
"03/06/2020","AirNow","530530024","5","4.7","ug/m3 LC","20","Tacoma-S 36th St","1","100.0000","88101","PM2.5 - Local Conditions","42660","Seattle-Tacoma-Bellevue, WA","53","Washington","053","Pierce","47.22634","-122.46256"
"03/07/2020","AirNow","530530024","5","5.2","ug/m3 LC","22","Tacoma-S 36th St","1","100.0000","88101","PM2.5 - Local Conditions","42660","Seattle-Tacoma-Bellevue, WA","53","Washington","053","Pierce","47.22634","-122.46256"
"03/08/2020","AirNow","530530024","5","4.1","ug/m3 LC","17","Tacoma-S 36th St","1","100.0000","88101","PM2.5 - Local Conditions","42660","Seattle-Tacoma-Bellevue, WA","53","Washington","053","Pierce","47.22634","-122.46256"
"03/09/2020","AirNow","530530024","5","7.2","ug/m3 LC","30","Tacoma-S 36th St","1","100.0000","88101","PM2.5 - Local Conditions","42660","Seattle-Tacoma-Bellevue, WA","53","Washington","053","Pierce","47.22634","-122.46256"
"03/10/2020","AirNow","530530024","5","6.3","ug/m3 LC","26","Tacoma-S 36th St","1","100.0000","88101","PM2.5 - Local Conditions","42660","Seattle-Tacoma-Bellevue, WA","53","Washington","053","Pierce","47.22634","-122.46256"
"03/11/2020","AirNow","530530024","5","3.2","ug/m3 LC","13","Tacoma-S 36th St","1","100.0000","88101","PM2.5 - Local Conditions","42660","Seattle-Tacoma-Bellevue, WA","53","Washington","053","Pierce","47.22634","-122.46256"
"03/12/2020","AirNow","530530024","5","5.6","ug/m3 LC","23","Tacoma-S 36th St","1","100.0000","88101","PM2.5 - Local Conditions","42660","Seattle-Tacoma-Bellevue, WA","53","Washington","053","Pierce","47.22634","-122.46256"
"03/13/2020","AirNow","530530024","5","4.5","ug/m3 LC","19","Tacoma-S 36th St","1","100.0000","88101","PM2.5 - Local Conditions","42660","Seattle-Tacoma-Bellevue, WA","53","Washington","053","Pierce","47.22634","-122.46256"
"03/14/2020","AirNow","530530024","5","4.8","ug/m3 LC","20","Tacoma-S 36th St","1","100.0000","88101","PM2.5 - Local Conditions","42660","Seattle-Tacoma-Bellevue, WA","53","Washington","053","Pierce","47.22634","-122.46256"
"03/15/2020","AirNow","530530024","5","4.2","ug/m3 LC","18","Tacoma-S 36th St","1","100.0000","88101","PM2.5 - Local Conditions","42660","Seattle-Tacoma-Bellevue, WA","53","Washington","053","Pierce","47.22634","-122.46256"
"03/16/2020","AirNow","530530024","5","4.4","ug/m3 LC","18","Tacoma-S 36th St","1","100.0000","88101","PM2.5 - Local Conditions","42660","Seattle-Tacoma-Bellevue, WA","53","Washington","053","Pierce","47.22634","-122.46256"
"03/17/2020","AirNow","530530024","5","11.1","ug/m3 LC","46","Tacoma-S 36th St","1","100.0000","88101","PM2.5 - Local Conditions","42660","Seattle-Tacoma-Bellevue, WA","53","Washington","053","Pierce","47.22634","-122.46256"
"03/18/2020","AirNow","530530024","5","12.8","ug/m3 LC","52","Tacoma-S 36th St","1","100.0000","88101","PM2.5 - Local Conditions","42660","Seattle-Tacoma-Bellevue, WA","53","Washington","053","Pierce","47.22634","-122.46256"
"03/19/2020","AirNow","530530024","5","14.2","ug/m3 LC","55","Tacoma-S 36th St","1","100.0000","88101","PM2.5 - Local Conditions","42660","Seattle-Tacoma-Bellevue, WA","53","Washington","053","Pierce","47.22634","-122.46256"
"03/20/2020","AirNow","530530024","5","19.5","ug/m3 LC","67","Tacoma-S 36th St","1","100.0000","88101","PM2.5 - Local Conditions","42660","Seattle-Tacoma-Bellevue, WA","53","Washington","053","Pierce","47.22634","-122.46256"
"03/21/2020","AirNow","530530024","5","11.4","ug/m3 LC","48","Tacoma-S 36th St","1","100.0000","88101","PM2.5 - Local Conditions","42660","Seattle-Tacoma-Bellevue, WA","53","Washington","053","Pierce","47.22634","-122.46256"
"03/22/2020","AirNow","530530024","5","16.6","ug/m3 LC","60","Tacoma-S 36th St","1","100.0000","88101","PM2.5 - Local Conditions","42660","Seattle-Tacoma-Bellevue, WA","53","Washington","053","Pierce","47.22634","-122.46256"
"03/23/2020","AirNow","530530024","5","2.7","ug/m3 LC","11","Tacoma-S 36th St","1","100.0000","88101","PM2.5 - Local Conditions","42660","Seattle-Tacoma-Bellevue, WA","53","Washington","053","Pierce","47.22634","-122.46256"
"03/24/2020","AirNow","530530024","5","2.2","ug/m3 LC","9","Tacoma-S 36th St","1","100.0000","88101","PM2.5 - Local Conditions","42660","Seattle-Tacoma-Bellevue, WA","53","Washington","053","Pierce","47.22634","-122.46256"
"03/25/2020","AirNow","530530024","5","3.3","ug/m3 LC","14","Tacoma-S 36th St","1","100.0000","88101","PM2.5 - Local Conditions","42660","Seattle-Tacoma-Bellevue, WA","53","Washington","053","Pierce","47.22634","-122.46256"
"03/26/2020","AirNow","530530024","5","6","ug/m3 LC","25","Tacoma-S 36th St","1","100.0000","88101","PM2.5 - Local Conditions","42660","Seattle-Tacoma-Bellevue, WA","53","Washington","053","Pierce","47.22634","-122.46256"
"03/27/2020","AirNow","530530024","5","5.1","ug/m3 LC","21","Tacoma-S 36th St","1","100.0000","88101","PM2.5 - Local Conditions","42660","Seattle-Tacoma-Bellevue, WA","53","Washington","053","Pierce","47.22634","-122.46256"
"03/28/2020","AirNow","530530024","5","1.9","ug/m3 LC","8","Tacoma-S 36th St","1","100.0000","88101","PM2.5 - Local Conditions","42660","Seattle-Tacoma-Bellevue, WA","53","Washington","053","Pierce","47.22634","-122.46256"
"03/29/2020","AirNow","530530024","5","0.5","ug/m3 LC","2","Tacoma-S 36th St","1","100.0000","88101","PM2.5 - Local Conditions","42660","Seattle-Tacoma-Bellevue, WA","53","Washington","053","Pierce","47.22634","-122.46256"
"03/30/2020","AirNow","530530024","5","1.9","ug/m3 LC","8","Tacoma-S 36th St","1","100.0000","88101","PM2.5 - Local Conditions","42660","Seattle-Tacoma-Bellevue, WA","53","Washington","053","Pierce","47.22634","-122.46256"
"03/31/2020","AirNow","530530024","5","2.3","ug/m3 LC","10","Tacoma-S 36th St","1","100.0000","88101","PM2.5 - Local Conditions","42660","Seattle-Tacoma-Bellevue, WA","53","Washington","053","Pierce","47.22634","-122.46256"
"04/01/2020","AirNow","530530024","5","3.5","ug/m3 LC","15","Tacoma-S 36th St","1","100.0000","88101","PM2.5 - Local Conditions","42660","Seattle-Tacoma-Bellevue, WA","53","Washington","053","Pierce","47.22634","-122.46256"
"04/02/2020","AirNow","530530024","5","4","ug/m3 LC","17","Tacoma-S 36th St","1","100.0000","88101","PM2.5 - Local Conditions","42660","Seattle-Tacoma-Bellevue, WA","53","Washington","053","Pierce","47.22634","-122.46256"
"04/03/2020","AirNow","530530024","5","3.1","ug/m3 LC","13","Tacoma-S 36th St","1","100.0000","88101","PM2.5 - Local Conditions","42660","Seattle-Tacoma-Bellevue, WA","53","Washington","053","Pierce","47.22634","-122.46256"
"04/04/2020","AirNow","530530024","5","4.2","ug/m3 LC","18","Tacoma-S 36th St","1","100.0000","88101","PM2.5 - Local Conditions","42660","Seattle-Tacoma-Bellevue, WA","53","Washington","053","Pierce","47.22634","-122.46256"
"04/05/2020","AirNow","530530024","5","4","ug/m3 LC","17","Tacoma-S 36th St","1","100.0000","88101","PM2.5 - Local Conditions","42660","Seattle-Tacoma-Bellevue, WA","53","Washington","053","Pierce","47.22634","-122.46256"
"04/06/2020","AirNow","530530024","5","6.4","ug/m3 LC","27","Tacoma-S 36th St","1","100.0000","88101","PM2.5 - Local Conditions","42660","Seattle-Tacoma-Bellevue, WA","53","Washington","053","Pierce","47.22634","-122.46256"
"04/07/2020","AirNow","530530024","5","7","ug/m3 LC","29","Tacoma-S 36th St","1","100.0000","88101","PM2.5 - Local Conditions","42660","Seattle-Tacoma-Bellevue, WA","53","Washington","053","Pierce","47.22634","-122.46256"
"04/08/2020","AirNow","530530024","5","11","ug/m3 LC","46","Tacoma-S 36th St","1","100.0000","88101","PM2.5 - Local Conditions","42660","Seattle-Tacoma-Bellevue, WA","53","Washington","053","Pierce","47.22634","-122.46256"
"04/09/2020","AirNow","530530024","5","11.3","ug/m3 LC","47","Tacoma-S 36th St","1","100.0000","88101","PM2.5 - Local Conditions","42660","Seattle-Tacoma-Bellevue, WA","53","Washington","053","Pierce","47.22634","-122.46256"
"04/10/2020","AirNow","530530024","5","10.2","ug/m3 LC","43","Tacoma-S 36th St","1","100.0000","88101","PM2.5 - Local Conditions","42660","Seattle-Tacoma-Bellevue, WA","53","Washington","053","Pierce","47.22634","-122.46256"
"04/11/2020","AirNow","530530024","5","6.3","ug/m3 LC","26","Tacoma-S 36th St","1","100.0000","88101","PM2.5 - Local Conditions","42660","Seattle-Tacoma-Bellevue, WA","53","Washington","053","Pierce","47.22634","-122.46256"
"04/12/2020","AirNow","530530024","5","10.5","ug/m3 LC","44","Tacoma-S 36th St","1","100.0000","88101","PM2.5 - Local Conditions","42660","Seattle-Tacoma-Bellevue, WA","53","Washington","053","Pierce","47.22634","-122.46256"
"04/13/2020","AirNow","530530024","5","5.5","ug/m3 LC","23","Tacoma-S 36th St","1","100.0000","88101","PM2.5 - Local Conditions","42660","Seattle-Tacoma-Bellevue, WA","53","Washington","053","Pierce","47.22634","-122.46256"
"04/14/2020","AirNow","530530024","5","6.5","ug/m3 LC","27","Tacoma-S 36th St","1","100.0000","88101","PM2.5 - Local Conditions","42660","Seattle-Tacoma-Bellevue, WA","53","Washington","053","Pierce","47.22634","-122.46256"
"04/15/2020","AirNow","530530024","5","3.2","ug/m3 LC","13","Tacoma-S 36th St","1","100.0000","88101","PM2.5 - Local Conditions","42660","Seattle-Tacoma-Bellevue, WA","53","Washington","053","Pierce","47.22634","-122.46256"
"04/16/2020","AirNow","530530024","5","4.5","ug/m3 LC","19","Tacoma-S 36th St","1","100.0000","88101","PM2.5 - Local Conditions","42660","Seattle-Tacoma-Bellevue, WA","53","Washington","053","Pierce","47.22634","-122.46256"
"04/17/2020","AirNow","530530024","5","7.5","ug/m3 LC","31","Tacoma-S 36th St","1","100.0000","88101","PM2.5 - Local Conditions","42660","Seattle-Tacoma-Bellevue, WA","53","Washington","053","Pierce","47.22634","-122.46256"
"04/18/2020","AirNow","530530024","5","5.4","ug/m3 LC","23","Tacoma-S 36th St","1","100.0000","88101","PM2.5 - Local Conditions","42660","Seattle-Tacoma-Bellevue, WA","53","Washington","053","Pierce","47.22634","-122.46256"
"04/19/2020","AirNow","530530024","5","1.5","ug/m3 LC","6","Tacoma-S 36th St","1","100.0000","88101","PM2.5 - Local Conditions","42660","Seattle-Tacoma-Bellevue, WA","53","Washington","053","Pierce","47.22634","-122.46256"
"04/20/2020","AirNow","530530024","5","5.6","ug/m3 LC","23","Tacoma-S 36th St","1","100.0000","88101","PM2.5 - Local Conditions","42660","Seattle-Tacoma-Bellevue, WA","53","Washington","053","Pierce","47.22634","-122.46256"
"04/21/2020","AirNow","530530024","5","1.3","ug/m3 LC","5","Tacoma-S 36th St","1","100.0000","88101","PM2.5 - Local Conditions","42660","Seattle-Tacoma-Bellevue, WA","53","Washington","053","Pierce","47.22634","-122.46256"
"04/22/2020","AirNow","530530024","5","2.9","ug/m3 LC","12","Tacoma-S 36th St","1","100.0000","88101","PM2.5 - Local Conditions","42660","Seattle-Tacoma-Bellevue, WA","53","Washington","053","Pierce","47.22634","-122.46256"
"04/23/2020","AirNow","530530024","5","2.5","ug/m3 LC","10","Tacoma-S 36th St","1","100.0000","88101","PM2.5 - Local Conditions","42660","Seattle-Tacoma-Bellevue, WA","53","Washington","053","Pierce","47.22634","-122.46256"
"04/24/2020","AirNow","530530024","5","6.5","ug/m3 LC","27","Tacoma-S 36th St","1","100.0000","88101","PM2.5 - Local Conditions","42660","Seattle-Tacoma-Bellevue, WA","53","Washington","053","Pierce","47.22634","-122.46256"
"04/25/2020","AirNow","530530024","5","6.7","ug/m3 LC","28","Tacoma-S 36th St","1","100.0000","88101","PM2.5 - Local Conditions","42660","Seattle-Tacoma-Bellevue, WA","53","Washington","053","Pierce","47.22634","-122.46256"
"04/26/2020","AirNow","530530024","5","5.5","ug/m3 LC","23","Tacoma-S 36th St","1","100.0000","88101","PM2.5 - Local Conditions","42660","Seattle-Tacoma-Bellevue, WA","53","Washington","053","Pierce","47.22634","-122.46256"
"04/27/2020","AirNow","530530024","5","3.1","ug/m3 LC","13","Tacoma-S 36th St","1","100.0000","88101","PM2.5 - Local Conditions","42660","Seattle-Tacoma-Bellevue, WA","53","Washington","053","Pierce","47.22634","-122.46256"
"04/28/2020","AirNow","530530024","5","7","ug/m3 LC","29","Tacoma-S 36th St","1","100.0000","88101","PM2.5 - Local Conditions","42660","Seattle-Tacoma-Bellevue, WA","53","Washington","053","Pierce","47.22634","-122.46256"
"04/29/2020","AirNow","530530024","5","5.6","ug/m3 LC","23","Tacoma-S 36th St","1","100.0000","88101","PM2.5 - Local Conditions","42660","Seattle-Tacoma-Bellevue, WA","53","Washington","053","Pierce","47.22634","-122.46256"
"04/30/2020","AirNow","530530024","5","2.7","ug/m3 LC","11","Tacoma-S 36th St","1","100.0000","88101","PM2.5 - Local Conditions","42660","Seattle-Tacoma-Bellevue, WA","53","Washington","053","Pierce","47.22634","-122.46256"
"05/01/2020","AirNow","530530024","5","5.3","ug/m3 LC","22","Tacoma-S 36th St","1","100.0000","88101","PM2.5 - Local Conditions","42660","Seattle-Tacoma-Bellevue, WA","53","Washington","053","Pierce","47.22634","-122.46256"
"05/02/2020","AirNow","530530024","5","7.2","ug/m3 LC","30","Tacoma-S 36th St","1","100.0000","88101","PM2.5 - Local Conditions","42660","Seattle-Tacoma-Bellevue, WA","53","Washington","053","Pierce","47.22634","-122.46256"
"01/01/2020","AQS","530530024","6","2.3","ug/m3 LC","10","Tacoma-S 36th St","1","100.0000","88101","PM2.5 - Local Conditions","42660","Seattle-Tacoma-Bellevue, WA","53","Washington","053","Pierce","47.22634","-122.46256"
"01/02/2020","AQS","530530024","6","3.9","ug/m3 LC","16","Tacoma-S 36th St","1","100.0000","88101","PM2.5 - Local Conditions","42660","Seattle-Tacoma-Bellevue, WA","53","Washington","053","Pierce","47.22634","-122.46256"
"01/03/2020","AQS","530530024","6","2.8","ug/m3 LC","12","Tacoma-S 36th St","1","100.0000","88101","PM2.5 - Local Conditions","42660","Seattle-Tacoma-Bellevue, WA","53","Washington","053","Pierce","47.22634","-122.46256"
"01/04/2020","AQS","530530024","6","3.1","ug/m3 LC","13","Tacoma-S 36th St","1","100.0000","88101","PM2.5 - Local Conditions","42660","Seattle-Tacoma-Bellevue, WA","53","Washington","053","Pierce","47.22634","-122.46256"
"01/05/2020","AQS","530530024","6","1.5","ug/m3 LC","6","Tacoma-S 36th St","1","100.0000","88101","PM2.5 - Local Conditions","42660","Seattle-Tacoma-Bellevue, WA","53","Washington","053","Pierce","47.22634","-122.46256"
"01/06/2020","AQS","530530024","6","0.5","ug/m3 LC","2","Tacoma-S 36th St","1","100.0000","88101","PM2.5 - Local Conditions","42660","Seattle-Tacoma-Bellevue, WA","53","Washington","053","Pierce","47.22634","-122.46256"
"01/07/2020","AQS","530530024","6","0.9","ug/m3 LC","4","Tacoma-S 36th St","1","100.0000","88101","PM2.5 - Local Conditions","42660","Seattle-Tacoma-Bellevue, WA","53","Washington","053","Pierce","47.22634","-122.46256"
"01/08/2020","AQS","530530024","6","3.5","ug/m3 LC","15","Tacoma-S 36th St","1","100.0000","88101","PM2.5 - Local Conditions","42660","Seattle-Tacoma-Bellevue, WA","53","Washington","053","Pierce","47.22634","-122.46256"
"01/09/2020","AQS","530530024","6","9.7","ug/m3 LC","40","Tacoma-S 36th St","1","100.0000","88101","PM2.5 - Local Conditions","42660","Seattle-Tacoma-Bellevue, WA","53","Washington","053","Pierce","47.22634","-122.46256"
"01/10/2020","AQS","530530024","6","3.2","ug/m3 LC","13","Tacoma-S 36th St","1","100.0000","88101","PM2.5 - Local Conditions","42660","Seattle-Tacoma-Bellevue, WA","53","Washington","053","Pierce","47.22634","-122.46256"
"01/11/2020","AQS","530530024","6","2.6","ug/m3 LC","11","Tacoma-S 36th St","1","100.0000","88101","PM2.5 - Local Conditions","42660","Seattle-Tacoma-Bellevue, WA","53","Washington","053","Pierce","47.22634","-122.46256"
"01/12/2020","AQS","530530024","6","1.8","ug/m3 LC","8","Tacoma-S 36th St","1","100.0000","88101","PM2.5 - Local Conditions","42660","Seattle-Tacoma-Bellevue, WA","53","Washington","053","Pierce","47.22634","-122.46256"
"01/13/2020","AQS","530530024","6","5.6","ug/m3 LC","23","Tacoma-S 36th St","1","100.0000","88101","PM2.5 - Local Conditions","42660","Seattle-Tacoma-Bellevue, WA","53","Washington","053","Pierce","47.22634","-122.46256"
"01/14/2020","AQS","530530024","6","4.3","ug/m3 LC","18","Tacoma-S 36th St","1","100.0000","88101","PM2.5 - Local Conditions","42660","Seattle-Tacoma-Bellevue, WA","53","Washington","053","Pierce","47.22634","-122.46256"
"01/15/2020","AQS","530530024","6","1.2","ug/m3 LC","5","Tacoma-S 36th St","1","100.0000","88101","PM2.5 - Local Conditions","42660","Seattle-Tacoma-Bellevue, WA","53","Washington","053","Pierce","47.22634","-122.46256"
"01/16/2020","AQS","530530024","6","4.2","ug/m3 LC","18","Tacoma-S 36th St","1","100.0000","88101","PM2.5 - Local Conditions","42660","Seattle-Tacoma-Bellevue, WA","53","Washington","053","Pierce","47.22634","-122.46256"
"01/17/2020","AQS","530530024","6","7","ug/m3 LC","29","Tacoma-S 36th St","1","100.0000","88101","PM2.5 - Local Conditions","42660","Seattle-Tacoma-Bellevue, WA","53","Washington","053","Pierce","47.22634","-122.46256"
"01/18/2020","AQS","530530024","6","4.3","ug/m3 LC","18","Tacoma-S 36th St","1","100.0000","88101","PM2.5 - Local Conditions","42660","Seattle-Tacoma-Bellevue, WA","53","Washington","053","Pierce","47.22634","-122.46256"
"01/19/2020","AQS","530530024","6","7.6","ug/m3 LC","32","Tacoma-S 36th St","1","100.0000","88101","PM2.5 - Local Conditions","42660","Seattle-Tacoma-Bellevue, WA","53","Washington","053","Pierce","47.22634","-122.46256"
"01/20/2020","AQS","530530024","6","8.4","ug/m3 LC","35","Tacoma-S 36th St","1","100.0000","88101","PM2.5 - Local Conditions","42660","Seattle-Tacoma-Bellevue, WA","53","Washington","053","Pierce","47.22634","-122.46256"
"01/21/2020","AQS","530530024","6","4.2","ug/m3 LC","18","Tacoma-S 36th St","1","100.0000","88101","PM2.5 - Local Conditions","42660","Seattle-Tacoma-Bellevue, WA","53","Washington","053","Pierce","47.22634","-122.46256"
"01/22/2020","AQS","530530024","6","3.5","ug/m3 LC","15","Tacoma-S 36th St","1","100.0000","88101","PM2.5 - Local Conditions","42660","Seattle-Tacoma-Bellevue, WA","53","Washington","053","Pierce","47.22634","-122.46256"
"01/23/2020","AQS","530530024","6","2.4","ug/m3 LC","10","Tacoma-S 36th St","1","100.0000","88101","PM2.5 - Local Conditions","42660","Seattle-Tacoma-Bellevue, WA","53","Washington","053","Pierce","47.22634","-122.46256"
"01/24/2020","AQS","530530024","6","3.1","ug/m3 LC","13","Tacoma-S 36th St","1","100.0000","88101","PM2.5 - Local Conditions","42660","Seattle-Tacoma-Bellevue, WA","53","Washington","053","Pierce","47.22634","-122.46256"
"01/25/2020","AQS","530530024","6","4.3","ug/m3 LC","18","Tacoma-S 36th St","1","100.0000","88101","PM2.5 - Local Conditions","42660","Seattle-Tacoma-Bellevue, WA","53","Washington","053","Pierce","47.22634","-122.46256"
"01/26/2020","AQS","530530024","6","3.5","ug/m3 LC","15","Tacoma-S 36th St","1","100.0000","88101","PM2.5 - Local Conditions","42660","Seattle-Tacoma-Bellevue, WA","53","Washington","053","Pierce","47.22634","-122.46256"
"01/27/2020","AQS","530530024","6","2.5","ug/m3 LC","10","Tacoma-S 36th St","1","100.0000","88101","PM2.5 - Local Conditions","42660","Seattle-Tacoma-Bellevue, WA","53","Washington","053","Pierce","47.22634","-122.46256"
"01/28/2020","AQS","530530024","6","2.7","ug/m3 LC","11","Tacoma-S 36th St","1","100.0000","88101","PM2.5 - Local Conditions","42660","Seattle-Tacoma-Bellevue, WA","53","Washington","053","Pierce","47.22634","-122.46256"
"01/29/2020","AQS","530530024","6","2.5","ug/m3 LC","10","Tacoma-S 36th St","1","100.0000","88101","PM2.5 - Local Conditions","42660","Seattle-Tacoma-Bellevue, WA","53","Washington","053","Pierce","47.22634","-122.46256"
"01/30/2020","AQS","530530024","6","6.7","ug/m3 LC","28","Tacoma-S 36th St","1","100.0000","88101","PM2.5 - Local Conditions","42660","Seattle-Tacoma-Bellevue, WA","53","Washington","053","Pierce","47.22634","-122.46256"
"01/31/2020","AQS","530530024","6","1.4","ug/m3 LC","6","Tacoma-S 36th St","1","100.0000","88101","PM2.5 - Local Conditions","42660","Seattle-Tacoma-Bellevue, WA","53","Washington","053","Pierce","47.22634","-122.46256"
"01/01/2020","AQS","530530029","1","2.2","ug/m3 LC","9","TACOMA - L STREET","1","100.0000","88101","PM2.5 - Local Conditions","42660","Seattle-Tacoma-Bellevue, WA","53","Washington","053","Pierce","47.1864","-122.4517"
"01/02/2020","AQS","530530029","1","4.5","ug/m3 LC","19","TACOMA - L STREET","1","100.0000","88101","PM2.5 - Local Conditions","42660","Seattle-Tacoma-Bellevue, WA","53","Washington","053","Pierce","47.1864","-122.4517"
"01/03/2020","AQS","530530029","1","4.6","ug/m3 LC","19","TACOMA - L STREET","1","100.0000","88101","PM2.5 - Local Conditions","42660","Seattle-Tacoma-Bellevue, WA","53","Washington","053","Pierce","47.1864","-122.4517"
"01/04/2020","AQS","530530029","1","3.1","ug/m3 LC","13","TACOMA - L STREET","1","100.0000","88101","PM2.5 - Local Conditions","42660","Seattle-Tacoma-Bellevue, WA","53","Washington","053","Pierce","47.1864","-122.4517"
"01/05/2020","AQS","530530029","1","2.7","ug/m3 LC","11","TACOMA - L STREET","1","100.0000","88101","PM2.5 - Local Conditions","42660","Seattle-Tacoma-Bellevue, WA","53","Washington","053","Pierce","47.1864","-122.4517"
"01/06/2020","AQS","530530029","1","1","ug/m3 LC","4","TACOMA - L STREET","1","100.0000","88101","PM2.5 - Local Conditions","42660","Seattle-Tacoma-Bellevue, WA","53","Washington","053","Pierce","47.1864","-122.4517"
"01/07/2020","AQS","530530029","1","0.9","ug/m3 LC","4","TACOMA - L STREET","1","100.0000","88101","PM2.5 - Local Conditions","42660","Seattle-Tacoma-Bellevue, WA","53","Washington","053","Pierce","47.1864","-122.4517"
"01/08/2020","AQS","530530029","1","3.7","ug/m3 LC","15","TACOMA - L STREET","1","100.0000","88101","PM2.5 - Local Conditions","42660","Seattle-Tacoma-Bellevue, WA","53","Washington","053","Pierce","47.1864","-122.4517"
"01/09/2020","AQS","530530029","1","15.8","ug/m3 LC","59","TACOMA - L STREET","1","100.0000","88101","PM2.5 - Local Conditions","42660","Seattle-Tacoma-Bellevue, WA","53","Washington","053","Pierce","47.1864","-122.4517"
"01/10/2020","AQS","530530029","1","3.5","ug/m3 LC","15","TACOMA - L STREET","1","100.0000","88101","PM2.5 - Local Conditions","42660","Seattle-Tacoma-Bellevue, WA","53","Washington","053","Pierce","47.1864","-122.4517"
"01/11/2020","AQS","530530029","1","3.5","ug/m3 LC","15","TACOMA - L STREET","1","100.0000","88101","PM2.5 - Local Conditions","42660","Seattle-Tacoma-Bellevue, WA","53","Washington","053","Pierce","47.1864","-122.4517"
"01/12/2020","AQS","530530029","1","2.8","ug/m3 LC","12","TACOMA - L STREET","1","100.0000","88101","PM2.5 - Local Conditions","42660","Seattle-Tacoma-Bellevue, WA","53","Washington","053","Pierce","47.1864","-122.4517"
"01/13/2020","AQS","530530029","1","5.3","ug/m3 LC","22","TACOMA - L STREET","1","100.0000","88101","PM2.5 - Local Conditions","42660","Seattle-Tacoma-Bellevue, WA","53","Washington","053","Pierce","47.1864","-122.4517"
"01/15/2020","AQS","530530029","1","2","ug/m3 LC","8","TACOMA - L STREET","1","100.0000","88101","PM2.5 - Local Conditions","42660","Seattle-Tacoma-Bellevue, WA","53","Washington","053","Pierce","47.1864","-122.4517"
"01/16/2020","AQS","530530029","1","3.6","ug/m3 LC","15","TACOMA - L STREET","1","100.0000","88101","PM2.5 - Local Conditions","42660","Seattle-Tacoma-Bellevue, WA","53","Washington","053","Pierce","47.1864","-122.4517"
"01/17/2020","AQS","530530029","1","8.8","ug/m3 LC","37","TACOMA - L STREET","1","100.0000","88101","PM2.5 - Local Conditions","42660","Seattle-Tacoma-Bellevue, WA","53","Washington","053","Pierce","47.1864","-122.4517"
"01/18/2020","AQS","530530029","1","4.2","ug/m3 LC","18","TACOMA - L STREET","1","100.0000","88101","PM2.5 - Local Conditions","42660","Seattle-Tacoma-Bellevue, WA","53","Washington","053","Pierce","47.1864","-122.4517"
"01/19/2020","AQS","530530029","1","10","ug/m3 LC","42","TACOMA - L STREET","1","100.0000","88101","PM2.5 - Local Conditions","42660","Seattle-Tacoma-Bellevue, WA","53","Washington","053","Pierce","47.1864","-122.4517"
"01/20/2020","AQS","530530029","1","12.2","ug/m3 LC","51","TACOMA - L STREET","1","100.0000","88101","PM2.5 - Local Conditions","42660","Seattle-Tacoma-Bellevue, WA","53","Washington","053","Pierce","47.1864","-122.4517"
"01/21/2020","AQS","530530029","1","3.6","ug/m3 LC","15","TACOMA - L STREET","1","100.0000","88101","PM2.5 - Local Conditions","42660","Seattle-Tacoma-Bellevue, WA","53","Washington","053","Pierce","47.1864","-122.4517"
"01/22/2020","AQS","530530029","1","4.5","ug/m3 LC","19","TACOMA - L STREET","1","100.0000","88101","PM2.5 - Local Conditions","42660","Seattle-Tacoma-Bellevue, WA","53","Washington","053","Pierce","47.1864","-122.4517"
"01/23/2020","AQS","530530029","1","2","ug/m3 LC","8","TACOMA - L STREET","1","100.0000","88101","PM2.5 - Local Conditions","42660","Seattle-Tacoma-Bellevue, WA","53","Washington","053","Pierce","47.1864","-122.4517"
"01/24/2020","AQS","530530029","1","2.5","ug/m3 LC","10","TACOMA - L STREET","1","100.0000","88101","PM2.5 - Local Conditions","42660","Seattle-Tacoma-Bellevue, WA","53","Washington","053","Pierce","47.1864","-122.4517"
"01/25/2020","AQS","530530029","1","4.4","ug/m3 LC","18","TACOMA - L STREET","1","100.0000","88101","PM2.5 - Local Conditions","42660","Seattle-Tacoma-Bellevue, WA","53","Washington","053","Pierce","47.1864","-122.4517"
"01/26/2020","AQS","530530029","1","3.5","ug/m3 LC","15","TACOMA - L STREET","1","100.0000","88101","PM2.5 - Local Conditions","42660","Seattle-Tacoma-Bellevue, WA","53","Washington","053","Pierce","47.1864","-122.4517"
"01/27/2020","AQS","530530029","1","2.7","ug/m3 LC","11","TACOMA - L STREET","1","100.0000","88101","PM2.5 - Local Conditions","42660","Seattle-Tacoma-Bellevue, WA","53","Washington","053","Pierce","47.1864","-122.4517"
"01/28/2020","AQS","530530029","1","3.6","ug/m3 LC","15","TACOMA - L STREET","1","100.0000","88101","PM2.5 - Local Conditions","42660","Seattle-Tacoma-Bellevue, WA","53","Washington","053","Pierce","47.1864","-122.4517"
"01/29/2020","AQS","530530029","1","3.9","ug/m3 LC","16","TACOMA - L STREET","1","100.0000","88101","PM2.5 - Local Conditions","42660","Seattle-Tacoma-Bellevue, WA","53","Washington","053","Pierce","47.1864","-122.4517"
"01/30/2020","AQS","530530029","1","5.8","ug/m3 LC","24","TACOMA - L STREET","1","100.0000","88101","PM2.5 - Local Conditions","42660","Seattle-Tacoma-Bellevue, WA","53","Washington","053","Pierce","47.1864","-122.4517"
"01/31/2020","AQS","530530029","1","1.5","ug/m3 LC","6","TACOMA - L STREET","1","100.0000","88101","PM2.5 - Local Conditions","42660","Seattle-Tacoma-Bellevue, WA","53","Washington","053","Pierce","47.1864","-122.4517"
"01/04/2020","AQS","530530029","2","3.2","ug/m3 LC","13","TACOMA - L STREET","1","100.0000","88101","PM2.5 - Local Conditions","42660","Seattle-Tacoma-Bellevue, WA","53","Washington","053","Pierce","47.1864","-122.4517"
"01/16/2020","AQS","530530029","2","3.7","ug/m3 LC","15","TACOMA - L STREET","1","100.0000","88101","PM2.5 - Local Conditions","42660","Seattle-Tacoma-Bellevue, WA","53","Washington","053","Pierce","47.1864","-122.4517"
"01/28/2020","AQS","530530029","2","3.9","ug/m3 LC","16","TACOMA - L STREET","1","100.0000","88101","PM2.5 - Local Conditions","42660","Seattle-Tacoma-Bellevue, WA","53","Washington","053","Pierce","47.1864","-122.4517"
"01/01/2020","AirNow","530530029","4","2.6","ug/m3 LC","11","TACOMA - L STREET","1","100.0000","88502","Acceptable PM2.5 AQI & Speciation Mass","42660","Seattle-Tacoma-Bellevue, WA","53","Washington","053","Pierce","47.1864","-122.4517"
"01/02/2020","AirNow","530530029","4","4.5","ug/m3 LC","19","TACOMA - L STREET","1","100.0000","88502","Acceptable PM2.5 AQI & Speciation Mass","42660","Seattle-Tacoma-Bellevue, WA","53","Washington","053","Pierce","47.1864","-122.4517"
"01/03/2020","AirNow","530530029","4","3.6","ug/m3 LC","15","TACOMA - L STREET","1","100.0000","88502","Acceptable PM2.5 AQI & Speciation Mass","42660","Seattle-Tacoma-Bellevue, WA","53","Washington","053","Pierce","47.1864","-122.4517"
"01/04/2020","AirNow","530530029","4","3.4","ug/m3 LC","14","TACOMA - L STREET","1","100.0000","88502","Acceptable PM2.5 AQI & Speciation Mass","42660","Seattle-Tacoma-Bellevue, WA","53","Washington","053","Pierce","47.1864","-122.4517"
"01/05/2020","AirNow","530530029","4","3.3","ug/m3 LC","14","TACOMA - L STREET","1","100.0000","88502","Acceptable PM2.5 AQI & Speciation Mass","42660","Seattle-Tacoma-Bellevue, WA","53","Washington","053","Pierce","47.1864","-122.4517"
"01/06/2020","AirNow","530530029","4","2.1","ug/m3 LC","9","TACOMA - L STREET","1","100.0000","88502","Acceptable PM2.5 AQI & Speciation Mass","42660","Seattle-Tacoma-Bellevue, WA","53","Washington","053","Pierce","47.1864","-122.4517"
"01/07/2020","AirNow","530530029","4","1.9","ug/m3 LC","8","TACOMA - L STREET","1","100.0000","88502","Acceptable PM2.5 AQI & Speciation Mass","42660","Seattle-Tacoma-Bellevue, WA","53","Washington","053","Pierce","47.1864","-122.4517"
"01/08/2020","AirNow","530530029","4","3.8","ug/m3 LC","16","TACOMA - L STREET","1","100.0000","88502","Acceptable PM2.5 AQI & Speciation Mass","42660","Seattle-Tacoma-Bellevue, WA","53","Washington","053","Pierce","47.1864","-122.4517"
"01/09/2020","AirNow","530530029","4","13.9","ug/m3 LC","55","TACOMA - L STREET","1","100.0000","88502","Acceptable PM2.5 AQI & Speciation Mass","42660","Seattle-Tacoma-Bellevue, WA","53","Washington","053","Pierce","47.1864","-122.4517"
"01/10/2020","AirNow","530530029","4","4.2","ug/m3 LC","18","TACOMA - L STREET","1","100.0000","88502","Acceptable PM2.5 AQI & Speciation Mass","42660","Seattle-Tacoma-Bellevue, WA","53","Washington","053","Pierce","47.1864","-122.4517"
"01/11/2020","AirNow","530530029","4","3.3","ug/m3 LC","14","TACOMA - L STREET","1","100.0000","88502","Acceptable PM2.5 AQI & Speciation Mass","42660","Seattle-Tacoma-Bellevue, WA","53","Washington","053","Pierce","47.1864","-122.4517"
"01/12/2020","AirNow","530530029","4","2.7","ug/m3 LC","11","TACOMA - L STREET","1","100.0000","88502","Acceptable PM2.5 AQI & Speciation Mass","42660","Seattle-Tacoma-Bellevue, WA","53","Washington","053","Pierce","47.1864","-122.4517"
"01/13/2020","AirNow","530530029","4","5.3","ug/m3 LC","22","TACOMA - L STREET","1","100.0000","88502","Acceptable PM2.5 AQI & Speciation Mass","42660","Seattle-Tacoma-Bellevue, WA","53","Washington","053","Pierce","47.1864","-122.4517"
"01/14/2020","AirNow","530530029","4","4.4","ug/m3 LC","18","TACOMA - L STREET","1","100.0000","88502","Acceptable PM2.5 AQI & Speciation Mass","42660","Seattle-Tacoma-Bellevue, WA","53","Washington","053","Pierce","47.1864","-122.4517"
"01/15/2020","AirNow","530530029","4","2.5","ug/m3 LC","10","TACOMA - L STREET","1","100.0000","88502","Acceptable PM2.5 AQI & Speciation Mass","42660","Seattle-Tacoma-Bellevue, WA","53","Washington","053","Pierce","47.1864","-122.4517"
"01/16/2020","AirNow","530530029","4","3.7","ug/m3 LC","15","TACOMA - L STREET","1","100.0000","88502","Acceptable PM2.5 AQI & Speciation Mass","42660","Seattle-Tacoma-Bellevue, WA","53","Washington","053","Pierce","47.1864","-122.4517"
"01/17/2020","AirNow","530530029","4","8.2","ug/m3 LC","34","TACOMA - L STREET","1","100.0000","88502","Acceptable PM2.5 AQI & Speciation Mass","42660","Seattle-Tacoma-Bellevue, WA","53","Washington","053","Pierce","47.1864","-122.4517"
"01/18/2020","AirNow","530530029","4","4.7","ug/m3 LC","20","TACOMA - L STREET","1","100.0000","88502","Acceptable PM2.5 AQI & Speciation Mass","42660","Seattle-Tacoma-Bellevue, WA","53","Washington","053","Pierce","47.1864","-122.4517"
"01/19/2020","AirNow","530530029","4","9.8","ug/m3 LC","41","TACOMA - L STREET","1","100.0000","88502","Acceptable PM2.5 AQI & Speciation Mass","42660","Seattle-Tacoma-Bellevue, WA","53","Washington","053","Pierce","47.1864","-122.4517"
"01/20/2020","AirNow","530530029","4","11.4","ug/m3 LC","48","TACOMA - L STREET","1","100.0000","88502","Acceptable PM2.5 AQI & Speciation Mass","42660","Seattle-Tacoma-Bellevue, WA","53","Washington","053","Pierce","47.1864","-122.4517"
"01/21/2020","AirNow","530530029","4","4.3","ug/m3 LC","18","TACOMA - L STREET","1","100.0000","88502","Acceptable PM2.5 AQI & Speciation Mass","42660","Seattle-Tacoma-Bellevue, WA","53","Washington","053","Pierce","47.1864","-122.4517"
"01/22/2020","AirNow","530530029","4","4.8","ug/m3 LC","20","TACOMA - L STREET","1","100.0000","88502","Acceptable PM2.5 AQI & Speciation Mass","42660","Seattle-Tacoma-Bellevue, WA","53","Washington","053","Pierce","47.1864","-122.4517"
"01/23/2020","AirNow","530530029","4","3.3","ug/m3 LC","14","TACOMA - L STREET","1","100.0000","88502","Acceptable PM2.5 AQI & Speciation Mass","42660","Seattle-Tacoma-Bellevue, WA","53","Washington","053","Pierce","47.1864","-122.4517"
"01/24/2020","AirNow","530530029","4","3.4","ug/m3 LC","14","TACOMA - L STREET","1","100.0000","88502","Acceptable PM2.5 AQI & Speciation Mass","42660","Seattle-Tacoma-Bellevue, WA","53","Washington","053","Pierce","47.1864","-122.4517"
"01/25/2020","AirNow","530530029","4","5","ug/m3 LC","21","TACOMA - L STREET","1","100.0000","88502","Acceptable PM2.5 AQI & Speciation Mass","42660","Seattle-Tacoma-Bellevue, WA","53","Washington","053","Pierce","47.1864","-122.4517"
"01/26/2020","AirNow","530530029","4","3.8","ug/m3 LC","16","TACOMA - L STREET","1","100.0000","88502","Acceptable PM2.5 AQI & Speciation Mass","42660","Seattle-Tacoma-Bellevue, WA","53","Washington","053","Pierce","47.1864","-122.4517"
"01/27/2020","AirNow","530530029","4","3.5","ug/m3 LC","15","TACOMA - L STREET","1","100.0000","88502","Acceptable PM2.5 AQI & Speciation Mass","42660","Seattle-Tacoma-Bellevue, WA","53","Washington","053","Pierce","47.1864","-122.4517"
"01/28/2020","AirNow","530530029","4","4.4","ug/m3 LC","18","TACOMA - L STREET","1","100.0000","88502","Acceptable PM2.5 AQI & Speciation Mass","42660","Seattle-Tacoma-Bellevue, WA","53","Washington","053","Pierce","47.1864","-122.4517"
"01/29/2020","AirNow","530530029","4","4.1","ug/m3 LC","17","TACOMA - L STREET","1","100.0000","88502","Acceptable PM2.5 AQI & Speciation Mass","42660","Seattle-Tacoma-Bellevue, WA","53","Washington","053","Pierce","47.1864","-122.4517"
"01/30/2020","AirNow","530530029","4","6.5","ug/m3 LC","27","TACOMA - L STREET","1","100.0000","88502","Acceptable PM2.5 AQI & Speciation Mass","42660","Seattle-Tacoma-Bellevue, WA","53","Washington","053","Pierce","47.1864","-122.4517"
"01/31/2020","AirNow","530530029","4","2.1","ug/m3 LC","9","TACOMA - L STREET","1","100.0000","88502","Acceptable PM2.5 AQI & Speciation Mass","42660","Seattle-Tacoma-Bellevue, WA","53","Washington","053","Pierce","47.1864","-122.4517"
"02/01/2020","AirNow","530530029","4","3.4","ug/m3 LC","14","TACOMA - L STREET","1","100.0000","88502","Acceptable PM2.5 AQI & Speciation Mass","42660","Seattle-Tacoma-Bellevue, WA","53","Washington","053","Pierce","47.1864","-122.4517"
"02/02/2020","AirNow","530530029","4","11","ug/m3 LC","46","TACOMA - L STREET","1","100.0000","88502","Acceptable PM2.5 AQI & Speciation Mass","42660","Seattle-Tacoma-Bellevue, WA","53","Washington","053","Pierce","47.1864","-122.4517"
"02/03/2020","AirNow","530530029","4","8.5","ug/m3 LC","35","TACOMA - L STREET","1","100.0000","88502","Acceptable PM2.5 AQI & Speciation Mass","42660","Seattle-Tacoma-Bellevue, WA","53","Washington","053","Pierce","47.1864","-122.4517"
"02/04/2020","AirNow","530530029","4","9.9","ug/m3 LC","41","TACOMA - L STREET","1","100.0000","88502","Acceptable PM2.5 AQI & Speciation Mass","42660","Seattle-Tacoma-Bellevue, WA","53","Washington","053","Pierce","47.1864","-122.4517"
"02/05/2020","AirNow","530530029","4","1.6","ug/m3 LC","7","TACOMA - L STREET","1","100.0000","88502","Acceptable PM2.5 AQI & Speciation Mass","42660","Seattle-Tacoma-Bellevue, WA","53","Washington","053","Pierce","47.1864","-122.4517"
"02/06/2020","AirNow","530530029","4","1.4","ug/m3 LC","6","TACOMA - L STREET","1","100.0000","88502","Acceptable PM2.5 AQI & Speciation Mass","42660","Seattle-Tacoma-Bellevue, WA","53","Washington","053","Pierce","47.1864","-122.4517"
"02/07/2020","AirNow","530530029","4","1.9","ug/m3 LC","8","TACOMA - L STREET","1","100.0000","88502","Acceptable PM2.5 AQI & Speciation Mass","42660","Seattle-Tacoma-Bellevue, WA","53","Washington","053","Pierce","47.1864","-122.4517"
"02/08/2020","AirNow","530530029","4","9.1","ug/m3 LC","38","TACOMA - L STREET","1","100.0000","88502","Acceptable PM2.5 AQI & Speciation Mass","42660","Seattle-Tacoma-Bellevue, WA","53","Washington","053","Pierce","47.1864","-122.4517"
"02/09/2020","AirNow","530530029","4","12","ug/m3 LC","50","TACOMA - L STREET","1","100.0000","88502","Acceptable PM2.5 AQI & Speciation Mass","42660","Seattle-Tacoma-Bellevue, WA","53","Washington","053","Pierce","47.1864","-122.4517"
"02/10/2020","AirNow","530530029","4","18.8","ug/m3 LC","65","TACOMA - L STREET","1","100.0000","88502","Acceptable PM2.5 AQI & Speciation Mass","42660","Seattle-Tacoma-Bellevue, WA","53","Washington","053","Pierce","47.1864","-122.4517"
"02/11/2020","AirNow","530530029","4","10.2","ug/m3 LC","43","TACOMA - L STREET","1","100.0000","88502","Acceptable PM2.5 AQI & Speciation Mass","42660","Seattle-Tacoma-Bellevue, WA","53","Washington","053","Pierce","47.1864","-122.4517"
"02/12/2020","AirNow","530530029","4","6.8","ug/m3 LC","28","TACOMA - L STREET","1","100.0000","88502","Acceptable PM2.5 AQI & Speciation Mass","42660","Seattle-Tacoma-Bellevue, WA","53","Washington","053","Pierce","47.1864","-122.4517"
"02/13/2020","AirNow","530530029","4","7.1","ug/m3 LC","30","TACOMA - L STREET","1","100.0000","88502","Acceptable PM2.5 AQI & Speciation Mass","42660","Seattle-Tacoma-Bellevue, WA","53","Washington","053","Pierce","47.1864","-122.4517"
"02/14/2020","AirNow","530530029","4","2.8","ug/m3 LC","12","TACOMA - L STREET","1","100.0000","88502","Acceptable PM2.5 AQI & Speciation Mass","42660","Seattle-Tacoma-Bellevue, WA","53","Washington","053","Pierce","47.1864","-122.4517"
"02/15/2020","AirNow","530530029","4","2.2","ug/m3 LC","9","TACOMA - L STREET","1","100.0000","88502","Acceptable PM2.5 AQI & Speciation Mass","42660","Seattle-Tacoma-Bellevue, WA","53","Washington","053","Pierce","47.1864","-122.4517"
"02/16/2020","AirNow","530530029","4","3.2","ug/m3 LC","13","TACOMA - L STREET","1","100.0000","88502","Acceptable PM2.5 AQI & Speciation Mass","42660","Seattle-Tacoma-Bellevue, WA","53","Washington","053","Pierce","47.1864","-122.4517"
"02/17/2020","AirNow","530530029","4","8.2","ug/m3 LC","34","TACOMA - L STREET","1","100.0000","88502","Acceptable PM2.5 AQI & Speciation Mass","42660","Seattle-Tacoma-Bellevue, WA","53","Washington","053","Pierce","47.1864","-122.4517"
"02/18/2020","AirNow","530530029","4","10.1","ug/m3 LC","42","TACOMA - L STREET","1","100.0000","88502","Acceptable PM2.5 AQI & Speciation Mass","42660","Seattle-Tacoma-Bellevue, WA","53","Washington","053","Pierce","47.1864","-122.4517"
"02/19/2020","AirNow","530530029","4","11.2","ug/m3 LC","47","TACOMA - L STREET","1","100.0000","88502","Acceptable PM2.5 AQI & Speciation Mass","42660","Seattle-Tacoma-Bellevue, WA","53","Washington","053","Pierce","47.1864","-122.4517"
"02/20/2020","AirNow","530530029","4","11","ug/m3 LC","46","TACOMA - L STREET","1","100.0000","88502","Acceptable PM2.5 AQI & Speciation Mass","42660","Seattle-Tacoma-Bellevue, WA","53","Washington","053","Pierce","47.1864","-122.4517"
"02/21/2020","AirNow","530530029","4","14.5","ug/m3 LC","56","TACOMA - L STREET","1","100.0000","88502","Acceptable PM2.5 AQI & Speciation Mass","42660","Seattle-Tacoma-Bellevue, WA","53","Washington","053","Pierce","47.1864","-122.4517"
"02/22/2020","AirNow","530530029","4","6.9","ug/m3 LC","29","TACOMA - L STREET","1","100.0000","88502","Acceptable PM2.5 AQI & Speciation Mass","42660","Seattle-Tacoma-Bellevue, WA","53","Washington","053","Pierce","47.1864","-122.4517"
"02/23/2020","AirNow","530530029","4","5.1","ug/m3 LC","21","TACOMA - L STREET","1","100.0000","88502","Acceptable PM2.5 AQI & Speciation Mass","42660","Seattle-Tacoma-Bellevue, WA","53","Washington","053","Pierce","47.1864","-122.4517"
"02/24/2020","AirNow","530530029","4","7.8","ug/m3 LC","33","TACOMA - L STREET","1","100.0000","88502","Acceptable PM2.5 AQI & Speciation Mass","42660","Seattle-Tacoma-Bellevue, WA","53","Washington","053","Pierce","47.1864","-122.4517"
"02/25/2020","AirNow","530530029","4","10.2","ug/m3 LC","43","TACOMA - L STREET","1","100.0000","88502","Acceptable PM2.5 AQI & Speciation Mass","42660","Seattle-Tacoma-Bellevue, WA","53","Washington","053","Pierce","47.1864","-122.4517"
"02/26/2020","AirNow","530530029","4","10.2","ug/m3 LC","43","TACOMA - L STREET","1","100.0000","88502","Acceptable PM2.5 AQI & Speciation Mass","42660","Seattle-Tacoma-Bellevue, WA","53","Washington","053","Pierce","47.1864","-122.4517"
"02/27/2020","AirNow","530530029","4","10.4","ug/m3 LC","43","TACOMA - L STREET","1","100.0000","88502","Acceptable PM2.5 AQI & Speciation Mass","42660","Seattle-Tacoma-Bellevue, WA","53","Washington","053","Pierce","47.1864","-122.4517"
"02/28/2020","AirNow","530530029","4","11","ug/m3 LC","46","TACOMA - L STREET","1","100.0000","88502","Acceptable PM2.5 AQI & Speciation Mass","42660","Seattle-Tacoma-Bellevue, WA","53","Washington","053","Pierce","47.1864","-122.4517"
"02/29/2020","AirNow","530530029","4","3.3","ug/m3 LC","14","TACOMA - L STREET","1","100.0000","88502","Acceptable PM2.5 AQI & Speciation Mass","42660","Seattle-Tacoma-Bellevue, WA","53","Washington","053","Pierce","47.1864","-122.4517"
"03/01/2020","AirNow","530530029","4","6.6","ug/m3 LC","28","TACOMA - L STREET","1","100.0000","88502","Acceptable PM2.5 AQI & Speciation Mass","42660","Seattle-Tacoma-Bellevue, WA","53","Washington","053","Pierce","47.1864","-122.4517"
"03/02/2020","AirNow","530530029","4","2.6","ug/m3 LC","11","TACOMA - L STREET","1","100.0000","88502","Acceptable PM2.5 AQI & Speciation Mass","42660","Seattle-Tacoma-Bellevue, WA","53","Washington","053","Pierce","47.1864","-122.4517"
"03/03/2020","AirNow","530530029","4","1.9","ug/m3 LC","8","TACOMA - L STREET","1","100.0000","88502","Acceptable PM2.5 AQI & Speciation Mass","42660","Seattle-Tacoma-Bellevue, WA","53","Washington","053","Pierce","47.1864","-122.4517"
"03/04/2020","AirNow","530530029","4","7.1","ug/m3 LC","30","TACOMA - L STREET","1","100.0000","88502","Acceptable PM2.5 AQI & Speciation Mass","42660","Seattle-Tacoma-Bellevue, WA","53","Washington","053","Pierce","47.1864","-122.4517"
"03/05/2020","AirNow","530530029","4","9.9","ug/m3 LC","41","TACOMA - L STREET","1","100.0000","88502","Acceptable PM2.5 AQI & Speciation Mass","42660","Seattle-Tacoma-Bellevue, WA","53","Washington","053","Pierce","47.1864","-122.4517"
"03/06/2020","AirNow","530530029","4","5.3","ug/m3 LC","22","TACOMA - L STREET","1","100.0000","88502","Acceptable PM2.5 AQI & Speciation Mass","42660","Seattle-Tacoma-Bellevue, WA","53","Washington","053","Pierce","47.1864","-122.4517"
"03/07/2020","AirNow","530530029","4","8.3","ug/m3 LC","35","TACOMA - L STREET","1","100.0000","88502","Acceptable PM2.5 AQI & Speciation Mass","42660","Seattle-Tacoma-Bellevue, WA","53","Washington","053","Pierce","47.1864","-122.4517"
"03/08/2020","AirNow","530530029","4","7","ug/m3 LC","29","TACOMA - L STREET","1","100.0000","88502","Acceptable PM2.5 AQI & Speciation Mass","42660","Seattle-Tacoma-Bellevue, WA","53","Washington","053","Pierce","47.1864","-122.4517"
"03/09/2020","AirNow","530530029","4","11.8","ug/m3 LC","49","TACOMA - L STREET","1","100.0000","88502","Acceptable PM2.5 AQI & Speciation Mass","42660","Seattle-Tacoma-Bellevue, WA","53","Washington","053","Pierce","47.1864","-122.4517"
"03/10/2020","AirNow","530530029","4","9","ug/m3 LC","38","TACOMA - L STREET","1","100.0000","88502","Acceptable PM2.5 AQI & Speciation Mass","42660","Seattle-Tacoma-Bellevue, WA","53","Washington","053","Pierce","47.1864","-122.4517"
"03/11/2020","AirNow","530530029","4","3.2","ug/m3 LC","13","TACOMA - L STREET","1","100.0000","88502","Acceptable PM2.5 AQI & Speciation Mass","42660","Seattle-Tacoma-Bellevue, WA","53","Washington","053","Pierce","47.1864","-122.4517"
"03/12/2020","AirNow","530530029","4","7.9","ug/m3 LC","33","TACOMA - L STREET","1","100.0000","88502","Acceptable PM2.5 AQI & Speciation Mass","42660","Seattle-Tacoma-Bellevue, WA","53","Washington","053","Pierce","47.1864","-122.4517"
"03/13/2020","AirNow","530530029","4","4.4","ug/m3 LC","18","TACOMA - L STREET","1","100.0000","88502","Acceptable PM2.5 AQI & Speciation Mass","42660","Seattle-Tacoma-Bellevue, WA","53","Washington","053","Pierce","47.1864","-122.4517"
"03/14/2020","AirNow","530530029","4","4.1","ug/m3 LC","17","TACOMA - L STREET","1","100.0000","88502","Acceptable PM2.5 AQI & Speciation Mass","42660","Seattle-Tacoma-Bellevue, WA","53","Washington","053","Pierce","47.1864","-122.4517"
"03/15/2020","AirNow","530530029","4","4","ug/m3 LC","17","TACOMA - L STREET","1","100.0000","88502","Acceptable PM2.5 AQI & Speciation Mass","42660","Seattle-Tacoma-Bellevue, WA","53","Washington","053","Pierce","47.1864","-122.4517"
"03/16/2020","AirNow","530530029","4","6.8","ug/m3 LC","28","TACOMA - L STREET","1","100.0000","88502","Acceptable PM2.5 AQI & Speciation Mass","42660","Seattle-Tacoma-Bellevue, WA","53","Washington","053","Pierce","47.1864","-122.4517"
"03/17/2020","AirNow","530530029","4","15.7","ug/m3 LC","59","TACOMA - L STREET","1","100.0000","88502","Acceptable PM2.5 AQI & Speciation Mass","42660","Seattle-Tacoma-Bellevue, WA","53","Washington","053","Pierce","47.1864","-122.4517"
"03/18/2020","AirNow","530530029","4","16.2","ug/m3 LC","60","TACOMA - L STREET","1","100.0000","88502","Acceptable PM2.5 AQI & Speciation Mass","42660","Seattle-Tacoma-Bellevue, WA","53","Washington","053","Pierce","47.1864","-122.4517"
"03/19/2020","AirNow","530530029","4","18.8","ug/m3 LC","65","TACOMA - L STREET","1","100.0000","88502","Acceptable PM2.5 AQI & Speciation Mass","42660","Seattle-Tacoma-Bellevue, WA","53","Washington","053","Pierce","47.1864","-122.4517"
"03/20/2020","AirNow","530530029","4","19.7","ug/m3 LC","67","TACOMA - L STREET","1","100.0000","88502","Acceptable PM2.5 AQI & Speciation Mass","42660","Seattle-Tacoma-Bellevue, WA","53","Washington","053","Pierce","47.1864","-122.4517"
"03/21/2020","AirNow","530530029","4","17.5","ug/m3 LC","62","TACOMA - L STREET","1","100.0000","88502","Acceptable PM2.5 AQI & Speciation Mass","42660","Seattle-Tacoma-Bellevue, WA","53","Washington","053","Pierce","47.1864","-122.4517"
"03/22/2020","AirNow","530530029","4","20.1","ug/m3 LC","68","TACOMA - L STREET","1","100.0000","88502","Acceptable PM2.5 AQI & Speciation Mass","42660","Seattle-Tacoma-Bellevue, WA","53","Washington","053","Pierce","47.1864","-122.4517"
"03/23/2020","AirNow","530530029","4","2.5","ug/m3 LC","10","TACOMA - L STREET","1","100.0000","88502","Acceptable PM2.5 AQI & Speciation Mass","42660","Seattle-Tacoma-Bellevue, WA","53","Washington","053","Pierce","47.1864","-122.4517"
"03/24/2020","AirNow","530530029","4","3.1","ug/m3 LC","13","TACOMA - L STREET","1","100.0000","88502","Acceptable PM2.5 AQI & Speciation Mass","42660","Seattle-Tacoma-Bellevue, WA","53","Washington","053","Pierce","47.1864","-122.4517"
"03/25/2020","AirNow","530530029","4","3.1","ug/m3 LC","13","TACOMA - L STREET","1","100.0000","88502","Acceptable PM2.5 AQI & Speciation Mass","42660","Seattle-Tacoma-Bellevue, WA","53","Washington","053","Pierce","47.1864","-122.4517"
"03/26/2020","AirNow","530530029","4","4.8","ug/m3 LC","20","TACOMA - L STREET","1","100.0000","88502","Acceptable PM2.5 AQI & Speciation Mass","42660","Seattle-Tacoma-Bellevue, WA","53","Washington","053","Pierce","47.1864","-122.4517"
"03/27/2020","AirNow","530530029","4","5.7","ug/m3 LC","24","TACOMA - L STREET","1","100.0000","88502","Acceptable PM2.5 AQI & Speciation Mass","42660","Seattle-Tacoma-Bellevue, WA","53","Washington","053","Pierce","47.1864","-122.4517"
"03/28/2020","AirNow","530530029","4","2.9","ug/m3 LC","12","TACOMA - L STREET","1","100.0000","88502","Acceptable PM2.5 AQI & Speciation Mass","42660","Seattle-Tacoma-Bellevue, WA","53","Washington","053","Pierce","47.1864","-122.4517"
"03/29/2020","AirNow","530530029","4","2.6","ug/m3 LC","11","TACOMA - L STREET","1","100.0000","88502","Acceptable PM2.5 AQI & Speciation Mass","42660","Seattle-Tacoma-Bellevue, WA","53","Washington","053","Pierce","47.1864","-122.4517"
"03/30/2020","AirNow","530530029","4","2.6","ug/m3 LC","11","TACOMA - L STREET","1","100.0000","88502","Acceptable PM2.5 AQI & Speciation Mass","42660","Seattle-Tacoma-Bellevue, WA","53","Washington","053","Pierce","47.1864","-122.4517"
"03/31/2020","AirNow","530530029","4","2.3","ug/m3 LC","10","TACOMA - L STREET","1","100.0000","88502","Acceptable PM2.5 AQI & Speciation Mass","42660","Seattle-Tacoma-Bellevue, WA","53","Washington","053","Pierce","47.1864","-122.4517"
"04/01/2020","AirNow","530530029","4","4.4","ug/m3 LC","18","TACOMA - L STREET","1","100.0000","88502","Acceptable PM2.5 AQI & Speciation Mass","42660","Seattle-Tacoma-Bellevue, WA","53","Washington","053","Pierce","47.1864","-122.4517"
"04/02/2020","AirNow","530530029","4","5.6","ug/m3 LC","23","TACOMA - L STREET","1","100.0000","88502","Acceptable PM2.5 AQI & Speciation Mass","42660","Seattle-Tacoma-Bellevue, WA","53","Washington","053","Pierce","47.1864","-122.4517"
"04/03/2020","AirNow","530530029","4","5.3","ug/m3 LC","22","TACOMA - L STREET","1","100.0000","88502","Acceptable PM2.5 AQI & Speciation Mass","42660","Seattle-Tacoma-Bellevue, WA","53","Washington","053","Pierce","47.1864","-122.4517"
"04/04/2020","AirNow","530530029","4","6.6","ug/m3 LC","28","TACOMA - L STREET","1","100.0000","88502","Acceptable PM2.5 AQI & Speciation Mass","42660","Seattle-Tacoma-Bellevue, WA","53","Washington","053","Pierce","47.1864","-122.4517"
"04/05/2020","AirNow","530530029","4","4.3","ug/m3 LC","18","TACOMA - L STREET","1","100.0000","88502","Acceptable PM2.5 AQI & Speciation Mass","42660","Seattle-Tacoma-Bellevue, WA","53","Washington","053","Pierce","47.1864","-122.4517"
"04/06/2020","AirNow","530530029","4","7.4","ug/m3 LC","31","TACOMA - L STREET","1","100.0000","88502","Acceptable PM2.5 AQI & Speciation Mass","42660","Seattle-Tacoma-Bellevue, WA","53","Washington","053","Pierce","47.1864","-122.4517"
"04/07/2020","AirNow","530530029","4","8.5","ug/m3 LC","35","TACOMA - L STREET","1","100.0000","88502","Acceptable PM2.5 AQI & Speciation Mass","42660","Seattle-Tacoma-Bellevue, WA","53","Washington","053","Pierce","47.1864","-122.4517"
"04/08/2020","AirNow","530530029","4","13.7","ug/m3 LC","54","TACOMA - L STREET","1","100.0000","88502","Acceptable PM2.5 AQI & Speciation Mass","42660","Seattle-Tacoma-Bellevue, WA","53","Washington","053","Pierce","47.1864","-122.4517"
"04/09/2020","AirNow","530530029","4","11.2","ug/m3 LC","47","TACOMA - L STREET","1","100.0000","88502","Acceptable PM2.5 AQI & Speciation Mass","42660","Seattle-Tacoma-Bellevue, WA","53","Washington","053","Pierce","47.1864","-122.4517"
"04/10/2020","AirNow","530530029","4","10","ug/m3 LC","42","TACOMA - L STREET","1","100.0000","88502","Acceptable PM2.5 AQI & Speciation Mass","42660","Seattle-Tacoma-Bellevue, WA","53","Washington","053","Pierce","47.1864","-122.4517"
"04/11/2020","AirNow","530530029","4","6.2","ug/m3 LC","26","TACOMA - L STREET","1","100.0000","88502","Acceptable PM2.5 AQI & Speciation Mass","42660","Seattle-Tacoma-Bellevue, WA","53","Washington","053","Pierce","47.1864","-122.4517"
"04/12/2020","AirNow","530530029","4","9.2","ug/m3 LC","38","TACOMA - L STREET","1","100.0000","88502","Acceptable PM2.5 AQI & Speciation Mass","42660","Seattle-Tacoma-Bellevue, WA","53","Washington","053","Pierce","47.1864","-122.4517"
"04/13/2020","AirNow","530530029","4","8","ug/m3 LC","33","TACOMA - L STREET","1","100.0000","88502","Acceptable PM2.5 AQI & Speciation Mass","42660","Seattle-Tacoma-Bellevue, WA","53","Washington","053","Pierce","47.1864","-122.4517"
"04/14/2020","AirNow","530530029","4","6.8","ug/m3 LC","28","TACOMA - L STREET","1","100.0000","88502","Acceptable PM2.5 AQI & Speciation Mass","42660","Seattle-Tacoma-Bellevue, WA","53","Washington","053","Pierce","47.1864","-122.4517"
"04/15/2020","AirNow","530530029","4","3.7","ug/m3 LC","15","TACOMA - L STREET","1","100.0000","88502","Acceptable PM2.5 AQI & Speciation Mass","42660","Seattle-Tacoma-Bellevue, WA","53","Washington","053","Pierce","47.1864","-122.4517"
"04/16/2020","AirNow","530530029","4","9.8","ug/m3 LC","41","TACOMA - L STREET","1","100.0000","88502","Acceptable PM2.5 AQI & Speciation Mass","42660","Seattle-Tacoma-Bellevue, WA","53","Washington","053","Pierce","47.1864","-122.4517"
"04/17/2020","AirNow","530530029","4","8.6","ug/m3 LC","36","TACOMA - L STREET","1","100.0000","88502","Acceptable PM2.5 AQI & Speciation Mass","42660","Seattle-Tacoma-Bellevue, WA","53","Washington","053","Pierce","47.1864","-122.4517"
"04/18/2020","AirNow","530530029","4","4.5","ug/m3 LC","19","TACOMA - L STREET","1","100.0000","88502","Acceptable PM2.5 AQI & Speciation Mass","42660","Seattle-Tacoma-Bellevue, WA","53","Washington","053","Pierce","47.1864","-122.4517"
"04/19/2020","AirNow","530530029","4","3.6","ug/m3 LC","15","TACOMA - L STREET","1","100.0000","88502","Acceptable PM2.5 AQI & Speciation Mass","42660","Seattle-Tacoma-Bellevue, WA","53","Washington","053","Pierce","47.1864","-122.4517"
"04/20/2020","AirNow","530530029","4","7.2","ug/m3 LC","30","TACOMA - L STREET","1","100.0000","88502","Acceptable PM2.5 AQI & Speciation Mass","42660","Seattle-Tacoma-Bellevue, WA","53","Washington","053","Pierce","47.1864","-122.4517"
"04/21/2020","AirNow","530530029","4","2.2","ug/m3 LC","9","TACOMA - L STREET","1","100.0000","88502","Acceptable PM2.5 AQI & Speciation Mass","42660","Seattle-Tacoma-Bellevue, WA","53","Washington","053","Pierce","47.1864","-122.4517"
"04/22/2020","AirNow","530530029","4","3.9","ug/m3 LC","16","TACOMA - L STREET","1","100.0000","88502","Acceptable PM2.5 AQI & Speciation Mass","42660","Seattle-Tacoma-Bellevue, WA","53","Washington","053","Pierce","47.1864","-122.4517"
"04/23/2020","AirNow","530530029","4","2.5","ug/m3 LC","10","TACOMA - L STREET","1","100.0000","88502","Acceptable PM2.5 AQI & Speciation Mass","42660","Seattle-Tacoma-Bellevue, WA","53","Washington","053","Pierce","47.1864","-122.4517"
"04/24/2020","AirNow","530530029","4","6.8","ug/m3 LC","28","TACOMA - L STREET","1","100.0000","88502","Acceptable PM2.5 AQI & Speciation Mass","42660","Seattle-Tacoma-Bellevue, WA","53","Washington","053","Pierce","47.1864","-122.4517"
"04/25/2020","AirNow","530530029","4","8.1","ug/m3 LC","34","TACOMA - L STREET","1","100.0000","88502","Acceptable PM2.5 AQI & Speciation Mass","42660","Seattle-Tacoma-Bellevue, WA","53","Washington","053","Pierce","47.1864","-122.4517"
"04/26/2020","AirNow","530530029","4","5.4","ug/m3 LC","23","TACOMA - L STREET","1","100.0000","88502","Acceptable PM2.5 AQI & Speciation Mass","42660","Seattle-Tacoma-Bellevue, WA","53","Washington","053","Pierce","47.1864","-122.4517"
"04/27/2020","AirNow","530530029","4","3.3","ug/m3 LC","14","TACOMA - L STREET","1","100.0000","88502","Acceptable PM2.5 AQI & Speciation Mass","42660","Seattle-Tacoma-Bellevue, WA","53","Washington","053","Pierce","47.1864","-122.4517"
"04/28/2020","AirNow","530530029","4","7.3","ug/m3 LC","30","TACOMA - L STREET","1","100.0000","88502","Acceptable PM2.5 AQI & Speciation Mass","42660","Seattle-Tacoma-Bellevue, WA","53","Washington","053","Pierce","47.1864","-122.4517"
"04/29/2020","AirNow","530530029","4","4.9","ug/m3 LC","20","TACOMA - L STREET","1","100.0000","88502","Acceptable PM2.5 AQI & Speciation Mass","42660","Seattle-Tacoma-Bellevue, WA","53","Washington","053","Pierce","47.1864","-122.4517"
"04/30/2020","AirNow","530530029","4","3.1","ug/m3 LC","13","TACOMA - L STREET","1","100.0000","88502","Acceptable PM2.5 AQI & Speciation Mass","42660","Seattle-Tacoma-Bellevue, WA","53","Washington","053","Pierce","47.1864","-122.4517"
"05/01/2020","AirNow","530530029","4","7.2","ug/m3 LC","30","TACOMA - L STREET","1","100.0000","88502","Acceptable PM2.5 AQI & Speciation Mass","42660","Seattle-Tacoma-Bellevue, WA","53","Washington","053","Pierce","47.1864","-122.4517"
"05/02/2020","AirNow","530530029","4","6.7","ug/m3 LC","28","TACOMA - L STREET","1","100.0000","88502","Acceptable PM2.5 AQI & Speciation Mass","42660","Seattle-Tacoma-Bellevue, WA","53","Washington","053","Pierce","47.1864","-122.4517"
"01/01/2020","AQS","530530029","5","2.1","ug/m3 LC","9","TACOMA - L STREET","1","100.0000","88101","PM2.5 - Local Conditions","42660","Seattle-Tacoma-Bellevue, WA","53","Washington","053","Pierce","47.1864","-122.4517"
"01/02/2020","AQS","530530029","5","3.9","ug/m3 LC","16","TACOMA - L STREET","1","100.0000","88101","PM2.5 - Local Conditions","42660","Seattle-Tacoma-Bellevue, WA","53","Washington","053","Pierce","47.1864","-122.4517"
"01/03/2020","AQS","530530029","5","2.4","ug/m3 LC","10","TACOMA - L STREET","1","100.0000","88101","PM2.5 - Local Conditions","42660","Seattle-Tacoma-Bellevue, WA","53","Washington","053","Pierce","47.1864","-122.4517"
"01/04/2020","AQS","530530029","5","2.5","ug/m3 LC","10","TACOMA - L STREET","1","100.0000","88101","PM2.5 - Local Conditions","42660","Seattle-Tacoma-Bellevue, WA","53","Washington","053","Pierce","47.1864","-122.4517"
"01/05/2020","AQS","530530029","5","2.7","ug/m3 LC","11","TACOMA - L STREET","1","100.0000","88101","PM2.5 - Local Conditions","42660","Seattle-Tacoma-Bellevue, WA","53","Washington","053","Pierce","47.1864","-122.4517"
"01/06/2020","AQS","530530029","5","0.7","ug/m3 LC","3","TACOMA - L STREET","1","100.0000","88101","PM2.5 - Local Conditions","42660","Seattle-Tacoma-Bellevue, WA","53","Washington","053","Pierce","47.1864","-122.4517"
"01/07/2020","AQS","530530029","5","0","ug/m3 LC","0","TACOMA - L STREET","1","100.0000","88101","PM2.5 - Local Conditions","42660","Seattle-Tacoma-Bellevue, WA","53","Washington","053","Pierce","47.1864","-122.4517"
"01/08/2020","AQS","530530029","5","3.5","ug/m3 LC","15","TACOMA - L STREET","1","100.0000","88101","PM2.5 - Local Conditions","42660","Seattle-Tacoma-Bellevue, WA","53","Washington","053","Pierce","47.1864","-122.4517"
"01/09/2020","AQS","530530029","5","14.4","ug/m3 LC","56","TACOMA - L STREET","1","100.0000","88101","PM2.5 - Local Conditions","42660","Seattle-Tacoma-Bellevue, WA","53","Washington","053","Pierce","47.1864","-122.4517"
"01/10/2020","AQS","530530029","5","3.2","ug/m3 LC","13","TACOMA - L STREET","1","100.0000","88101","PM2.5 - Local Conditions","42660","Seattle-Tacoma-Bellevue, WA","53","Washington","053","Pierce","47.1864","-122.4517"
"01/11/2020","AQS","530530029","5","4","ug/m3 LC","17","TACOMA - L STREET","1","100.0000","88101","PM2.5 - Local Conditions","42660","Seattle-Tacoma-Bellevue, WA","53","Washington","053","Pierce","47.1864","-122.4517"
"01/12/2020","AQS","530530029","5","2.5","ug/m3 LC","10","TACOMA - L STREET","1","100.0000","88101","PM2.5 - Local Conditions","42660","Seattle-Tacoma-Bellevue, WA","53","Washington","053","Pierce","47.1864","-122.4517"
"01/13/2020","AQS","530530029","5","5.7","ug/m3 LC","24","TACOMA - L STREET","1","100.0000","88101","PM2.5 - Local Conditions","42660","Seattle-Tacoma-Bellevue, WA","53","Washington","053","Pierce","47.1864","-122.4517"
"01/14/2020","AQS","530530029","5","4.3","ug/m3 LC","18","TACOMA - L STREET","1","100.0000","88101","PM2.5 - Local Conditions","42660","Seattle-Tacoma-Bellevue, WA","53","Washington","053","Pierce","47.1864","-122.4517"
"01/15/2020","AQS","530530029","5","0.9","ug/m3 LC","4","TACOMA - L STREET","1","100.0000","88101","PM2.5 - Local Conditions","42660","Seattle-Tacoma-Bellevue, WA","53","Washington","053","Pierce","47.1864","-122.4517"
"01/16/2020","AQS","530530029","5","4.3","ug/m3 LC","18","TACOMA - L STREET","1","100.0000","88101","PM2.5 - Local Conditions","42660","Seattle-Tacoma-Bellevue, WA","53","Washington","053","Pierce","47.1864","-122.4517"
"01/17/2020","AQS","530530029","5","9.6","ug/m3 LC","40","TACOMA - L STREET","1","100.0000","88101","PM2.5 - Local Conditions","42660","Seattle-Tacoma-Bellevue, WA","53","Washington","053","Pierce","47.1864","-122.4517"
"01/18/2020","AQS","530530029","5","3.8","ug/m3 LC","16","TACOMA - L STREET","1","100.0000","88101","PM2.5 - Local Conditions","42660","Seattle-Tacoma-Bellevue, WA","53","Washington","053","Pierce","47.1864","-122.4517"
"01/19/2020","AQS","530530029","5","9.9","ug/m3 LC","41","TACOMA - L STREET","1","100.0000","88101","PM2.5 - Local Conditions","42660","Seattle-Tacoma-Bellevue, WA","53","Washington","053","Pierce","47.1864","-122.4517"
"01/20/2020","AQS","530530029","5","11.6","ug/m3 LC","48","TACOMA - L STREET","1","100.0000","88101","PM2.5 - Local Conditions","42660","Seattle-Tacoma-Bellevue, WA","53","Washington","053","Pierce","47.1864","-122.4517"
"01/21/2020","AQS","530530029","5","3.7","ug/m3 LC","15","TACOMA - L STREET","1","100.0000","88101","PM2.5 - Local Conditions","42660","Seattle-Tacoma-Bellevue, WA","53","Washington","053","Pierce","47.1864","-122.4517"
"01/22/2020","AQS","530530029","5","4.8","ug/m3 LC","20","TACOMA - L STREET","1","100.0000","88101","PM2.5 - Local Conditions","42660","Seattle-Tacoma-Bellevue, WA","53","Washington","053","Pierce","47.1864","-122.4517"
"01/23/2020","AQS","530530029","5","2.2","ug/m3 LC","9","TACOMA - L STREET","1","100.0000","88101","PM2.5 - Local Conditions","42660","Seattle-Tacoma-Bellevue, WA","53","Washington","053","Pierce","47.1864","-122.4517"
"01/24/2020","AQS","530530029","5","2.6","ug/m3 LC","11","TACOMA - L STREET","1","100.0000","88101","PM2.5 - Local Conditions","42660","Seattle-Tacoma-Bellevue, WA","53","Washington","053","Pierce","47.1864","-122.4517"
"01/25/2020","AQS","530530029","5","3.8","ug/m3 LC","16","TACOMA - L STREET","1","100.0000","88101","PM2.5 - Local Conditions","42660","Seattle-Tacoma-Bellevue, WA","53","Washington","053","Pierce","47.1864","-122.4517"
"01/26/2020","AQS","530530029","5","3.7","ug/m3 LC","15","TACOMA - L STREET","1","100.0000","88101","PM2.5 - Local Conditions","42660","Seattle-Tacoma-Bellevue, WA","53","Washington","053","Pierce","47.1864","-122.4517"
"01/27/2020","AQS","530530029","5","3.2","ug/m3 LC","13","TACOMA - L STREET","1","100.0000","88101","PM2.5 - Local Conditions","42660","Seattle-Tacoma-Bellevue, WA","53","Washington","053","Pierce","47.1864","-122.4517"
"01/28/2020","AQS","530530029","5","3.6","ug/m3 LC","15","TACOMA - L STREET","1","100.0000","88101","PM2.5 - Local Conditions","42660","Seattle-Tacoma-Bellevue, WA","53","Washington","053","Pierce","47.1864","-122.4517"
"01/29/2020","AQS","530530029","5","3.8","ug/m3 LC","16","TACOMA - L STREET","1","100.0000","88101","PM2.5 - Local Conditions","42660","Seattle-Tacoma-Bellevue, WA","53","Washington","053","Pierce","47.1864","-122.4517"
"01/30/2020","AQS","530530029","5","5.6","ug/m3 LC","23","TACOMA - L STREET","1","100.0000","88101","PM2.5 - Local Conditions","42660","Seattle-Tacoma-Bellevue, WA","53","Washington","053","Pierce","47.1864","-122.4517"
"01/31/2020","AQS","530530029","5","0.8","ug/m3 LC","3","TACOMA - L STREET","1","100.0000","88101","PM2.5 - Local Conditions","42660","Seattle-Tacoma-Bellevue, WA","53","Washington","053","Pierce","47.1864","-122.4517"
"02/01/2020","AirNow","530530029","5","3.1","ug/m3 LC","13","TACOMA - L STREET","1","100.0000","88101","PM2.5 - Local Conditions","42660","Seattle-Tacoma-Bellevue, WA","53","Washington","053","Pierce","47.1864","-122.4517"
"02/02/2020","AirNow","530530029","5","10.7","ug/m3 LC","45","TACOMA - L STREET","1","100.0000","88101","PM2.5 - Local Conditions","42660","Seattle-Tacoma-Bellevue, WA","53","Washington","053","Pierce","47.1864","-122.4517"
"02/03/2020","AirNow","530530029","5","8.3","ug/m3 LC","35","TACOMA - L STREET","1","100.0000","88101","PM2.5 - Local Conditions","42660","Seattle-Tacoma-Bellevue, WA","53","Washington","053","Pierce","47.1864","-122.4517"
"02/04/2020","AirNow","530530029","5","10.5","ug/m3 LC","44","TACOMA - L STREET","1","100.0000","88101","PM2.5 - Local Conditions","42660","Seattle-Tacoma-Bellevue, WA","53","Washington","053","Pierce","47.1864","-122.4517"
"02/05/2020","AirNow","530530029","5","0.3","ug/m3 LC","1","TACOMA - L STREET","1","100.0000","88101","PM2.5 - Local Conditions","42660","Seattle-Tacoma-Bellevue, WA","53","Washington","053","Pierce","47.1864","-122.4517"
"02/06/2020","AirNow","530530029","5","0","ug/m3 LC","0","TACOMA - L STREET","1","100.0000","88101","PM2.5 - Local Conditions","42660","Seattle-Tacoma-Bellevue, WA","53","Washington","053","Pierce","47.1864","-122.4517"
"02/07/2020","AirNow","530530029","5","0.2","ug/m3 LC","1","TACOMA - L STREET","1","100.0000","88101","PM2.5 - Local Conditions","42660","Seattle-Tacoma-Bellevue, WA","53","Washington","053","Pierce","47.1864","-122.4517"
"02/08/2020","AirNow","530530029","5","10.1","ug/m3 LC","42","TACOMA - L STREET","1","100.0000","88101","PM2.5 - Local Conditions","42660","Seattle-Tacoma-Bellevue, WA","53","Washington","053","Pierce","47.1864","-122.4517"
"02/09/2020","AirNow","530530029","5","12.1","ug/m3 LC","51","TACOMA - L STREET","1","100.0000","88101","PM2.5 - Local Conditions","42660","Seattle-Tacoma-Bellevue, WA","53","Washington","053","Pierce","47.1864","-122.4517"
"02/10/2020","AirNow","530530029","5","19.2","ug/m3 LC","66","TACOMA - L STREET","1","100.0000","88101","PM2.5 - Local Conditions","42660","Seattle-Tacoma-Bellevue, WA","53","Washington","053","Pierce","47.1864","-122.4517"
"02/11/2020","AirNow","530530029","5","9.7","ug/m3 LC","40","TACOMA - L STREET","1","100.0000","88101","PM2.5 - Local Conditions","42660","Seattle-Tacoma-Bellevue, WA","53","Washington","053","Pierce","47.1864","-122.4517"
"02/12/2020","AirNow","530530029","5","5.2","ug/m3 LC","22","TACOMA - L STREET","1","100.0000","88101","PM2.5 - Local Conditions","42660","Seattle-Tacoma-Bellevue, WA","53","Washington","053","Pierce","47.1864","-122.4517"
"02/13/2020","AirNow","530530029","5","7","ug/m3 LC","29","TACOMA - L STREET","1","100.0000","88101","PM2.5 - Local Conditions","42660","Seattle-Tacoma-Bellevue, WA","53","Washington","053","Pierce","47.1864","-122.4517"
"02/14/2020","AirNow","530530029","5","2.4","ug/m3 LC","10","TACOMA - L STREET","1","100.0000","88101","PM2.5 - Local Conditions","42660","Seattle-Tacoma-Bellevue, WA","53","Washington","053","Pierce","47.1864","-122.4517"
"02/15/2020","AirNow","530530029","5","2.2","ug/m3 LC","9","TACOMA - L STREET","1","100.0000","88101","PM2.5 - Local Conditions","42660","Seattle-Tacoma-Bellevue, WA","53","Washington","053","Pierce","47.1864","-122.4517"
"02/16/2020","AirNow","530530029","5","3.4","ug/m3 LC","14","TACOMA - L STREET","1","100.0000","88101","PM2.5 - Local Conditions","42660","Seattle-Tacoma-Bellevue, WA","53","Washington","053","Pierce","47.1864","-122.4517"
"02/17/2020","AirNow","530530029","5","9","ug/m3 LC","38","TACOMA - L STREET","1","100.0000","88101","PM2.5 - Local Conditions","42660","Seattle-Tacoma-Bellevue, WA","53","Washington","053","Pierce","47.1864","-122.4517"
"02/18/2020","AirNow","530530029","5","10.8","ug/m3 LC","45","TACOMA - L STREET","1","100.0000","88101","PM2.5 - Local Conditions","42660","Seattle-Tacoma-Bellevue, WA","53","Washington","053","Pierce","47.1864","-122.4517"
"02/19/2020","AirNow","530530029","5","12.2","ug/m3 LC","51","TACOMA - L STREET","1","100.0000","88101","PM2.5 - Local Conditions","42660","Seattle-Tacoma-Bellevue, WA","53","Washington","053","Pierce","47.1864","-122.4517"
"02/20/2020","AirNow","530530029","5","13","ug/m3 LC","53","TACOMA - L STREET","1","100.0000","88101","PM2.5 - Local Conditions","42660","Seattle-Tacoma-Bellevue, WA","53","Washington","053","Pierce","47.1864","-122.4517"
"02/21/2020","AirNow","530530029","5","17.1","ug/m3 LC","62","TACOMA - L STREET","1","100.0000","88101","PM2.5 - Local Conditions","42660","Seattle-Tacoma-Bellevue, WA","53","Washington","053","Pierce","47.1864","-122.4517"
"02/22/2020","AirNow","530530029","5","7.5","ug/m3 LC","31","TACOMA - L STREET","1","100.0000","88101","PM2.5 - Local Conditions","42660","Seattle-Tacoma-Bellevue, WA","53","Washington","053","Pierce","47.1864","-122.4517"
"02/23/2020","AirNow","530530029","5","5.5","ug/m3 LC","23","TACOMA - L STREET","1","100.0000","88101","PM2.5 - Local Conditions","42660","Seattle-Tacoma-Bellevue, WA","53","Washington","053","Pierce","47.1864","-122.4517"
"02/24/2020","AirNow","530530029","5","9.3","ug/m3 LC","39","TACOMA - L STREET","1","100.0000","88101","PM2.5 - Local Conditions","42660","Seattle-Tacoma-Bellevue, WA","53","Washington","053","Pierce","47.1864","-122.4517"
"02/25/2020","AirNow","530530029","5","10.1","ug/m3 LC","42","TACOMA - L STREET","1","100.0000","88101","PM2.5 - Local Conditions","42660","Seattle-Tacoma-Bellevue, WA","53","Washington","053","Pierce","47.1864","-122.4517"
"02/26/2020","AirNow","530530029","5","9.7","ug/m3 LC","40","TACOMA - L STREET","1","100.0000","88101","PM2.5 - Local Conditions","42660","Seattle-Tacoma-Bellevue, WA","53","Washington","053","Pierce","47.1864","-122.4517"
"02/27/2020","AirNow","530530029","5","10.4","ug/m3 LC","43","TACOMA - L STREET","1","100.0000","88101","PM2.5 - Local Conditions","42660","Seattle-Tacoma-Bellevue, WA","53","Washington","053","Pierce","47.1864","-122.4517"
"02/28/2020","AirNow","530530029","5","9.9","ug/m3 LC","41","TACOMA - L STREET","1","100.0000","88101","PM2.5 - Local Conditions","42660","Seattle-Tacoma-Bellevue, WA","53","Washington","053","Pierce","47.1864","-122.4517"
"02/29/2020","AirNow","530530029","5","3.4","ug/m3 LC","14","TACOMA - L STREET","1","100.0000","88101","PM2.5 - Local Conditions","42660","Seattle-Tacoma-Bellevue, WA","53","Washington","053","Pierce","47.1864","-122.4517"
"03/01/2020","AirNow","530530029","5","7.3","ug/m3 LC","30","TACOMA - L STREET","1","100.0000","88101","PM2.5 - Local Conditions","42660","Seattle-Tacoma-Bellevue, WA","53","Washington","053","Pierce","47.1864","-122.4517"
"03/02/2020","AirNow","530530029","5","2.2","ug/m3 LC","9","TACOMA - L STREET","1","100.0000","88101","PM2.5 - Local Conditions","42660","Seattle-Tacoma-Bellevue, WA","53","Washington","053","Pierce","47.1864","-122.4517"
"03/03/2020","AirNow","530530029","5","0.6","ug/m3 LC","3","TACOMA - L STREET","1","100.0000","88101","PM2.5 - Local Conditions","42660","Seattle-Tacoma-Bellevue, WA","53","Washington","053","Pierce","47.1864","-122.4517"
"03/04/2020","AirNow","530530029","5","9.1","ug/m3 LC","38","TACOMA - L STREET","1","100.0000","88101","PM2.5 - Local Conditions","42660","Seattle-Tacoma-Bellevue, WA","53","Washington","053","Pierce","47.1864","-122.4517"
"03/05/2020","AirNow","530530029","5","10.7","ug/m3 LC","45","TACOMA - L STREET","1","100.0000","88101","PM2.5 - Local Conditions","42660","Seattle-Tacoma-Bellevue, WA","53","Washington","053","Pierce","47.1864","-122.4517"
"03/06/2020","AirNow","530530029","5","4.8","ug/m3 LC","20","TACOMA - L STREET","1","100.0000","88101","PM2.5 - Local Conditions","42660","Seattle-Tacoma-Bellevue, WA","53","Washington","053","Pierce","47.1864","-122.4517"
"03/07/2020","AirNow","530530029","5","7.8","ug/m3 LC","33","TACOMA - L STREET","1","100.0000","88101","PM2.5 - Local Conditions","42660","Seattle-Tacoma-Bellevue, WA","53","Washington","053","Pierce","47.1864","-122.4517"
"03/08/2020","AirNow","530530029","5","6.7","ug/m3 LC","28","TACOMA - L STREET","1","100.0000","88101","PM2.5 - Local Conditions","42660","Seattle-Tacoma-Bellevue, WA","53","Washington","053","Pierce","47.1864","-122.4517"
"03/09/2020","AirNow","530530029","5","12","ug/m3 LC","50","TACOMA - L STREET","1","100.0000","88101","PM2.5 - Local Conditions","42660","Seattle-Tacoma-Bellevue, WA","53","Washington","053","Pierce","47.1864","-122.4517"
"03/10/2020","AirNow","530530029","5","8.7","ug/m3 LC","36","TACOMA - L STREET","1","100.0000","88101","PM2.5 - Local Conditions","42660","Seattle-Tacoma-Bellevue, WA","53","Washington","053","Pierce","47.1864","-122.4517"
"03/11/2020","AirNow","530530029","5","2.8","ug/m3 LC","12","TACOMA - L STREET","1","100.0000","88101","PM2.5 - Local Conditions","42660","Seattle-Tacoma-Bellevue, WA","53","Washington","053","Pierce","47.1864","-122.4517"
"03/12/2020","AirNow","530530029","5","8.5","ug/m3 LC","35","TACOMA - L STREET","1","100.0000","88101","PM2.5 - Local Conditions","42660","Seattle-Tacoma-Bellevue, WA","53","Washington","053","Pierce","47.1864","-122.4517"
"03/13/2020","AirNow","530530029","5","4.7","ug/m3 LC","20","TACOMA - L STREET","1","100.0000","88101","PM2.5 - Local Conditions","42660","Seattle-Tacoma-Bellevue, WA","53","Washington","053","Pierce","47.1864","-122.4517"
"03/14/2020","AirNow","530530029","5","4.6","ug/m3 LC","19","TACOMA - L STREET","1","100.0000","88101","PM2.5 - Local Conditions","42660","Seattle-Tacoma-Bellevue, WA","53","Washington","053","Pierce","47.1864","-122.4517"
"03/15/2020","AirNow","530530029","5","4.7","ug/m3 LC","20","TACOMA - L STREET","1","100.0000","88101","PM2.5 - Local Conditions","42660","Seattle-Tacoma-Bellevue, WA","53","Washington","053","Pierce","47.1864","-122.4517"
"03/16/2020","AirNow","530530029","5","7.4","ug/m3 LC","31","TACOMA - L STREET","1","100.0000","88101","PM2.5 - Local Conditions","42660","Seattle-Tacoma-Bellevue, WA","53","Washington","053","Pierce","47.1864","-122.4517"
"03/17/2020","AirNow","530530029","5","17.6","ug/m3 LC","63","TACOMA - L STREET","1","100.0000","88101","PM2.5 - Local Conditions","42660","Seattle-Tacoma-Bellevue, WA","53","Washington","053","Pierce","47.1864","-122.4517"
"03/18/2020","AirNow","530530029","5","18","ug/m3 LC","63","TACOMA - L STREET","1","100.0000","88101","PM2.5 - Local Conditions","42660","Seattle-Tacoma-Bellevue, WA","53","Washington","053","Pierce","47.1864","-122.4517"
"03/19/2020","AirNow","530530029","5","21.1","ug/m3 LC","70","TACOMA - L STREET","1","100.0000","88101","PM2.5 - Local Conditions","42660","Seattle-Tacoma-Bellevue, WA","53","Washington","053","Pierce","47.1864","-122.4517"
"03/20/2020","AirNow","530530029","5","22.5","ug/m3 LC","73","TACOMA - L STREET","1","100.0000","88101","PM2.5 - Local Conditions","42660","Seattle-Tacoma-Bellevue, WA","53","Washington","053","Pierce","47.1864","-122.4517"
"03/21/2020","AirNow","530530029","5","19.9","ug/m3 LC","67","TACOMA - L STREET","1","100.0000","88101","PM2.5 - Local Conditions","42660","Seattle-Tacoma-Bellevue, WA","53","Washington","053","Pierce","47.1864","-122.4517"
"03/22/2020","AirNow","530530029","5","21.2","ug/m3 LC","70","TACOMA - L STREET","1","100.0000","88101","PM2.5 - Local Conditions","42660","Seattle-Tacoma-Bellevue, WA","53","Washington","053","Pierce","47.1864","-122.4517"
"03/23/2020","AirNow","530530029","5","1.5","ug/m3 LC","6","TACOMA - L STREET","1","100.0000","88101","PM2.5 - Local Conditions","42660","Seattle-Tacoma-Bellevue, WA","53","Washington","053","Pierce","47.1864","-122.4517"
"03/24/2020","AirNow","530530029","5","3.1","ug/m3 LC","13","TACOMA - L STREET","1","100.0000","88101","PM2.5 - Local Conditions","42660","Seattle-Tacoma-Bellevue, WA","53","Washington","053","Pierce","47.1864","-122.4517"
"03/25/2020","AirNow","530530029","5","2.6","ug/m3 LC","11","TACOMA - L STREET","1","100.0000","88101","PM2.5 - Local Conditions","42660","Seattle-Tacoma-Bellevue, WA","53","Washington","053","Pierce","47.1864","-122.4517"
"03/26/2020","AirNow","530530029","5","5.1","ug/m3 LC","21","TACOMA - L STREET","1","100.0000","88101","PM2.5 - Local Conditions","42660","Seattle-Tacoma-Bellevue, WA","53","Washington","053","Pierce","47.1864","-122.4517"
"03/27/2020","AirNow","530530029","5","5.6","ug/m3 LC","23","TACOMA - L STREET","1","100.0000","88101","PM2.5 - Local Conditions","42660","Seattle-Tacoma-Bellevue, WA","53","Washington","053","Pierce","47.1864","-122.4517"
"03/28/2020","AirNow","530530029","5","1.7","ug/m3 LC","7","TACOMA - L STREET","1","100.0000","88101","PM2.5 - Local Conditions","42660","Seattle-Tacoma-Bellevue, WA","53","Washington","053","Pierce","47.1864","-122.4517"
"03/29/2020","AirNow","530530029","5","1.9","ug/m3 LC","8","TACOMA - L STREET","1","100.0000","88101","PM2.5 - Local Conditions","42660","Seattle-Tacoma-Bellevue, WA","53","Washington","053","Pierce","47.1864","-122.4517"
"03/30/2020","AirNow","530530029","5","1.5","ug/m3 LC","6","TACOMA - L STREET","1","100.0000","88101","PM2.5 - Local Conditions","42660","Seattle-Tacoma-Bellevue, WA","53","Washington","053","Pierce","47.1864","-122.4517"
"03/31/2020","AirNow","530530029","5","1.1","ug/m3 LC","5","TACOMA - L STREET","1","100.0000","88101","PM2.5 - Local Conditions","42660","Seattle-Tacoma-Bellevue, WA","53","Washington","053","Pierce","47.1864","-122.4517"
"04/01/2020","AirNow","530530029","5","4","ug/m3 LC","17","TACOMA - L STREET","1","100.0000","88101","PM2.5 - Local Conditions","42660","Seattle-Tacoma-Bellevue, WA","53","Washington","053","Pierce","47.1864","-122.4517"
"04/02/2020","AirNow","530530029","5","5","ug/m3 LC","21","TACOMA - L STREET","1","100.0000","88101","PM2.5 - Local Conditions","42660","Seattle-Tacoma-Bellevue, WA","53","Washington","053","Pierce","47.1864","-122.4517"
"04/03/2020","AirNow","530530029","5","4.7","ug/m3 LC","20","TACOMA - L STREET","1","100.0000","88101","PM2.5 - Local Conditions","42660","Seattle-Tacoma-Bellevue, WA","53","Washington","053","Pierce","47.1864","-122.4517"
"04/04/2020","AirNow","530530029","5","6.6","ug/m3 LC","28","TACOMA - L STREET","1","100.0000","88101","PM2.5 - Local Conditions","42660","Seattle-Tacoma-Bellevue, WA","53","Washington","053","Pierce","47.1864","-122.4517"
"04/05/2020","AirNow","530530029","5","3.5","ug/m3 LC","15","TACOMA - L STREET","1","100.0000","88101","PM2.5 - Local Conditions","42660","Seattle-Tacoma-Bellevue, WA","53","Washington","053","Pierce","47.1864","-122.4517"
"04/06/2020","AirNow","530530029","5","7.7","ug/m3 LC","32","TACOMA - L STREET","1","100.0000","88101","PM2.5 - Local Conditions","42660","Seattle-Tacoma-Bellevue, WA","53","Washington","053","Pierce","47.1864","-122.4517"
"04/07/2020","AirNow","530530029","5","9.3","ug/m3 LC","39","TACOMA - L STREET","1","100.0000","88101","PM2.5 - Local Conditions","42660","Seattle-Tacoma-Bellevue, WA","53","Washington","053","Pierce","47.1864","-122.4517"
"04/08/2020","AirNow","530530029","5","14.8","ug/m3 LC","57","TACOMA - L STREET","1","100.0000","88101","PM2.5 - Local Conditions","42660","Seattle-Tacoma-Bellevue, WA","53","Washington","053","Pierce","47.1864","-122.4517"
"04/09/2020","AirNow","530530029","5","12.7","ug/m3 LC","52","TACOMA - L STREET","1","100.0000","88101","PM2.5 - Local Conditions","42660","Seattle-Tacoma-Bellevue, WA","53","Washington","053","Pierce","47.1864","-122.4517"
"04/10/2020","AirNow","530530029","5","10.4","ug/m3 LC","43","TACOMA - L STREET","1","100.0000","88101","PM2.5 - Local Conditions","42660","Seattle-Tacoma-Bellevue, WA","53","Washington","053","Pierce","47.1864","-122.4517"
"04/11/2020","AirNow","530530029","5","7.7","ug/m3 LC","32","TACOMA - L STREET","1","100.0000","88101","PM2.5 - Local Conditions","42660","Seattle-Tacoma-Bellevue, WA","53","Washington","053","Pierce","47.1864","-122.4517"
"04/12/2020","AirNow","530530029","5","11.5","ug/m3 LC","48","TACOMA - L STREET","1","100.0000","88101","PM2.5 - Local Conditions","42660","Seattle-Tacoma-Bellevue, WA","53","Washington","053","Pierce","47.1864","-122.4517"
"04/13/2020","AirNow","530530029","5","8.7","ug/m3 LC","36","TACOMA - L STREET","1","100.0000","88101","PM2.5 - Local Conditions","42660","Seattle-Tacoma-Bellevue, WA","53","Washington","053","Pierce","47.1864","-122.4517"
"04/14/2020","AirNow","530530029","5","7.1","ug/m3 LC","30","TACOMA - L STREET","1","100.0000","88101","PM2.5 - Local Conditions","42660","Seattle-Tacoma-Bellevue, WA","53","Washington","053","Pierce","47.1864","-122.4517"
"04/15/2020","AirNow","530530029","5","3.9","ug/m3 LC","16","TACOMA - L STREET","1","100.0000","88101","PM2.5 - Local Conditions","42660","Seattle-Tacoma-Bellevue, WA","53","Washington","053","Pierce","47.1864","-122.4517"
"04/16/2020","AirNow","530530029","5","9.4","ug/m3 LC","39","TACOMA - L STREET","1","100.0000","88101","PM2.5 - Local Conditions","42660","Seattle-Tacoma-Bellevue, WA","53","Washington","053","Pierce","47.1864","-122.4517"
"04/17/2020","AirNow","530530029","5","9.6","ug/m3 LC","40","TACOMA - L STREET","1","100.0000","88101","PM2.5 - Local Conditions","42660","Seattle-Tacoma-Bellevue, WA","53","Washington","053","Pierce","47.1864","-122.4517"
"04/18/2020","AirNow","530530029","5","5.2","ug/m3 LC","22","TACOMA - L STREET","1","100.0000","88101","PM2.5 - Local Conditions","42660","Seattle-Tacoma-Bellevue, WA","53","Washington","053","Pierce","47.1864","-122.4517"
"04/19/2020","AirNow","530530029","5","2.7","ug/m3 LC","11","TACOMA - L STREET","1","100.0000","88101","PM2.5 - Local Conditions","42660","Seattle-Tacoma-Bellevue, WA","53","Washington","053","Pierce","47.1864","-122.4517"
"04/20/2020","AirNow","530530029","5","6.8","ug/m3 LC","28","TACOMA - L STREET","1","100.0000","88101","PM2.5 - Local Conditions","42660","Seattle-Tacoma-Bellevue, WA","53","Washington","053","Pierce","47.1864","-122.4517"
"04/21/2020","AirNow","530530029","5","1.4","ug/m3 LC","6","TACOMA - L STREET","1","100.0000","88101","PM2.5 - Local Conditions","42660","Seattle-Tacoma-Bellevue, WA","53","Washington","053","Pierce","47.1864","-122.4517"
"04/22/2020","AirNow","530530029","5","3.4","ug/m3 LC","14","TACOMA - L STREET","1","100.0000","88101","PM2.5 - Local Conditions","42660","Seattle-Tacoma-Bellevue, WA","53","Washington","053","Pierce","47.1864","-122.4517"
"04/23/2020","AirNow","530530029","5","2.4","ug/m3 LC","10","TACOMA - L STREET","1","100.0000","88101","PM2.5 - Local Conditions","42660","Seattle-Tacoma-Bellevue, WA","53","Washington","053","Pierce","47.1864","-122.4517"
"04/24/2020","AirNow","530530029","5","6.6","ug/m3 LC","28","TACOMA - L STREET","1","100.0000","88101","PM2.5 - Local Conditions","42660","Seattle-Tacoma-Bellevue, WA","53","Washington","053","Pierce","47.1864","-122.4517"
"04/25/2020","AirNow","530530029","5","8.7","ug/m3 LC","36","TACOMA - L STREET","1","100.0000","88101","PM2.5 - Local Conditions","42660","Seattle-Tacoma-Bellevue, WA","53","Washington","053","Pierce","47.1864","-122.4517"
"04/26/2020","AirNow","530530029","5","5.6","ug/m3 LC","23","TACOMA - L STREET","1","100.0000","88101","PM2.5 - Local Conditions","42660","Seattle-Tacoma-Bellevue, WA","53","Washington","053","Pierce","47.1864","-122.4517"
"04/27/2020","AirNow","530530029","5","1.9","ug/m3 LC","8","TACOMA - L STREET","1","100.0000","88101","PM2.5 - Local Conditions","42660","Seattle-Tacoma-Bellevue, WA","53","Washington","053","Pierce","47.1864","-122.4517"
"04/28/2020","AirNow","530530029","5","7.4","ug/m3 LC","31","TACOMA - L STREET","1","100.0000","88101","PM2.5 - Local Conditions","42660","Seattle-Tacoma-Bellevue, WA","53","Washington","053","Pierce","47.1864","-122.4517"
"04/29/2020","AirNow","530530029","5","4.5","ug/m3 LC","19","TACOMA - L STREET","1","100.0000","88101","PM2.5 - Local Conditions","42660","Seattle-Tacoma-Bellevue, WA","53","Washington","053","Pierce","47.1864","-122.4517"
"04/30/2020","AirNow","530530029","5","2.2","ug/m3 LC","9","TACOMA - L STREET","1","100.0000","88101","PM2.5 - Local Conditions","42660","Seattle-Tacoma-Bellevue, WA","53","Washington","053","Pierce","47.1864","-122.4517"
"05/01/2020","AirNow","530530029","5","6.8","ug/m3 LC","28","TACOMA - L STREET","1","100.0000","88101","PM2.5 - Local Conditions","42660","Seattle-Tacoma-Bellevue, WA","53","Washington","053","Pierce","47.1864","-122.4517"
"05/02/2020","AirNow","530530029","5","6.5","ug/m3 LC","27","TACOMA - L STREET","1","100.0000","88101","PM2.5 - Local Conditions","42660","Seattle-Tacoma-Bellevue, WA","53","Washington","053","Pierce","47.1864","-122.4517"
"01/01/2020","AQS","530530031","4","2.6","ug/m3 LC","11","TACOMA - ALEXANDER AVE","1","100.0000","88502","Acceptable PM2.5 AQI & Speciation Mass","42660","Seattle-Tacoma-Bellevue, WA","53","Washington","053","Pierce","47.2656","-122.3858"
"01/02/2020","AQS","530530031","4","3.4","ug/m3 LC","14","TACOMA - ALEXANDER AVE","1","100.0000","88502","Acceptable PM2.5 AQI & Speciation Mass","42660","Seattle-Tacoma-Bellevue, WA","53","Washington","053","Pierce","47.2656","-122.3858"
"01/03/2020","AQS","530530031","4","4","ug/m3 LC","17","TACOMA - ALEXANDER AVE","1","100.0000","88502","Acceptable PM2.5 AQI & Speciation Mass","42660","Seattle-Tacoma-Bellevue, WA","53","Washington","053","Pierce","47.2656","-122.3858"
"01/04/2020","AQS","530530031","4","2.8","ug/m3 LC","12","TACOMA - ALEXANDER AVE","1","100.0000","88502","Acceptable PM2.5 AQI & Speciation Mass","42660","Seattle-Tacoma-Bellevue, WA","53","Washington","053","Pierce","47.2656","-122.3858"
"01/05/2020","AQS","530530031","4","2.4","ug/m3 LC","10","TACOMA - ALEXANDER AVE","1","100.0000","88502","Acceptable PM2.5 AQI & Speciation Mass","42660","Seattle-Tacoma-Bellevue, WA","53","Washington","053","Pierce","47.2656","-122.3858"
"01/06/2020","AQS","530530031","4","1.8","ug/m3 LC","8","TACOMA - ALEXANDER AVE","1","100.0000","88502","Acceptable PM2.5 AQI & Speciation Mass","42660","Seattle-Tacoma-Bellevue, WA","53","Washington","053","Pierce","47.2656","-122.3858"
"01/07/2020","AQS","530530031","4","2","ug/m3 LC","8","TACOMA - ALEXANDER AVE","1","100.0000","88502","Acceptable PM2.5 AQI & Speciation Mass","42660","Seattle-Tacoma-Bellevue, WA","53","Washington","053","Pierce","47.2656","-122.3858"
"01/08/2020","AQS","530530031","4","3","ug/m3 LC","13","TACOMA - ALEXANDER AVE","1","100.0000","88502","Acceptable PM2.5 AQI & Speciation Mass","42660","Seattle-Tacoma-Bellevue, WA","53","Washington","053","Pierce","47.2656","-122.3858"
"01/09/2020","AQS","530530031","4","7.4","ug/m3 LC","31","TACOMA - ALEXANDER AVE","1","100.0000","88502","Acceptable PM2.5 AQI & Speciation Mass","42660","Seattle-Tacoma-Bellevue, WA","53","Washington","053","Pierce","47.2656","-122.3858"
"01/10/2020","AQS","530530031","4","4","ug/m3 LC","17","TACOMA - ALEXANDER AVE","1","100.0000","88502","Acceptable PM2.5 AQI & Speciation Mass","42660","Seattle-Tacoma-Bellevue, WA","53","Washington","053","Pierce","47.2656","-122.3858"
"01/11/2020","AQS","530530031","4","3","ug/m3 LC","13","TACOMA - ALEXANDER AVE","1","100.0000","88502","Acceptable PM2.5 AQI & Speciation Mass","42660","Seattle-Tacoma-Bellevue, WA","53","Washington","053","Pierce","47.2656","-122.3858"
"01/12/2020","AQS","530530031","4","2.5","ug/m3 LC","10","TACOMA - ALEXANDER AVE","1","100.0000","88502","Acceptable PM2.5 AQI & Speciation Mass","42660","Seattle-Tacoma-Bellevue, WA","53","Washington","053","Pierce","47.2656","-122.3858"
"01/13/2020","AQS","530530031","4","4.3","ug/m3 LC","18","TACOMA - ALEXANDER AVE","1","100.0000","88502","Acceptable PM2.5 AQI & Speciation Mass","42660","Seattle-Tacoma-Bellevue, WA","53","Washington","053","Pierce","47.2656","-122.3858"
"01/14/2020","AQS","530530031","4","3.4","ug/m3 LC","14","TACOMA - ALEXANDER AVE","1","100.0000","88502","Acceptable PM2.5 AQI & Speciation Mass","42660","Seattle-Tacoma-Bellevue, WA","53","Washington","053","Pierce","47.2656","-122.3858"
"01/15/2020","AQS","530530031","4","2.6","ug/m3 LC","11","TACOMA - ALEXANDER AVE","1","100.0000","88502","Acceptable PM2.5 AQI & Speciation Mass","42660","Seattle-Tacoma-Bellevue, WA","53","Washington","053","Pierce","47.2656","-122.3858"
"01/16/2020","AQS","530530031","4","3.1","ug/m3 LC","13","TACOMA - ALEXANDER AVE","1","100.0000","88502","Acceptable PM2.5 AQI & Speciation Mass","42660","Seattle-Tacoma-Bellevue, WA","53","Washington","053","Pierce","47.2656","-122.3858"
"01/17/2020","AQS","530530031","4","5.5","ug/m3 LC","23","TACOMA - ALEXANDER AVE","1","100.0000","88502","Acceptable PM2.5 AQI & Speciation Mass","42660","Seattle-Tacoma-Bellevue, WA","53","Washington","053","Pierce","47.2656","-122.3858"
"01/18/2020","AQS","530530031","4","3.6","ug/m3 LC","15","TACOMA - ALEXANDER AVE","1","100.0000","88502","Acceptable PM2.5 AQI & Speciation Mass","42660","Seattle-Tacoma-Bellevue, WA","53","Washington","053","Pierce","47.2656","-122.3858"
"01/19/2020","AQS","530530031","4","6.5","ug/m3 LC","27","TACOMA - ALEXANDER AVE","1","100.0000","88502","Acceptable PM2.5 AQI & Speciation Mass","42660","Seattle-Tacoma-Bellevue, WA","53","Washington","053","Pierce","47.2656","-122.3858"
"01/20/2020","AQS","530530031","4","9.8","ug/m3 LC","41","TACOMA - ALEXANDER AVE","1","100.0000","88502","Acceptable PM2.5 AQI & Speciation Mass","42660","Seattle-Tacoma-Bellevue, WA","53","Washington","053","Pierce","47.2656","-122.3858"
"01/21/2020","AQS","530530031","4","4.4","ug/m3 LC","18","TACOMA - ALEXANDER AVE","1","100.0000","88502","Acceptable PM2.5 AQI & Speciation Mass","42660","Seattle-Tacoma-Bellevue, WA","53","Washington","053","Pierce","47.2656","-122.3858"
"01/22/2020","AQS","530530031","4","3.7","ug/m3 LC","15","TACOMA - ALEXANDER AVE","1","100.0000","88502","Acceptable PM2.5 AQI & Speciation Mass","42660","Seattle-Tacoma-Bellevue, WA","53","Washington","053","Pierce","47.2656","-122.3858"
"01/23/2020","AQS","530530031","4","3","ug/m3 LC","13","TACOMA - ALEXANDER AVE","1","100.0000","88502","Acceptable PM2.5 AQI & Speciation Mass","42660","Seattle-Tacoma-Bellevue, WA","53","Washington","053","Pierce","47.2656","-122.3858"
"01/24/2020","AQS","530530031","4","3.1","ug/m3 LC","13","TACOMA - ALEXANDER AVE","1","100.0000","88502","Acceptable PM2.5 AQI & Speciation Mass","42660","Seattle-Tacoma-Bellevue, WA","53","Washington","053","Pierce","47.2656","-122.3858"
"01/25/2020","AQS","530530031","4","4.3","ug/m3 LC","18","TACOMA - ALEXANDER AVE","1","100.0000","88502","Acceptable PM2.5 AQI & Speciation Mass","42660","Seattle-Tacoma-Bellevue, WA","53","Washington","053","Pierce","47.2656","-122.3858"
"01/26/2020","AQS","530530031","4","3.4","ug/m3 LC","14","TACOMA - ALEXANDER AVE","1","100.0000","88502","Acceptable PM2.5 AQI & Speciation Mass","42660","Seattle-Tacoma-Bellevue, WA","53","Washington","053","Pierce","47.2656","-122.3858"
"01/27/2020","AQS","530530031","4","3.4","ug/m3 LC","14","TACOMA - ALEXANDER AVE","1","100.0000","88502","Acceptable PM2.5 AQI & Speciation Mass","42660","Seattle-Tacoma-Bellevue, WA","53","Washington","053","Pierce","47.2656","-122.3858"
"01/28/2020","AQS","530530031","4","3.5","ug/m3 LC","15","TACOMA - ALEXANDER AVE","1","100.0000","88502","Acceptable PM2.5 AQI & Speciation Mass","42660","Seattle-Tacoma-Bellevue, WA","53","Washington","053","Pierce","47.2656","-122.3858"
"01/29/2020","AQS","530530031","4","4.3","ug/m3 LC","18","TACOMA - ALEXANDER AVE","1","100.0000","88502","Acceptable PM2.5 AQI & Speciation Mass","42660","Seattle-Tacoma-Bellevue, WA","53","Washington","053","Pierce","47.2656","-122.3858"
"01/30/2020","AQS","530530031","4","5.7","ug/m3 LC","24","TACOMA - ALEXANDER AVE","1","100.0000","88502","Acceptable PM2.5 AQI & Speciation Mass","42660","Seattle-Tacoma-Bellevue, WA","53","Washington","053","Pierce","47.2656","-122.3858"
"01/31/2020","AQS","530530031","4","2.2","ug/m3 LC","9","TACOMA - ALEXANDER AVE","1","100.0000","88502","Acceptable PM2.5 AQI & Speciation Mass","42660","Seattle-Tacoma-Bellevue, WA","53","Washington","053","Pierce","47.2656","-122.3858"
"02/01/2020","AirNow","530530031","4","2.4","ug/m3 LC","10","TACOMA - ALEXANDER AVE","1","100.0000","88502","Acceptable PM2.5 AQI & Speciation Mass","42660","Seattle-Tacoma-Bellevue, WA","53","Washington","053","Pierce","47.2656","-122.3858"
"02/02/2020","AirNow","530530031","4","4.7","ug/m3 LC","20","TACOMA - ALEXANDER AVE","1","100.0000","88502","Acceptable PM2.5 AQI & Speciation Mass","42660","Seattle-Tacoma-Bellevue, WA","53","Washington","053","Pierce","47.2656","-122.3858"
"02/03/2020","AirNow","530530031","4","4.6","ug/m3 LC","19","TACOMA - ALEXANDER AVE","1","100.0000","88502","Acceptable PM2.5 AQI & Speciation Mass","42660","Seattle-Tacoma-Bellevue, WA","53","Washington","053","Pierce","47.2656","-122.3858"
"02/04/2020","AirNow","530530031","4","6.3","ug/m3 LC","26","TACOMA - ALEXANDER AVE","1","100.0000","88502","Acceptable PM2.5 AQI & Speciation Mass","42660","Seattle-Tacoma-Bellevue, WA","53","Washington","053","Pierce","47.2656","-122.3858"
"02/05/2020","AirNow","530530031","4","1.8","ug/m3 LC","8","TACOMA - ALEXANDER AVE","1","100.0000","88502","Acceptable PM2.5 AQI & Speciation Mass","42660","Seattle-Tacoma-Bellevue, WA","53","Washington","053","Pierce","47.2656","-122.3858"
"02/06/2020","AirNow","530530031","4","1.7","ug/m3 LC","7","TACOMA - ALEXANDER AVE","1","100.0000","88502","Acceptable PM2.5 AQI & Speciation Mass","42660","Seattle-Tacoma-Bellevue, WA","53","Washington","053","Pierce","47.2656","-122.3858"
"02/07/2020","AirNow","530530031","4","2.1","ug/m3 LC","9","TACOMA - ALEXANDER AVE","1","100.0000","88502","Acceptable PM2.5 AQI & Speciation Mass","42660","Seattle-Tacoma-Bellevue, WA","53","Washington","053","Pierce","47.2656","-122.3858"
"02/08/2020","AirNow","530530031","4","4","ug/m3 LC","17","TACOMA - ALEXANDER AVE","1","100.0000","88502","Acceptable PM2.5 AQI & Speciation Mass","42660","Seattle-Tacoma-Bellevue, WA","53","Washington","053","Pierce","47.2656","-122.3858"
"02/09/2020","AirNow","530530031","4","5.8","ug/m3 LC","24","TACOMA - ALEXANDER AVE","1","100.0000","88502","Acceptable PM2.5 AQI & Speciation Mass","42660","Seattle-Tacoma-Bellevue, WA","53","Washington","053","Pierce","47.2656","-122.3858"
"02/10/2020","AirNow","530530031","4","11.6","ug/m3 LC","48","TACOMA - ALEXANDER AVE","1","100.0000","88502","Acceptable PM2.5 AQI & Speciation Mass","42660","Seattle-Tacoma-Bellevue, WA","53","Washington","053","Pierce","47.2656","-122.3858"
"02/11/2020","AirNow","530530031","4","6.2","ug/m3 LC","26","TACOMA - ALEXANDER AVE","1","100.0000","88502","Acceptable PM2.5 AQI & Speciation Mass","42660","Seattle-Tacoma-Bellevue, WA","53","Washington","053","Pierce","47.2656","-122.3858"
"02/12/2020","AirNow","530530031","4","4.2","ug/m3 LC","18","TACOMA - ALEXANDER AVE","1","100.0000","88502","Acceptable PM2.5 AQI & Speciation Mass","42660","Seattle-Tacoma-Bellevue, WA","53","Washington","053","Pierce","47.2656","-122.3858"
"02/13/2020","AirNow","530530031","4","5.1","ug/m3 LC","21","TACOMA - ALEXANDER AVE","1","100.0000","88502","Acceptable PM2.5 AQI & Speciation Mass","42660","Seattle-Tacoma-Bellevue, WA","53","Washington","053","Pierce","47.2656","-122.3858"
"02/14/2020","AirNow","530530031","4","2.8","ug/m3 LC","12","TACOMA - ALEXANDER AVE","1","100.0000","88502","Acceptable PM2.5 AQI & Speciation Mass","42660","Seattle-Tacoma-Bellevue, WA","53","Washington","053","Pierce","47.2656","-122.3858"
"02/15/2020","AirNow","530530031","4","2","ug/m3 LC","8","TACOMA - ALEXANDER AVE","1","100.0000","88502","Acceptable PM2.5 AQI & Speciation Mass","42660","Seattle-Tacoma-Bellevue, WA","53","Washington","053","Pierce","47.2656","-122.3858"
"02/16/2020","AirNow","530530031","4","2.9","ug/m3 LC","12","TACOMA - ALEXANDER AVE","1","100.0000","88502","Acceptable PM2.5 AQI & Speciation Mass","42660","Seattle-Tacoma-Bellevue, WA","53","Washington","053","Pierce","47.2656","-122.3858"
"02/17/2020","AirNow","530530031","4","4.6","ug/m3 LC","19","TACOMA - ALEXANDER AVE","1","100.0000","88502","Acceptable PM2.5 AQI & Speciation Mass","42660","Seattle-Tacoma-Bellevue, WA","53","Washington","053","Pierce","47.2656","-122.3858"
"02/18/2020","AirNow","530530031","4","6.4","ug/m3 LC","27","TACOMA - ALEXANDER AVE","1","100.0000","88502","Acceptable PM2.5 AQI & Speciation Mass","42660","Seattle-Tacoma-Bellevue, WA","53","Washington","053","Pierce","47.2656","-122.3858"
"02/19/2020","AirNow","530530031","4","7.2","ug/m3 LC","30","TACOMA - ALEXANDER AVE","1","100.0000","88502","Acceptable PM2.5 AQI & Speciation Mass","42660","Seattle-Tacoma-Bellevue, WA","53","Washington","053","Pierce","47.2656","-122.3858"
"02/20/2020","AirNow","530530031","4","7.9","ug/m3 LC","33","TACOMA - ALEXANDER AVE","1","100.0000","88502","Acceptable PM2.5 AQI & Speciation Mass","42660","Seattle-Tacoma-Bellevue, WA","53","Washington","053","Pierce","47.2656","-122.3858"
"02/21/2020","AirNow","530530031","4","8.3","ug/m3 LC","35","TACOMA - ALEXANDER AVE","1","100.0000","88502","Acceptable PM2.5 AQI & Speciation Mass","42660","Seattle-Tacoma-Bellevue, WA","53","Washington","053","Pierce","47.2656","-122.3858"
"02/22/2020","AirNow","530530031","4","5","ug/m3 LC","21","TACOMA - ALEXANDER AVE","1","100.0000","88502","Acceptable PM2.5 AQI & Speciation Mass","42660","Seattle-Tacoma-Bellevue, WA","53","Washington","053","Pierce","47.2656","-122.3858"
"02/23/2020","AirNow","530530031","4","4.6","ug/m3 LC","19","TACOMA - ALEXANDER AVE","1","100.0000","88502","Acceptable PM2.5 AQI & Speciation Mass","42660","Seattle-Tacoma-Bellevue, WA","53","Washington","053","Pierce","47.2656","-122.3858"
"02/24/2020","AirNow","530530031","4","5.1","ug/m3 LC","21","TACOMA - ALEXANDER AVE","1","100.0000","88502","Acceptable PM2.5 AQI & Speciation Mass","42660","Seattle-Tacoma-Bellevue, WA","53","Washington","053","Pierce","47.2656","-122.3858"
"02/25/2020","AirNow","530530031","4","9.2","ug/m3 LC","38","TACOMA - ALEXANDER AVE","1","100.0000","88502","Acceptable PM2.5 AQI & Speciation Mass","42660","Seattle-Tacoma-Bellevue, WA","53","Washington","053","Pierce","47.2656","-122.3858"
"02/26/2020","AirNow","530530031","4","5.7","ug/m3 LC","24","TACOMA - ALEXANDER AVE","1","100.0000","88502","Acceptable PM2.5 AQI & Speciation Mass","42660","Seattle-Tacoma-Bellevue, WA","53","Washington","053","Pierce","47.2656","-122.3858"
"02/27/2020","AirNow","530530031","4","6.5","ug/m3 LC","27","TACOMA - ALEXANDER AVE","1","100.0000","88502","Acceptable PM2.5 AQI & Speciation Mass","42660","Seattle-Tacoma-Bellevue, WA","53","Washington","053","Pierce","47.2656","-122.3858"
"02/28/2020","AirNow","530530031","4","6.4","ug/m3 LC","27","TACOMA - ALEXANDER AVE","1","100.0000","88502","Acceptable PM2.5 AQI & Speciation Mass","42660","Seattle-Tacoma-Bellevue, WA","53","Washington","053","Pierce","47.2656","-122.3858"
"02/29/2020","AirNow","530530031","4","2.6","ug/m3 LC","11","TACOMA - ALEXANDER AVE","1","100.0000","88502","Acceptable PM2.5 AQI & Speciation Mass","42660","Seattle-Tacoma-Bellevue, WA","53","Washington","053","Pierce","47.2656","-122.3858"
"03/01/2020","AirNow","530530031","4","5","ug/m3 LC","21","TACOMA - ALEXANDER AVE","1","100.0000","88502","Acceptable PM2.5 AQI & Speciation Mass","42660","Seattle-Tacoma-Bellevue, WA","53","Washington","053","Pierce","47.2656","-122.3858"
"03/02/2020","AirNow","530530031","4","2.5","ug/m3 LC","10","TACOMA - ALEXANDER AVE","1","100.0000","88502","Acceptable PM2.5 AQI & Speciation Mass","42660","Seattle-Tacoma-Bellevue, WA","53","Washington","053","Pierce","47.2656","-122.3858"
"03/03/2020","AirNow","530530031","4","1.9","ug/m3 LC","8","TACOMA - ALEXANDER AVE","1","100.0000","88502","Acceptable PM2.5 AQI & Speciation Mass","42660","Seattle-Tacoma-Bellevue, WA","53","Washington","053","Pierce","47.2656","-122.3858"
"03/04/2020","AirNow","530530031","4","5.4","ug/m3 LC","23","TACOMA - ALEXANDER AVE","1","100.0000","88502","Acceptable PM2.5 AQI & Speciation Mass","42660","Seattle-Tacoma-Bellevue, WA","53","Washington","053","Pierce","47.2656","-122.3858"
"03/05/2020","AirNow","530530031","4","5.7","ug/m3 LC","24","TACOMA - ALEXANDER AVE","1","100.0000","88502","Acceptable PM2.5 AQI & Speciation Mass","42660","Seattle-Tacoma-Bellevue, WA","53","Washington","053","Pierce","47.2656","-122.3858"
"03/06/2020","AirNow","530530031","4","3.4","ug/m3 LC","14","TACOMA - ALEXANDER AVE","1","100.0000","88502","Acceptable PM2.5 AQI & Speciation Mass","42660","Seattle-Tacoma-Bellevue, WA","53","Washington","053","Pierce","47.2656","-122.3858"
"03/07/2020","AirNow","530530031","4","4.6","ug/m3 LC","19","TACOMA - ALEXANDER AVE","1","100.0000","88502","Acceptable PM2.5 AQI & Speciation Mass","42660","Seattle-Tacoma-Bellevue, WA","53","Washington","053","Pierce","47.2656","-122.3858"
"03/08/2020","AirNow","530530031","4","4.5","ug/m3 LC","19","TACOMA - ALEXANDER AVE","1","100.0000","88502","Acceptable PM2.5 AQI & Speciation Mass","42660","Seattle-Tacoma-Bellevue, WA","53","Washington","053","Pierce","47.2656","-122.3858"
"03/09/2020","AirNow","530530031","4","6.3","ug/m3 LC","26","TACOMA - ALEXANDER AVE","1","100.0000","88502","Acceptable PM2.5 AQI & Speciation Mass","42660","Seattle-Tacoma-Bellevue, WA","53","Washington","053","Pierce","47.2656","-122.3858"
"03/10/2020","AirNow","530530031","4","5.4","ug/m3 LC","23","TACOMA - ALEXANDER AVE","1","100.0000","88502","Acceptable PM2.5 AQI & Speciation Mass","42660","Seattle-Tacoma-Bellevue, WA","53","Washington","053","Pierce","47.2656","-122.3858"
"03/11/2020","AirNow","530530031","4","3","ug/m3 LC","13","TACOMA - ALEXANDER AVE","1","100.0000","88502","Acceptable PM2.5 AQI & Speciation Mass","42660","Seattle-Tacoma-Bellevue, WA","53","Washington","053","Pierce","47.2656","-122.3858"
"03/12/2020","AirNow","530530031","4","5.7","ug/m3 LC","24","TACOMA - ALEXANDER AVE","1","100.0000","88502","Acceptable PM2.5 AQI & Speciation Mass","42660","Seattle-Tacoma-Bellevue, WA","53","Washington","053","Pierce","47.2656","-122.3858"
"03/13/2020","AirNow","530530031","4","3.8","ug/m3 LC","16","TACOMA - ALEXANDER AVE","1","100.0000","88502","Acceptable PM2.5 AQI & Speciation Mass","42660","Seattle-Tacoma-Bellevue, WA","53","Washington","053","Pierce","47.2656","-122.3858"
"03/14/2020","AirNow","530530031","4","3.4","ug/m3 LC","14","TACOMA - ALEXANDER AVE","1","100.0000","88502","Acceptable PM2.5 AQI & Speciation Mass","42660","Seattle-Tacoma-Bellevue, WA","53","Washington","053","Pierce","47.2656","-122.3858"
"03/15/2020","AirNow","530530031","4","3.4","ug/m3 LC","14","TACOMA - ALEXANDER AVE","1","100.0000","88502","Acceptable PM2.5 AQI & Speciation Mass","42660","Seattle-Tacoma-Bellevue, WA","53","Washington","053","Pierce","47.2656","-122.3858"
"03/16/2020","AirNow","530530031","4","4.3","ug/m3 LC","18","TACOMA - ALEXANDER AVE","1","100.0000","88502","Acceptable PM2.5 AQI & Speciation Mass","42660","Seattle-Tacoma-Bellevue, WA","53","Washington","053","Pierce","47.2656","-122.3858"
"03/17/2020","AirNow","530530031","4","8.6","ug/m3 LC","36","TACOMA - ALEXANDER AVE","1","100.0000","88502","Acceptable PM2.5 AQI & Speciation Mass","42660","Seattle-Tacoma-Bellevue, WA","53","Washington","053","Pierce","47.2656","-122.3858"
"03/18/2020","AirNow","530530031","4","9.7","ug/m3 LC","40","TACOMA - ALEXANDER AVE","1","100.0000","88502","Acceptable PM2.5 AQI & Speciation Mass","42660","Seattle-Tacoma-Bellevue, WA","53","Washington","053","Pierce","47.2656","-122.3858"
"03/19/2020","AirNow","530530031","4","10.6","ug/m3 LC","44","TACOMA - ALEXANDER AVE","1","100.0000","88502","Acceptable PM2.5 AQI & Speciation Mass","42660","Seattle-Tacoma-Bellevue, WA","53","Washington","053","Pierce","47.2656","-122.3858"
"03/20/2020","AirNow","530530031","4","11.5","ug/m3 LC","48","TACOMA - ALEXANDER AVE","1","100.0000","88502","Acceptable PM2.5 AQI & Speciation Mass","42660","Seattle-Tacoma-Bellevue, WA","53","Washington","053","Pierce","47.2656","-122.3858"
"03/21/2020","AirNow","530530031","4","8.9","ug/m3 LC","37","TACOMA - ALEXANDER AVE","1","100.0000","88502","Acceptable PM2.5 AQI & Speciation Mass","42660","Seattle-Tacoma-Bellevue, WA","53","Washington","053","Pierce","47.2656","-122.3858"
"03/22/2020","AirNow","530530031","4","11.8","ug/m3 LC","49","TACOMA - ALEXANDER AVE","1","100.0000","88502","Acceptable PM2.5 AQI & Speciation Mass","42660","Seattle-Tacoma-Bellevue, WA","53","Washington","053","Pierce","47.2656","-122.3858"
"03/23/2020","AirNow","530530031","4","2.6","ug/m3 LC","11","TACOMA - ALEXANDER AVE","1","100.0000","88502","Acceptable PM2.5 AQI & Speciation Mass","42660","Seattle-Tacoma-Bellevue, WA","53","Washington","053","Pierce","47.2656","-122.3858"
"03/24/2020","AirNow","530530031","4","2.4","ug/m3 LC","10","TACOMA - ALEXANDER AVE","1","100.0000","88502","Acceptable PM2.5 AQI & Speciation Mass","42660","Seattle-Tacoma-Bellevue, WA","53","Washington","053","Pierce","47.2656","-122.3858"
"03/25/2020","AirNow","530530031","4","2.7","ug/m3 LC","11","TACOMA - ALEXANDER AVE","1","100.0000","88502","Acceptable PM2.5 AQI & Speciation Mass","42660","Seattle-Tacoma-Bellevue, WA","53","Washington","053","Pierce","47.2656","-122.3858"
"03/26/2020","AirNow","530530031","4","4.4","ug/m3 LC","18","TACOMA - ALEXANDER AVE","1","100.0000","88502","Acceptable PM2.5 AQI & Speciation Mass","42660","Seattle-Tacoma-Bellevue, WA","53","Washington","053","Pierce","47.2656","-122.3858"
"03/27/2020","AirNow","530530031","4","4.5","ug/m3 LC","19","TACOMA - ALEXANDER AVE","1","100.0000","88502","Acceptable PM2.5 AQI & Speciation Mass","42660","Seattle-Tacoma-Bellevue, WA","53","Washington","053","Pierce","47.2656","-122.3858"
"03/28/2020","AirNow","530530031","4","1.9","ug/m3 LC","8","TACOMA - ALEXANDER AVE","1","100.0000","88502","Acceptable PM2.5 AQI & Speciation Mass","42660","Seattle-Tacoma-Bellevue, WA","53","Washington","053","Pierce","47.2656","-122.3858"
"03/29/2020","AirNow","530530031","4","1.9","ug/m3 LC","8","TACOMA - ALEXANDER AVE","1","100.0000","88502","Acceptable PM2.5 AQI & Speciation Mass","42660","Seattle-Tacoma-Bellevue, WA","53","Washington","053","Pierce","47.2656","-122.3858"
"03/30/2020","AirNow","530530031","4","2.1","ug/m3 LC","9","TACOMA - ALEXANDER AVE","1","100.0000","88502","Acceptable PM2.5 AQI & Speciation Mass","42660","Seattle-Tacoma-Bellevue, WA","53","Washington","053","Pierce","47.2656","-122.3858"
"03/31/2020","AirNow","530530031","4","2.3","ug/m3 LC","10","TACOMA - ALEXANDER AVE","1","100.0000","88502","Acceptable PM2.5 AQI & Speciation Mass","42660","Seattle-Tacoma-Bellevue, WA","53","Washington","053","Pierce","47.2656","-122.3858"
"04/01/2020","AirNow","530530031","4","3.2","ug/m3 LC","13","TACOMA - ALEXANDER AVE","1","100.0000","88502","Acceptable PM2.5 AQI & Speciation Mass","42660","Seattle-Tacoma-Bellevue, WA","53","Washington","053","Pierce","47.2656","-122.3858"
"04/02/2020","AirNow","530530031","4","4.4","ug/m3 LC","18","TACOMA - ALEXANDER AVE","1","100.0000","88502","Acceptable PM2.5 AQI & Speciation Mass","42660","Seattle-Tacoma-Bellevue, WA","53","Washington","053","Pierce","47.2656","-122.3858"
"04/03/2020","AirNow","530530031","4","2.6","ug/m3 LC","11","TACOMA - ALEXANDER AVE","1","100.0000","88502","Acceptable PM2.5 AQI & Speciation Mass","42660","Seattle-Tacoma-Bellevue, WA","53","Washington","053","Pierce","47.2656","-122.3858"
"04/04/2020","AirNow","530530031","4","4.2","ug/m3 LC","18","TACOMA - ALEXANDER AVE","1","100.0000","88502","Acceptable PM2.5 AQI & Speciation Mass","42660","Seattle-Tacoma-Bellevue, WA","53","Washington","053","Pierce","47.2656","-122.3858"
"04/05/2020","AirNow","530530031","4","3.3","ug/m3 LC","14","TACOMA - ALEXANDER AVE","1","100.0000","88502","Acceptable PM2.5 AQI & Speciation Mass","42660","Seattle-Tacoma-Bellevue, WA","53","Washington","053","Pierce","47.2656","-122.3858"
"04/06/2020","AirNow","530530031","4","5.3","ug/m3 LC","22","TACOMA - ALEXANDER AVE","1","100.0000","88502","Acceptable PM2.5 AQI & Speciation Mass","42660","Seattle-Tacoma-Bellevue, WA","53","Washington","053","Pierce","47.2656","-122.3858"
"04/07/2020","AirNow","530530031","4","5.4","ug/m3 LC","23","TACOMA - ALEXANDER AVE","1","100.0000","88502","Acceptable PM2.5 AQI & Speciation Mass","42660","Seattle-Tacoma-Bellevue, WA","53","Washington","053","Pierce","47.2656","-122.3858"
"04/08/2020","AirNow","530530031","4","8.3","ug/m3 LC","35","TACOMA - ALEXANDER AVE","1","100.0000","88502","Acceptable PM2.5 AQI & Speciation Mass","42660","Seattle-Tacoma-Bellevue, WA","53","Washington","053","Pierce","47.2656","-122.3858"
"04/09/2020","AirNow","530530031","4","9.4","ug/m3 LC","39","TACOMA - ALEXANDER AVE","1","100.0000","88502","Acceptable PM2.5 AQI & Speciation Mass","42660","Seattle-Tacoma-Bellevue, WA","53","Washington","053","Pierce","47.2656","-122.3858"
"04/10/2020","AirNow","530530031","4","7","ug/m3 LC","29","TACOMA - ALEXANDER AVE","1","100.0000","88502","Acceptable PM2.5 AQI & Speciation Mass","42660","Seattle-Tacoma-Bellevue, WA","53","Washington","053","Pierce","47.2656","-122.3858"
"04/11/2020","AirNow","530530031","4","4.6","ug/m3 LC","19","TACOMA - ALEXANDER AVE","1","100.0000","88502","Acceptable PM2.5 AQI & Speciation Mass","42660","Seattle-Tacoma-Bellevue, WA","53","Washington","053","Pierce","47.2656","-122.3858"
"04/12/2020","AirNow","530530031","4","5.7","ug/m3 LC","24","TACOMA - ALEXANDER AVE","1","100.0000","88502","Acceptable PM2.5 AQI & Speciation Mass","42660","Seattle-Tacoma-Bellevue, WA","53","Washington","053","Pierce","47.2656","-122.3858"
"04/13/2020","AirNow","530530031","4","5.5","ug/m3 LC","23","TACOMA - ALEXANDER AVE","1","100.0000","88502","Acceptable PM2.5 AQI & Speciation Mass","42660","Seattle-Tacoma-Bellevue, WA","53","Washington","053","Pierce","47.2656","-122.3858"
"04/14/2020","AirNow","530530031","4","5.5","ug/m3 LC","23","TACOMA - ALEXANDER AVE","1","100.0000","88502","Acceptable PM2.5 AQI & Speciation Mass","42660","Seattle-Tacoma-Bellevue, WA","53","Washington","053","Pierce","47.2656","-122.3858"
"04/15/2020","AirNow","530530031","4","3.1","ug/m3 LC","13","TACOMA - ALEXANDER AVE","1","100.0000","88502","Acceptable PM2.5 AQI & Speciation Mass","42660","Seattle-Tacoma-Bellevue, WA","53","Washington","053","Pierce","47.2656","-122.3858"
"04/16/2020","AirNow","530530031","4","5","ug/m3 LC","21","TACOMA - ALEXANDER AVE","1","100.0000","88502","Acceptable PM2.5 AQI & Speciation Mass","42660","Seattle-Tacoma-Bellevue, WA","53","Washington","053","Pierce","47.2656","-122.3858"
"04/17/2020","AirNow","530530031","4","6","ug/m3 LC","25","TACOMA - ALEXANDER AVE","1","100.0000","88502","Acceptable PM2.5 AQI & Speciation Mass","42660","Seattle-Tacoma-Bellevue, WA","53","Washington","053","Pierce","47.2656","-122.3858"
"04/18/2020","AirNow","530530031","4","3.7","ug/m3 LC","15","TACOMA - ALEXANDER AVE","1","100.0000","88502","Acceptable PM2.5 AQI & Speciation Mass","42660","Seattle-Tacoma-Bellevue, WA","53","Washington","053","Pierce","47.2656","-122.3858"
"04/19/2020","AirNow","530530031","4","2.4","ug/m3 LC","10","TACOMA - ALEXANDER AVE","1","100.0000","88502","Acceptable PM2.5 AQI & Speciation Mass","42660","Seattle-Tacoma-Bellevue, WA","53","Washington","053","Pierce","47.2656","-122.3858"
"04/20/2020","AirNow","530530031","4","5.5","ug/m3 LC","23","TACOMA - ALEXANDER AVE","1","100.0000","88502","Acceptable PM2.5 AQI & Speciation Mass","42660","Seattle-Tacoma-Bellevue, WA","53","Washington","053","Pierce","47.2656","-122.3858"
"04/21/2020","AirNow","530530031","4","2.2","ug/m3 LC","9","TACOMA - ALEXANDER AVE","1","100.0000","88502","Acceptable PM2.5 AQI & Speciation Mass","42660","Seattle-Tacoma-Bellevue, WA","53","Washington","053","Pierce","47.2656","-122.3858"
"04/22/2020","AirNow","530530031","4","3","ug/m3 LC","13","TACOMA - ALEXANDER AVE","1","100.0000","88502","Acceptable PM2.5 AQI & Speciation Mass","42660","Seattle-Tacoma-Bellevue, WA","53","Washington","053","Pierce","47.2656","-122.3858"
"04/23/2020","AirNow","530530031","4","2.4","ug/m3 LC","10","TACOMA - ALEXANDER AVE","1","100.0000","88502","Acceptable PM2.5 AQI & Speciation Mass","42660","Seattle-Tacoma-Bellevue, WA","53","Washington","053","Pierce","47.2656","-122.3858"
"04/24/2020","AirNow","530530031","4","5.6","ug/m3 LC","23","TACOMA - ALEXANDER AVE","1","100.0000","88502","Acceptable PM2.5 AQI & Speciation Mass","42660","Seattle-Tacoma-Bellevue, WA","53","Washington","053","Pierce","47.2656","-122.3858"
"04/25/2020","AirNow","530530031","4","6","ug/m3 LC","25","TACOMA - ALEXANDER AVE","1","100.0000","88502","Acceptable PM2.5 AQI & Speciation Mass","42660","Seattle-Tacoma-Bellevue, WA","53","Washington","053","Pierce","47.2656","-122.3858"
"04/26/2020","AirNow","530530031","4","4.5","ug/m3 LC","19","TACOMA - ALEXANDER AVE","1","100.0000","88502","Acceptable PM2.5 AQI & Speciation Mass","42660","Seattle-Tacoma-Bellevue, WA","53","Washington","053","Pierce","47.2656","-122.3858"
"04/27/2020","AirNow","530530031","4","2.9","ug/m3 LC","12","TACOMA - ALEXANDER AVE","1","100.0000","88502","Acceptable PM2.5 AQI & Speciation Mass","42660","Seattle-Tacoma-Bellevue, WA","53","Washington","053","Pierce","47.2656","-122.3858"
"04/28/2020","AirNow","530530031","4","5.3","ug/m3 LC","22","TACOMA - ALEXANDER AVE","1","100.0000","88502","Acceptable PM2.5 AQI & Speciation Mass","42660","Seattle-Tacoma-Bellevue, WA","53","Washington","053","Pierce","47.2656","-122.3858"
"04/29/2020","AirNow","530530031","4","4.2","ug/m3 LC","18","TACOMA - ALEXANDER AVE","1","100.0000","88502","Acceptable PM2.5 AQI & Speciation Mass","42660","Seattle-Tacoma-Bellevue, WA","53","Washington","053","Pierce","47.2656","-122.3858"
"04/30/2020","AirNow","530530031","4","3","ug/m3 LC","13","TACOMA - ALEXANDER AVE","1","100.0000","88502","Acceptable PM2.5 AQI & Speciation Mass","42660","Seattle-Tacoma-Bellevue, WA","53","Washington","053","Pierce","47.2656","-122.3858"
"05/01/2020","AirNow","530530031","4","4.9","ug/m3 LC","20","TACOMA - ALEXANDER AVE","1","100.0000","88502","Acceptable PM2.5 AQI & Speciation Mass","42660","Seattle-Tacoma-Bellevue, WA","53","Washington","053","Pierce","47.2656","-122.3858"
"05/02/2020","AirNow","530530031","4","5.1","ug/m3 LC","21","TACOMA - ALEXANDER AVE","1","100.0000","88502","Acceptable PM2.5 AQI & Speciation Mass","42660","Seattle-Tacoma-Bellevue, WA","53","Washington","053","Pierce","47.2656","-122.3858"
"01/01/2020","AQS","530531018","4","1.2","ug/m3 LC","5","PUYALLUP - 128TH ST","1","100.0000","88502","Acceptable PM2.5 AQI & Speciation Mass","42660","Seattle-Tacoma-Bellevue, WA","53","Washington","053","Pierce","47.14","-122.3003"
"01/02/2020","AQS","530531018","4","2.2","ug/m3 LC","9","PUYALLUP - 128TH ST","1","100.0000","88502","Acceptable PM2.5 AQI & Speciation Mass","42660","Seattle-Tacoma-Bellevue, WA","53","Washington","053","Pierce","47.14","-122.3003"
"01/03/2020","AQS","530531018","4","1.3","ug/m3 LC","5","PUYALLUP - 128TH ST","1","100.0000","88502","Acceptable PM2.5 AQI & Speciation Mass","42660","Seattle-Tacoma-Bellevue, WA","53","Washington","053","Pierce","47.14","-122.3003"
"01/04/2020","AQS","530531018","4","1.1","ug/m3 LC","5","PUYALLUP - 128TH ST","1","100.0000","88502","Acceptable PM2.5 AQI & Speciation Mass","42660","Seattle-Tacoma-Bellevue, WA","53","Washington","053","Pierce","47.14","-122.3003"
"01/05/2020","AQS","530531018","4","0.9","ug/m3 LC","4","PUYALLUP - 128TH ST","1","100.0000","88502","Acceptable PM2.5 AQI & Speciation Mass","42660","Seattle-Tacoma-Bellevue, WA","53","Washington","053","Pierce","47.14","-122.3003"
"01/06/2020","AQS","530531018","4","0.3","ug/m3 LC","1","PUYALLUP - 128TH ST","1","100.0000","88502","Acceptable PM2.5 AQI & Speciation Mass","42660","Seattle-Tacoma-Bellevue, WA","53","Washington","053","Pierce","47.14","-122.3003"
"01/07/2020","AQS","530531018","4","0.2","ug/m3 LC","1","PUYALLUP - 128TH ST","1","100.0000","88502","Acceptable PM2.5 AQI & Speciation Mass","42660","Seattle-Tacoma-Bellevue, WA","53","Washington","053","Pierce","47.14","-122.3003"
"01/08/2020","AQS","530531018","4","1.8","ug/m3 LC","8","PUYALLUP - 128TH ST","1","100.0000","88502","Acceptable PM2.5 AQI & Speciation Mass","42660","Seattle-Tacoma-Bellevue, WA","53","Washington","053","Pierce","47.14","-122.3003"
"01/09/2020","AQS","530531018","4","6.9","ug/m3 LC","29","PUYALLUP - 128TH ST","1","100.0000","88502","Acceptable PM2.5 AQI & Speciation Mass","42660","Seattle-Tacoma-Bellevue, WA","53","Washington","053","Pierce","47.14","-122.3003"
"01/10/2020","AQS","530531018","4","2.2","ug/m3 LC","9","PUYALLUP - 128TH ST","1","100.0000","88502","Acceptable PM2.5 AQI & Speciation Mass","42660","Seattle-Tacoma-Bellevue, WA","53","Washington","053","Pierce","47.14","-122.3003"
"01/11/2020","AQS","530531018","4","1.7","ug/m3 LC","7","PUYALLUP - 128TH ST","1","100.0000","88502","Acceptable PM2.5 AQI & Speciation Mass","42660","Seattle-Tacoma-Bellevue, WA","53","Washington","053","Pierce","47.14","-122.3003"
"01/12/2020","AQS","530531018","4","1.1","ug/m3 LC","5","PUYALLUP - 128TH ST","1","100.0000","88502","Acceptable PM2.5 AQI & Speciation Mass","42660","Seattle-Tacoma-Bellevue, WA","53","Washington","053","Pierce","47.14","-122.3003"
"01/13/2020","AQS","530531018","4","3.7","ug/m3 LC","15","PUYALLUP - 128TH ST","1","100.0000","88502","Acceptable PM2.5 AQI & Speciation Mass","42660","Seattle-Tacoma-Bellevue, WA","53","Washington","053","Pierce","47.14","-122.3003"
"01/14/2020","AQS","530531018","4","2.6","ug/m3 LC","11","PUYALLUP - 128TH ST","1","100.0000","88502","Acceptable PM2.5 AQI & Speciation Mass","42660","Seattle-Tacoma-Bellevue, WA","53","Washington","053","Pierce","47.14","-122.3003"
"01/15/2020","AQS","530531018","4","1.5","ug/m3 LC","6","PUYALLUP - 128TH ST","1","100.0000","88502","Acceptable PM2.5 AQI & Speciation Mass","42660","Seattle-Tacoma-Bellevue, WA","53","Washington","053","Pierce","47.14","-122.3003"
"01/16/2020","AQS","530531018","4","2","ug/m3 LC","8","PUYALLUP - 128TH ST","1","100.0000","88502","Acceptable PM2.5 AQI & Speciation Mass","42660","Seattle-Tacoma-Bellevue, WA","53","Washington","053","Pierce","47.14","-122.3003"
"01/17/2020","AQS","530531018","4","5.1","ug/m3 LC","21","PUYALLUP - 128TH ST","1","100.0000","88502","Acceptable PM2.5 AQI & Speciation Mass","42660","Seattle-Tacoma-Bellevue, WA","53","Washington","053","Pierce","47.14","-122.3003"
"01/18/2020","AQS","530531018","4","1.3","ug/m3 LC","5","PUYALLUP - 128TH ST","1","100.0000","88502","Acceptable PM2.5 AQI & Speciation Mass","42660","Seattle-Tacoma-Bellevue, WA","53","Washington","053","Pierce","47.14","-122.3003"
"01/19/2020","AQS","530531018","4","7.7","ug/m3 LC","32","PUYALLUP - 128TH ST","1","100.0000","88502","Acceptable PM2.5 AQI & Speciation Mass","42660","Seattle-Tacoma-Bellevue, WA","53","Washington","053","Pierce","47.14","-122.3003"
"01/20/2020","AQS","530531018","4","11.7","ug/m3 LC","49","PUYALLUP - 128TH ST","1","100.0000","88502","Acceptable PM2.5 AQI & Speciation Mass","42660","Seattle-Tacoma-Bellevue, WA","53","Washington","053","Pierce","47.14","-122.3003"
"01/21/2020","AQS","530531018","4","2.8","ug/m3 LC","12","PUYALLUP - 128TH ST","1","100.0000","88502","Acceptable PM2.5 AQI & Speciation Mass","42660","Seattle-Tacoma-Bellevue, WA","53","Washington","053","Pierce","47.14","-122.3003"
"01/22/2020","AQS","530531018","4","1.2","ug/m3 LC","5","PUYALLUP - 128TH ST","1","100.0000","88502","Acceptable PM2.5 AQI & Speciation Mass","42660","Seattle-Tacoma-Bellevue, WA","53","Washington","053","Pierce","47.14","-122.3003"
"01/23/2020","AQS","530531018","4","0.3","ug/m3 LC","1","PUYALLUP - 128TH ST","1","100.0000","88502","Acceptable PM2.5 AQI & Speciation Mass","42660","Seattle-Tacoma-Bellevue, WA","53","Washington","053","Pierce","47.14","-122.3003"
"01/24/2020","AQS","530531018","4","1.3","ug/m3 LC","5","PUYALLUP - 128TH ST","1","100.0000","88502","Acceptable PM2.5 AQI & Speciation Mass","42660","Seattle-Tacoma-Bellevue, WA","53","Washington","053","Pierce","47.14","-122.3003"
"01/25/2020","AQS","530531018","4","3.1","ug/m3 LC","13","PUYALLUP - 128TH ST","1","100.0000","88502","Acceptable PM2.5 AQI & Speciation Mass","42660","Seattle-Tacoma-Bellevue, WA","53","Washington","053","Pierce","47.14","-122.3003"
"01/26/2020","AQS","530531018","4","1.5","ug/m3 LC","6","PUYALLUP - 128TH ST","1","100.0000","88502","Acceptable PM2.5 AQI & Speciation Mass","42660","Seattle-Tacoma-Bellevue, WA","53","Washington","053","Pierce","47.14","-122.3003"
"01/27/2020","AQS","530531018","4","1.2","ug/m3 LC","5","PUYALLUP - 128TH ST","1","100.0000","88502","Acceptable PM2.5 AQI & Speciation Mass","42660","Seattle-Tacoma-Bellevue, WA","53","Washington","053","Pierce","47.14","-122.3003"
"01/28/2020","AQS","530531018","4","1.9","ug/m3 LC","8","PUYALLUP - 128TH ST","1","100.0000","88502","Acceptable PM2.5 AQI & Speciation Mass","42660","Seattle-Tacoma-Bellevue, WA","53","Washington","053","Pierce","47.14","-122.3003"
"01/29/2020","AQS","530531018","4","2","ug/m3 LC","8","PUYALLUP - 128TH ST","1","100.0000","88502","Acceptable PM2.5 AQI & Speciation Mass","42660","Seattle-Tacoma-Bellevue, WA","53","Washington","053","Pierce","47.14","-122.3003"
"01/30/2020","AQS","530531018","4","3.1","ug/m3 LC","13","PUYALLUP - 128TH ST","1","100.0000","88502","Acceptable PM2.5 AQI & Speciation Mass","42660","Seattle-Tacoma-Bellevue, WA","53","Washington","053","Pierce","47.14","-122.3003"
"01/31/2020","AQS","530531018","4","0.3","ug/m3 LC","1","PUYALLUP - 128TH ST","1","100.0000","88502","Acceptable PM2.5 AQI & Speciation Mass","42660","Seattle-Tacoma-Bellevue, WA","53","Washington","053","Pierce","47.14","-122.3003"
"02/01/2020","AirNow","530531018","4","1.2","ug/m3 LC","5","PUYALLUP - 128TH ST","1","100.0000","88502","Acceptable PM2.5 AQI & Speciation Mass","42660","Seattle-Tacoma-Bellevue, WA","53","Washington","053","Pierce","47.14","-122.3003"
"02/02/2020","AirNow","530531018","4","7.4","ug/m3 LC","31","PUYALLUP - 128TH ST","1","100.0000","88502","Acceptable PM2.5 AQI & Speciation Mass","42660","Seattle-Tacoma-Bellevue, WA","53","Washington","053","Pierce","47.14","-122.3003"
"02/03/2020","AirNow","530531018","4","5.4","ug/m3 LC","23","PUYALLUP - 128TH ST","1","100.0000","88502","Acceptable PM2.5 AQI & Speciation Mass","42660","Seattle-Tacoma-Bellevue, WA","53","Washington","053","Pierce","47.14","-122.3003"
"02/04/2020","AirNow","530531018","4","3.8","ug/m3 LC","16","PUYALLUP - 128TH ST","1","100.0000","88502","Acceptable PM2.5 AQI & Speciation Mass","42660","Seattle-Tacoma-Bellevue, WA","53","Washington","053","Pierce","47.14","-122.3003"
"02/05/2020","AirNow","530531018","4","0.2","ug/m3 LC","1","PUYALLUP - 128TH ST","1","100.0000","88502","Acceptable PM2.5 AQI & Speciation Mass","42660","Seattle-Tacoma-Bellevue, WA","53","Washington","053","Pierce","47.14","-122.3003"
"02/06/2020","AirNow","530531018","4","0.3","ug/m3 LC","1","PUYALLUP - 128TH ST","1","100.0000","88502","Acceptable PM2.5 AQI & Speciation Mass","42660","Seattle-Tacoma-Bellevue, WA","53","Washington","053","Pierce","47.14","-122.3003"
"02/07/2020","AirNow","530531018","4","0.3","ug/m3 LC","1","PUYALLUP - 128TH ST","1","100.0000","88502","Acceptable PM2.5 AQI & Speciation Mass","42660","Seattle-Tacoma-Bellevue, WA","53","Washington","053","Pierce","47.14","-122.3003"
"02/11/2020","AirNow","530531018","4","5.6","ug/m3 LC","23","PUYALLUP - 128TH ST","1","100.0000","88502","Acceptable PM2.5 AQI & Speciation Mass","42660","Seattle-Tacoma-Bellevue, WA","53","Washington","053","Pierce","47.14","-122.3003"
"02/12/2020","AirNow","530531018","4","3.8","ug/m3 LC","16","PUYALLUP - 128TH ST","1","100.0000","88502","Acceptable PM2.5 AQI & Speciation Mass","42660","Seattle-Tacoma-Bellevue, WA","53","Washington","053","Pierce","47.14","-122.3003"
"02/13/2020","AirNow","530531018","4","4.5","ug/m3 LC","19","PUYALLUP - 128TH ST","1","100.0000","88502","Acceptable PM2.5 AQI & Speciation Mass","42660","Seattle-Tacoma-Bellevue, WA","53","Washington","053","Pierce","47.14","-122.3003"
"02/14/2020","AirNow","530531018","4","1.5","ug/m3 LC","6","PUYALLUP - 128TH ST","1","100.0000","88502","Acceptable PM2.5 AQI & Speciation Mass","42660","Seattle-Tacoma-Bellevue, WA","53","Washington","053","Pierce","47.14","-122.3003"
"02/15/2020","AirNow","530531018","4","0.5","ug/m3 LC","2","PUYALLUP - 128TH ST","1","100.0000","88502","Acceptable PM2.5 AQI & Speciation Mass","42660","Seattle-Tacoma-Bellevue, WA","53","Washington","053","Pierce","47.14","-122.3003"
"02/16/2020","AirNow","530531018","4","1.8","ug/m3 LC","8","PUYALLUP - 128TH ST","1","100.0000","88502","Acceptable PM2.5 AQI & Speciation Mass","42660","Seattle-Tacoma-Bellevue, WA","53","Washington","053","Pierce","47.14","-122.3003"
"02/17/2020","AirNow","530531018","4","6.4","ug/m3 LC","27","PUYALLUP - 128TH ST","1","100.0000","88502","Acceptable PM2.5 AQI & Speciation Mass","42660","Seattle-Tacoma-Bellevue, WA","53","Washington","053","Pierce","47.14","-122.3003"
"02/18/2020","AirNow","530531018","4","6.6","ug/m3 LC","28","PUYALLUP - 128TH ST","1","100.0000","88502","Acceptable PM2.5 AQI & Speciation Mass","42660","Seattle-Tacoma-Bellevue, WA","53","Washington","053","Pierce","47.14","-122.3003"
"02/19/2020","AirNow","530531018","4","8.1","ug/m3 LC","34","PUYALLUP - 128TH ST","1","100.0000","88502","Acceptable PM2.5 AQI & Speciation Mass","42660","Seattle-Tacoma-Bellevue, WA","53","Washington","053","Pierce","47.14","-122.3003"
"02/20/2020","AirNow","530531018","4","7.4","ug/m3 LC","31","PUYALLUP - 128TH ST","1","100.0000","88502","Acceptable PM2.5 AQI & Speciation Mass","42660","Seattle-Tacoma-Bellevue, WA","53","Washington","053","Pierce","47.14","-122.3003"
"02/21/2020","AirNow","530531018","4","7.2","ug/m3 LC","30","PUYALLUP - 128TH ST","1","100.0000","88502","Acceptable PM2.5 AQI & Speciation Mass","42660","Seattle-Tacoma-Bellevue, WA","53","Washington","053","Pierce","47.14","-122.3003"
"02/22/2020","AirNow","530531018","4","7.2","ug/m3 LC","30","PUYALLUP - 128TH ST","1","100.0000","88502","Acceptable PM2.5 AQI & Speciation Mass","42660","Seattle-Tacoma-Bellevue, WA","53","Washington","053","Pierce","47.14","-122.3003"
"02/23/2020","AirNow","530531018","4","2.7","ug/m3 LC","11","PUYALLUP - 128TH ST","1","100.0000","88502","Acceptable PM2.5 AQI & Speciation Mass","42660","Seattle-Tacoma-Bellevue, WA","53","Washington","053","Pierce","47.14","-122.3003"
"02/24/2020","AirNow","530531018","4","4.4","ug/m3 LC","18","PUYALLUP - 128TH ST","1","100.0000","88502","Acceptable PM2.5 AQI & Speciation Mass","42660","Seattle-Tacoma-Bellevue, WA","53","Washington","053","Pierce","47.14","-122.3003"
"02/25/2020","AirNow","530531018","4","6.8","ug/m3 LC","28","PUYALLUP - 128TH ST","1","100.0000","88502","Acceptable PM2.5 AQI & Speciation Mass","42660","Seattle-Tacoma-Bellevue, WA","53","Washington","053","Pierce","47.14","-122.3003"
"02/26/2020","AirNow","530531018","4","5.2","ug/m3 LC","22","PUYALLUP - 128TH ST","1","100.0000","88502","Acceptable PM2.5 AQI & Speciation Mass","42660","Seattle-Tacoma-Bellevue, WA","53","Washington","053","Pierce","47.14","-122.3003"
"02/27/2020","AirNow","530531018","4","10","ug/m3 LC","42","PUYALLUP - 128TH ST","1","100.0000","88502","Acceptable PM2.5 AQI & Speciation Mass","42660","Seattle-Tacoma-Bellevue, WA","53","Washington","053","Pierce","47.14","-122.3003"
"02/28/2020","AirNow","530531018","4","5.4","ug/m3 LC","23","PUYALLUP - 128TH ST","1","100.0000","88502","Acceptable PM2.5 AQI & Speciation Mass","42660","Seattle-Tacoma-Bellevue, WA","53","Washington","053","Pierce","47.14","-122.3003"
"02/29/2020","AirNow","530531018","4","1.7","ug/m3 LC","7","PUYALLUP - 128TH ST","1","100.0000","88502","Acceptable PM2.5 AQI & Speciation Mass","42660","Seattle-Tacoma-Bellevue, WA","53","Washington","053","Pierce","47.14","-122.3003"
"03/01/2020","AirNow","530531018","4","4.2","ug/m3 LC","18","PUYALLUP - 128TH ST","1","100.0000","88502","Acceptable PM2.5 AQI & Speciation Mass","42660","Seattle-Tacoma-Bellevue, WA","53","Washington","053","Pierce","47.14","-122.3003"
"03/02/2020","AirNow","530531018","4","1.1","ug/m3 LC","5","PUYALLUP - 128TH ST","1","100.0000","88502","Acceptable PM2.5 AQI & Speciation Mass","42660","Seattle-Tacoma-Bellevue, WA","53","Washington","053","Pierce","47.14","-122.3003"
"03/03/2020","AirNow","530531018","4","0.6","ug/m3 LC","3","PUYALLUP - 128TH ST","1","100.0000","88502","Acceptable PM2.5 AQI & Speciation Mass","42660","Seattle-Tacoma-Bellevue, WA","53","Washington","053","Pierce","47.14","-122.3003"
"03/04/2020","AirNow","530531018","4","4.8","ug/m3 LC","20","PUYALLUP - 128TH ST","1","100.0000","88502","Acceptable PM2.5 AQI & Speciation Mass","42660","Seattle-Tacoma-Bellevue, WA","53","Washington","053","Pierce","47.14","-122.3003"
"03/05/2020","AirNow","530531018","4","3.6","ug/m3 LC","15","PUYALLUP - 128TH ST","1","100.0000","88502","Acceptable PM2.5 AQI & Speciation Mass","42660","Seattle-Tacoma-Bellevue, WA","53","Washington","053","Pierce","47.14","-122.3003"
"03/06/2020","AirNow","530531018","4","3.6","ug/m3 LC","15","PUYALLUP - 128TH ST","1","100.0000","88502","Acceptable PM2.5 AQI & Speciation Mass","42660","Seattle-Tacoma-Bellevue, WA","53","Washington","053","Pierce","47.14","-122.3003"
"03/07/2020","AirNow","530531018","4","3.9","ug/m3 LC","16","PUYALLUP - 128TH ST","1","100.0000","88502","Acceptable PM2.5 AQI & Speciation Mass","42660","Seattle-Tacoma-Bellevue, WA","53","Washington","053","Pierce","47.14","-122.3003"
"03/08/2020","AirNow","530531018","4","5.1","ug/m3 LC","21","PUYALLUP - 128TH ST","1","100.0000","88502","Acceptable PM2.5 AQI & Speciation Mass","42660","Seattle-Tacoma-Bellevue, WA","53","Washington","053","Pierce","47.14","-122.3003"
"03/09/2020","AirNow","530531018","4","7.3","ug/m3 LC","30","PUYALLUP - 128TH ST","1","100.0000","88502","Acceptable PM2.5 AQI & Speciation Mass","42660","Seattle-Tacoma-Bellevue, WA","53","Washington","053","Pierce","47.14","-122.3003"
"03/10/2020","AirNow","530531018","4","3.7","ug/m3 LC","15","PUYALLUP - 128TH ST","1","100.0000","88502","Acceptable PM2.5 AQI & Speciation Mass","42660","Seattle-Tacoma-Bellevue, WA","53","Washington","053","Pierce","47.14","-122.3003"
"03/11/2020","AirNow","530531018","4","2.2","ug/m3 LC","9","PUYALLUP - 128TH ST","1","100.0000","88502","Acceptable PM2.5 AQI & Speciation Mass","42660","Seattle-Tacoma-Bellevue, WA","53","Washington","053","Pierce","47.14","-122.3003"
"03/12/2020","AirNow","530531018","4","6","ug/m3 LC","25","PUYALLUP - 128TH ST","1","100.0000","88502","Acceptable PM2.5 AQI & Speciation Mass","42660","Seattle-Tacoma-Bellevue, WA","53","Washington","053","Pierce","47.14","-122.3003"
"03/13/2020","AirNow","530531018","4","5.2","ug/m3 LC","22","PUYALLUP - 128TH ST","1","100.0000","88502","Acceptable PM2.5 AQI & Speciation Mass","42660","Seattle-Tacoma-Bellevue, WA","53","Washington","053","Pierce","47.14","-122.3003"
"03/14/2020","AirNow","530531018","4","2.8","ug/m3 LC","12","PUYALLUP - 128TH ST","1","100.0000","88502","Acceptable PM2.5 AQI & Speciation Mass","42660","Seattle-Tacoma-Bellevue, WA","53","Washington","053","Pierce","47.14","-122.3003"
"03/15/2020","AirNow","530531018","4","3.1","ug/m3 LC","13","PUYALLUP - 128TH ST","1","100.0000","88502","Acceptable PM2.5 AQI & Speciation Mass","42660","Seattle-Tacoma-Bellevue, WA","53","Washington","053","Pierce","47.14","-122.3003"
"03/16/2020","AirNow","530531018","4","5.3","ug/m3 LC","22","PUYALLUP - 128TH ST","1","100.0000","88502","Acceptable PM2.5 AQI & Speciation Mass","42660","Seattle-Tacoma-Bellevue, WA","53","Washington","053","Pierce","47.14","-122.3003"
"03/17/2020","AirNow","530531018","4","8.8","ug/m3 LC","37","PUYALLUP - 128TH ST","1","100.0000","88502","Acceptable PM2.5 AQI & Speciation Mass","42660","Seattle-Tacoma-Bellevue, WA","53","Washington","053","Pierce","47.14","-122.3003"
"03/18/2020","AirNow","530531018","4","10.8","ug/m3 LC","45","PUYALLUP - 128TH ST","1","100.0000","88502","Acceptable PM2.5 AQI & Speciation Mass","42660","Seattle-Tacoma-Bellevue, WA","53","Washington","053","Pierce","47.14","-122.3003"
"03/19/2020","AirNow","530531018","4","12.4","ug/m3 LC","52","PUYALLUP - 128TH ST","1","100.0000","88502","Acceptable PM2.5 AQI & Speciation Mass","42660","Seattle-Tacoma-Bellevue, WA","53","Washington","053","Pierce","47.14","-122.3003"
"03/20/2020","AirNow","530531018","4","12.9","ug/m3 LC","53","PUYALLUP - 128TH ST","1","100.0000","88502","Acceptable PM2.5 AQI & Speciation Mass","42660","Seattle-Tacoma-Bellevue, WA","53","Washington","053","Pierce","47.14","-122.3003"
"03/21/2020","AirNow","530531018","4","14.7","ug/m3 LC","56","PUYALLUP - 128TH ST","1","100.0000","88502","Acceptable PM2.5 AQI & Speciation Mass","42660","Seattle-Tacoma-Bellevue, WA","53","Washington","053","Pierce","47.14","-122.3003"
"03/22/2020","AirNow","530531018","4","12.2","ug/m3 LC","51","PUYALLUP - 128TH ST","1","100.0000","88502","Acceptable PM2.5 AQI & Speciation Mass","42660","Seattle-Tacoma-Bellevue, WA","53","Washington","053","Pierce","47.14","-122.3003"
"03/23/2020","AirNow","530531018","4","1.3","ug/m3 LC","5","PUYALLUP - 128TH ST","1","100.0000","88502","Acceptable PM2.5 AQI & Speciation Mass","42660","Seattle-Tacoma-Bellevue, WA","53","Washington","053","Pierce","47.14","-122.3003"
"03/24/2020","AirNow","530531018","4","1.4","ug/m3 LC","6","PUYALLUP - 128TH ST","1","100.0000","88502","Acceptable PM2.5 AQI & Speciation Mass","42660","Seattle-Tacoma-Bellevue, WA","53","Washington","053","Pierce","47.14","-122.3003"
"03/25/2020","AirNow","530531018","4","1.9","ug/m3 LC","8","PUYALLUP - 128TH ST","1","100.0000","88502","Acceptable PM2.5 AQI & Speciation Mass","42660","Seattle-Tacoma-Bellevue, WA","53","Washington","053","Pierce","47.14","-122.3003"
"03/26/2020","AirNow","530531018","4","3.7","ug/m3 LC","15","PUYALLUP - 128TH ST","1","100.0000","88502","Acceptable PM2.5 AQI & Speciation Mass","42660","Seattle-Tacoma-Bellevue, WA","53","Washington","053","Pierce","47.14","-122.3003"
"03/27/2020","AirNow","530531018","4","3.3","ug/m3 LC","14","PUYALLUP - 128TH ST","1","100.0000","88502","Acceptable PM2.5 AQI & Speciation Mass","42660","Seattle-Tacoma-Bellevue, WA","53","Washington","053","Pierce","47.14","-122.3003"
"03/28/2020","AirNow","530531018","4","0.6","ug/m3 LC","3","PUYALLUP - 128TH ST","1","100.0000","88502","Acceptable PM2.5 AQI & Speciation Mass","42660","Seattle-Tacoma-Bellevue, WA","53","Washington","053","Pierce","47.14","-122.3003"
"03/29/2020","AirNow","530531018","4","0.8","ug/m3 LC","3","PUYALLUP - 128TH ST","1","100.0000","88502","Acceptable PM2.5 AQI & Speciation Mass","42660","Seattle-Tacoma-Bellevue, WA","53","Washington","053","Pierce","47.14","-122.3003"
"03/30/2020","AirNow","530531018","4","1","ug/m3 LC","4","PUYALLUP - 128TH ST","1","100.0000","88502","Acceptable PM2.5 AQI & Speciation Mass","42660","Seattle-Tacoma-Bellevue, WA","53","Washington","053","Pierce","47.14","-122.3003"
"03/31/2020","AirNow","530531018","4","1.5","ug/m3 LC","6","PUYALLUP - 128TH ST","1","100.0000","88502","Acceptable PM2.5 AQI & Speciation Mass","42660","Seattle-Tacoma-Bellevue, WA","53","Washington","053","Pierce","47.14","-122.3003"
"04/01/2020","AirNow","530531018","4","3.6","ug/m3 LC","15","PUYALLUP - 128TH ST","1","100.0000","88502","Acceptable PM2.5 AQI & Speciation Mass","42660","Seattle-Tacoma-Bellevue, WA","53","Washington","053","Pierce","47.14","-122.3003"
"04/02/2020","AirNow","530531018","4","3.4","ug/m3 LC","14","PUYALLUP - 128TH ST","1","100.0000","88502","Acceptable PM2.5 AQI & Speciation Mass","42660","Seattle-Tacoma-Bellevue, WA","53","Washington","053","Pierce","47.14","-122.3003"
"04/03/2020","AirNow","530531018","4","1.8","ug/m3 LC","8","PUYALLUP - 128TH ST","1","100.0000","88502","Acceptable PM2.5 AQI & Speciation Mass","42660","Seattle-Tacoma-Bellevue, WA","53","Washington","053","Pierce","47.14","-122.3003"
"04/04/2020","AirNow","530531018","4","4.7","ug/m3 LC","20","PUYALLUP - 128TH ST","1","100.0000","88502","Acceptable PM2.5 AQI & Speciation Mass","42660","Seattle-Tacoma-Bellevue, WA","53","Washington","053","Pierce","47.14","-122.3003"
"04/05/2020","AirNow","530531018","4","4","ug/m3 LC","17","PUYALLUP - 128TH ST","1","100.0000","88502","Acceptable PM2.5 AQI & Speciation Mass","42660","Seattle-Tacoma-Bellevue, WA","53","Washington","053","Pierce","47.14","-122.3003"
"04/06/2020","AirNow","530531018","4","4.9","ug/m3 LC","20","PUYALLUP - 128TH ST","1","100.0000","88502","Acceptable PM2.5 AQI & Speciation Mass","42660","Seattle-Tacoma-Bellevue, WA","53","Washington","053","Pierce","47.14","-122.3003"
"04/07/2020","AirNow","530531018","4","6.6","ug/m3 LC","28","PUYALLUP - 128TH ST","1","100.0000","88502","Acceptable PM2.5 AQI & Speciation Mass","42660","Seattle-Tacoma-Bellevue, WA","53","Washington","053","Pierce","47.14","-122.3003"
"04/08/2020","AirNow","530531018","4","11.1","ug/m3 LC","46","PUYALLUP - 128TH ST","1","100.0000","88502","Acceptable PM2.5 AQI & Speciation Mass","42660","Seattle-Tacoma-Bellevue, WA","53","Washington","053","Pierce","47.14","-122.3003"
"04/09/2020","AirNow","530531018","4","10.4","ug/m3 LC","43","PUYALLUP - 128TH ST","1","100.0000","88502","Acceptable PM2.5 AQI & Speciation Mass","42660","Seattle-Tacoma-Bellevue, WA","53","Washington","053","Pierce","47.14","-122.3003"
"04/10/2020","AirNow","530531018","4","7.7","ug/m3 LC","32","PUYALLUP - 128TH ST","1","100.0000","88502","Acceptable PM2.5 AQI & Speciation Mass","42660","Seattle-Tacoma-Bellevue, WA","53","Washington","053","Pierce","47.14","-122.3003"
"04/11/2020","AirNow","530531018","4","4.5","ug/m3 LC","19","PUYALLUP - 128TH ST","1","100.0000","88502","Acceptable PM2.5 AQI & Speciation Mass","42660","Seattle-Tacoma-Bellevue, WA","53","Washington","053","Pierce","47.14","-122.3003"
"04/12/2020","AirNow","530531018","4","5.8","ug/m3 LC","24","PUYALLUP - 128TH ST","1","100.0000","88502","Acceptable PM2.5 AQI & Speciation Mass","42660","Seattle-Tacoma-Bellevue, WA","53","Washington","053","Pierce","47.14","-122.3003"
"04/13/2020","AirNow","530531018","4","4.3","ug/m3 LC","18","PUYALLUP - 128TH ST","1","100.0000","88502","Acceptable PM2.5 AQI & Speciation Mass","42660","Seattle-Tacoma-Bellevue, WA","53","Washington","053","Pierce","47.14","-122.3003"
"04/14/2020","AirNow","530531018","4","4.5","ug/m3 LC","19","PUYALLUP - 128TH ST","1","100.0000","88502","Acceptable PM2.5 AQI & Speciation Mass","42660","Seattle-Tacoma-Bellevue, WA","53","Washington","053","Pierce","47.14","-122.3003"
"04/15/2020","AirNow","530531018","4","2.6","ug/m3 LC","11","PUYALLUP - 128TH ST","1","100.0000","88502","Acceptable PM2.5 AQI & Speciation Mass","42660","Seattle-Tacoma-Bellevue, WA","53","Washington","053","Pierce","47.14","-122.3003"
"04/16/2020","AirNow","530531018","4","4","ug/m3 LC","17","PUYALLUP - 128TH ST","1","100.0000","88502","Acceptable PM2.5 AQI & Speciation Mass","42660","Seattle-Tacoma-Bellevue, WA","53","Washington","053","Pierce","47.14","-122.3003"
"04/17/2020","AirNow","530531018","4","5.2","ug/m3 LC","22","PUYALLUP - 128TH ST","1","100.0000","88502","Acceptable PM2.5 AQI & Speciation Mass","42660","Seattle-Tacoma-Bellevue, WA","53","Washington","053","Pierce","47.14","-122.3003"
"04/18/2020","AirNow","530531018","4","4","ug/m3 LC","17","PUYALLUP - 128TH ST","1","100.0000","88502","Acceptable PM2.5 AQI & Speciation Mass","42660","Seattle-Tacoma-Bellevue, WA","53","Washington","053","Pierce","47.14","-122.3003"
"04/19/2020","AirNow","530531018","4","2.6","ug/m3 LC","11","PUYALLUP - 128TH ST","1","100.0000","88502","Acceptable PM2.5 AQI & Speciation Mass","42660","Seattle-Tacoma-Bellevue, WA","53","Washington","053","Pierce","47.14","-122.3003"
"04/20/2020","AirNow","530531018","4","4.2","ug/m3 LC","18","PUYALLUP - 128TH ST","1","100.0000","88502","Acceptable PM2.5 AQI & Speciation Mass","42660","Seattle-Tacoma-Bellevue, WA","53","Washington","053","Pierce","47.14","-122.3003"
"04/21/2020","AirNow","530531018","4","0.7","ug/m3 LC","3","PUYALLUP - 128TH ST","1","100.0000","88502","Acceptable PM2.5 AQI & Speciation Mass","42660","Seattle-Tacoma-Bellevue, WA","53","Washington","053","Pierce","47.14","-122.3003"
"04/22/2020","AirNow","530531018","4","1.9","ug/m3 LC","8","PUYALLUP - 128TH ST","1","100.0000","88502","Acceptable PM2.5 AQI & Speciation Mass","42660","Seattle-Tacoma-Bellevue, WA","53","Washington","053","Pierce","47.14","-122.3003"
"04/23/2020","AirNow","530531018","4","1.1","ug/m3 LC","5","PUYALLUP - 128TH ST","1","100.0000","88502","Acceptable PM2.5 AQI & Speciation Mass","42660","Seattle-Tacoma-Bellevue, WA","53","Washington","053","Pierce","47.14","-122.3003"
"04/24/2020","AirNow","530531018","4","4.8","ug/m3 LC","20","PUYALLUP - 128TH ST","1","100.0000","88502","Acceptable PM2.5 AQI & Speciation Mass","42660","Seattle-Tacoma-Bellevue, WA","53","Washington","053","Pierce","47.14","-122.3003"
"04/25/2020","AirNow","530531018","4","4.6","ug/m3 LC","19","PUYALLUP - 128TH ST","1","100.0000","88502","Acceptable PM2.5 AQI & Speciation Mass","42660","Seattle-Tacoma-Bellevue, WA","53","Washington","053","Pierce","47.14","-122.3003"
"04/26/2020","AirNow","530531018","4","3.7","ug/m3 LC","15","PUYALLUP - 128TH ST","1","100.0000","88502","Acceptable PM2.5 AQI & Speciation Mass","42660","Seattle-Tacoma-Bellevue, WA","53","Washington","053","Pierce","47.14","-122.3003"
"04/27/2020","AirNow","530531018","4","1.4","ug/m3 LC","6","PUYALLUP - 128TH ST","1","100.0000","88502","Acceptable PM2.5 AQI & Speciation Mass","42660","Seattle-Tacoma-Bellevue, WA","53","Washington","053","Pierce","47.14","-122.3003"
"04/28/2020","AirNow","530531018","4","4.2","ug/m3 LC","18","PUYALLUP - 128TH ST","1","100.0000","88502","Acceptable PM2.5 AQI & Speciation Mass","42660","Seattle-Tacoma-Bellevue, WA","53","Washington","053","Pierce","47.14","-122.3003"
"04/29/2020","AirNow","530531018","4","3.9","ug/m3 LC","16","PUYALLUP - 128TH ST","1","100.0000","88502","Acceptable PM2.5 AQI & Speciation Mass","42660","Seattle-Tacoma-Bellevue, WA","53","Washington","053","Pierce","47.14","-122.3003"
"04/30/2020","AirNow","530531018","4","1.6","ug/m3 LC","7","PUYALLUP - 128TH ST","1","100.0000","88502","Acceptable PM2.5 AQI & Speciation Mass","42660","Seattle-Tacoma-Bellevue, WA","53","Washington","053","Pierce","47.14","-122.3003"
"05/01/2020","AirNow","530531018","4","4.2","ug/m3 LC","18","PUYALLUP - 128TH ST","1","100.0000","88502","Acceptable PM2.5 AQI & Speciation Mass","42660","Seattle-Tacoma-Bellevue, WA","53","Washington","053","Pierce","47.14","-122.3003"
"05/02/2020","AirNow","530531018","4","3.7","ug/m3 LC","15","PUYALLUP - 128TH ST","1","100.0000","88502","Acceptable PM2.5 AQI & Speciation Mass","42660","Seattle-Tacoma-Bellevue, WA","53","Washington","053","Pierce","47.14","-122.3003"
"01/01/2020","AQS","530570011","5","4.1","ug/m3 LC","17","Anacortes-202 Ave","1","100.0000","88101","PM2.5 - Local Conditions","34580","Mount Vernon-Anacortes, WA","53","Washington","057","Skagit","48.52059","-122.61428"
"01/02/2020","AQS","530570011","5","4","ug/m3 LC","17","Anacortes-202 Ave","1","100.0000","88101","PM2.5 - Local Conditions","34580","Mount Vernon-Anacortes, WA","53","Washington","057","Skagit","48.52059","-122.61428"
"01/03/2020","AQS","530570011","5","2.8","ug/m3 LC","12","Anacortes-202 Ave","1","100.0000","88101","PM2.5 - Local Conditions","34580","Mount Vernon-Anacortes, WA","53","Washington","057","Skagit","48.52059","-122.61428"
"01/04/2020","AQS","530570011","5","4","ug/m3 LC","17","Anacortes-202 Ave","1","100.0000","88101","PM2.5 - Local Conditions","34580","Mount Vernon-Anacortes, WA","53","Washington","057","Skagit","48.52059","-122.61428"
"01/05/2020","AQS","530570011","5","2.8","ug/m3 LC","12","Anacortes-202 Ave","1","100.0000","88101","PM2.5 - Local Conditions","34580","Mount Vernon-Anacortes, WA","53","Washington","057","Skagit","48.52059","-122.61428"
"01/06/2020","AQS","530570011","5","3.2","ug/m3 LC","13","Anacortes-202 Ave","1","100.0000","88101","PM2.5 - Local Conditions","34580","Mount Vernon-Anacortes, WA","53","Washington","057","Skagit","48.52059","-122.61428"
"01/07/2020","AQS","530570011","5","1.7","ug/m3 LC","7","Anacortes-202 Ave","1","100.0000","88101","PM2.5 - Local Conditions","34580","Mount Vernon-Anacortes, WA","53","Washington","057","Skagit","48.52059","-122.61428"
"01/08/2020","AQS","530570011","5","4.2","ug/m3 LC","18","Anacortes-202 Ave","1","100.0000","88101","PM2.5 - Local Conditions","34580","Mount Vernon-Anacortes, WA","53","Washington","057","Skagit","48.52059","-122.61428"
"01/09/2020","AQS","530570011","5","3.8","ug/m3 LC","16","Anacortes-202 Ave","1","100.0000","88101","PM2.5 - Local Conditions","34580","Mount Vernon-Anacortes, WA","53","Washington","057","Skagit","48.52059","-122.61428"
"01/10/2020","AQS","530570011","5","1.8","ug/m3 LC","8","Anacortes-202 Ave","1","100.0000","88101","PM2.5 - Local Conditions","34580","Mount Vernon-Anacortes, WA","53","Washington","057","Skagit","48.52059","-122.61428"
"01/11/2020","AQS","530570011","5","2.2","ug/m3 LC","9","Anacortes-202 Ave","1","100.0000","88101","PM2.5 - Local Conditions","34580","Mount Vernon-Anacortes, WA","53","Washington","057","Skagit","48.52059","-122.61428"
"01/12/2020","AQS","530570011","5","3.4","ug/m3 LC","14","Anacortes-202 Ave","1","100.0000","88101","PM2.5 - Local Conditions","34580","Mount Vernon-Anacortes, WA","53","Washington","057","Skagit","48.52059","-122.61428"
"01/13/2020","AQS","530570011","5","2.6","ug/m3 LC","11","Anacortes-202 Ave","1","100.0000","88101","PM2.5 - Local Conditions","34580","Mount Vernon-Anacortes, WA","53","Washington","057","Skagit","48.52059","-122.61428"
"01/14/2020","AQS","530570011","5","3.1","ug/m3 LC","13","Anacortes-202 Ave","1","100.0000","88101","PM2.5 - Local Conditions","34580","Mount Vernon-Anacortes, WA","53","Washington","057","Skagit","48.52059","-122.61428"
"01/15/2020","AQS","530570011","5","1.7","ug/m3 LC","7","Anacortes-202 Ave","1","100.0000","88101","PM2.5 - Local Conditions","34580","Mount Vernon-Anacortes, WA","53","Washington","057","Skagit","48.52059","-122.61428"
"01/16/2020","AQS","530570011","5","3.4","ug/m3 LC","14","Anacortes-202 Ave","1","100.0000","88101","PM2.5 - Local Conditions","34580","Mount Vernon-Anacortes, WA","53","Washington","057","Skagit","48.52059","-122.61428"
"01/17/2020","AQS","530570011","5","3.2","ug/m3 LC","13","Anacortes-202 Ave","1","100.0000","88101","PM2.5 - Local Conditions","34580","Mount Vernon-Anacortes, WA","53","Washington","057","Skagit","48.52059","-122.61428"
"01/18/2020","AQS","530570011","5","2.5","ug/m3 LC","10","Anacortes-202 Ave","1","100.0000","88101","PM2.5 - Local Conditions","34580","Mount Vernon-Anacortes, WA","53","Washington","057","Skagit","48.52059","-122.61428"
"01/19/2020","AQS","530570011","5","1.5","ug/m3 LC","6","Anacortes-202 Ave","1","100.0000","88101","PM2.5 - Local Conditions","34580","Mount Vernon-Anacortes, WA","53","Washington","057","Skagit","48.52059","-122.61428"
"01/20/2020","AQS","530570011","5","2.5","ug/m3 LC","10","Anacortes-202 Ave","1","100.0000","88101","PM2.5 - Local Conditions","34580","Mount Vernon-Anacortes, WA","53","Washington","057","Skagit","48.52059","-122.61428"
"01/21/2020","AQS","530570011","5","1.7","ug/m3 LC","7","Anacortes-202 Ave","1","100.0000","88101","PM2.5 - Local Conditions","34580","Mount Vernon-Anacortes, WA","53","Washington","057","Skagit","48.52059","-122.61428"
"01/22/2020","AQS","530570011","5","2.1","ug/m3 LC","9","Anacortes-202 Ave","1","100.0000","88101","PM2.5 - Local Conditions","34580","Mount Vernon-Anacortes, WA","53","Washington","057","Skagit","48.52059","-122.61428"
"01/23/2020","AQS","530570011","5","1.4","ug/m3 LC","6","Anacortes-202 Ave","1","100.0000","88101","PM2.5 - Local Conditions","34580","Mount Vernon-Anacortes, WA","53","Washington","057","Skagit","48.52059","-122.61428"
"01/24/2020","AQS","530570011","5","1.7","ug/m3 LC","7","Anacortes-202 Ave","1","100.0000","88101","PM2.5 - Local Conditions","34580","Mount Vernon-Anacortes, WA","53","Washington","057","Skagit","48.52059","-122.61428"
"01/25/2020","AQS","530570011","5","0.9","ug/m3 LC","4","Anacortes-202 Ave","1","100.0000","88101","PM2.5 - Local Conditions","34580","Mount Vernon-Anacortes, WA","53","Washington","057","Skagit","48.52059","-122.61428"
"01/26/2020","AQS","530570011","5","2.5","ug/m3 LC","10","Anacortes-202 Ave","1","100.0000","88101","PM2.5 - Local Conditions","34580","Mount Vernon-Anacortes, WA","53","Washington","057","Skagit","48.52059","-122.61428"
"01/27/2020","AQS","530570011","5","2.2","ug/m3 LC","9","Anacortes-202 Ave","1","100.0000","88101","PM2.5 - Local Conditions","34580","Mount Vernon-Anacortes, WA","53","Washington","057","Skagit","48.52059","-122.61428"
"01/28/2020","AQS","530570011","5","3","ug/m3 LC","13","Anacortes-202 Ave","1","100.0000","88101","PM2.5 - Local Conditions","34580","Mount Vernon-Anacortes, WA","53","Washington","057","Skagit","48.52059","-122.61428"
"01/29/2020","AQS","530570011","5","3.7","ug/m3 LC","15","Anacortes-202 Ave","1","100.0000","88101","PM2.5 - Local Conditions","34580","Mount Vernon-Anacortes, WA","53","Washington","057","Skagit","48.52059","-122.61428"
"01/30/2020","AQS","530570011","5","4.2","ug/m3 LC","18","Anacortes-202 Ave","1","100.0000","88101","PM2.5 - Local Conditions","34580","Mount Vernon-Anacortes, WA","53","Washington","057","Skagit","48.52059","-122.61428"
"01/31/2020","AQS","530570011","5","1.8","ug/m3 LC","8","Anacortes-202 Ave","1","100.0000","88101","PM2.5 - Local Conditions","34580","Mount Vernon-Anacortes, WA","53","Washington","057","Skagit","48.52059","-122.61428"
"02/01/2020","AirNow","530570011","5","2.6","ug/m3 LC","11","Anacortes-202 Ave","1","100.0000","88101","PM2.5 - Local Conditions","34580","Mount Vernon-Anacortes, WA","53","Washington","057","Skagit","48.52059","-122.61428"
"02/02/2020","AirNow","530570011","5","3.5","ug/m3 LC","15","Anacortes-202 Ave","1","100.0000","88101","PM2.5 - Local Conditions","34580","Mount Vernon-Anacortes, WA","53","Washington","057","Skagit","48.52059","-122.61428"
"02/03/2020","AirNow","530570011","5","3","ug/m3 LC","13","Anacortes-202 Ave","1","100.0000","88101","PM2.5 - Local Conditions","34580","Mount Vernon-Anacortes, WA","53","Washington","057","Skagit","48.52059","-122.61428"
"02/04/2020","AirNow","530570011","5","5.7","ug/m3 LC","24","Anacortes-202 Ave","1","100.0000","88101","PM2.5 - Local Conditions","34580","Mount Vernon-Anacortes, WA","53","Washington","057","Skagit","48.52059","-122.61428"
"02/05/2020","AirNow","530570011","5","1.6","ug/m3 LC","7","Anacortes-202 Ave","1","100.0000","88101","PM2.5 - Local Conditions","34580","Mount Vernon-Anacortes, WA","53","Washington","057","Skagit","48.52059","-122.61428"
"02/06/2020","AirNow","530570011","5","2.6","ug/m3 LC","11","Anacortes-202 Ave","1","100.0000","88101","PM2.5 - Local Conditions","34580","Mount Vernon-Anacortes, WA","53","Washington","057","Skagit","48.52059","-122.61428"
"02/07/2020","AirNow","530570011","5","3.4","ug/m3 LC","14","Anacortes-202 Ave","1","100.0000","88101","PM2.5 - Local Conditions","34580","Mount Vernon-Anacortes, WA","53","Washington","057","Skagit","48.52059","-122.61428"
"02/08/2020","AirNow","530570011","5","2.3","ug/m3 LC","10","Anacortes-202 Ave","1","100.0000","88101","PM2.5 - Local Conditions","34580","Mount Vernon-Anacortes, WA","53","Washington","057","Skagit","48.52059","-122.61428"
"02/09/2020","AirNow","530570011","5","4.3","ug/m3 LC","18","Anacortes-202 Ave","1","100.0000","88101","PM2.5 - Local Conditions","34580","Mount Vernon-Anacortes, WA","53","Washington","057","Skagit","48.52059","-122.61428"
"02/10/2020","AirNow","530570011","5","5.3","ug/m3 LC","22","Anacortes-202 Ave","1","100.0000","88101","PM2.5 - Local Conditions","34580","Mount Vernon-Anacortes, WA","53","Washington","057","Skagit","48.52059","-122.61428"
"02/11/2020","AirNow","530570011","5","6","ug/m3 LC","25","Anacortes-202 Ave","1","100.0000","88101","PM2.5 - Local Conditions","34580","Mount Vernon-Anacortes, WA","53","Washington","057","Skagit","48.52059","-122.61428"
"02/12/2020","AirNow","530570011","5","3.2","ug/m3 LC","13","Anacortes-202 Ave","1","100.0000","88101","PM2.5 - Local Conditions","34580","Mount Vernon-Anacortes, WA","53","Washington","057","Skagit","48.52059","-122.61428"
"02/13/2020","AirNow","530570011","5","3.8","ug/m3 LC","16","Anacortes-202 Ave","1","100.0000","88101","PM2.5 - Local Conditions","34580","Mount Vernon-Anacortes, WA","53","Washington","057","Skagit","48.52059","-122.61428"
"02/14/2020","AirNow","530570011","5","2.7","ug/m3 LC","11","Anacortes-202 Ave","1","100.0000","88101","PM2.5 - Local Conditions","34580","Mount Vernon-Anacortes, WA","53","Washington","057","Skagit","48.52059","-122.61428"
"02/15/2020","AirNow","530570011","5","3.5","ug/m3 LC","15","Anacortes-202 Ave","1","100.0000","88101","PM2.5 - Local Conditions","34580","Mount Vernon-Anacortes, WA","53","Washington","057","Skagit","48.52059","-122.61428"
"02/16/2020","AirNow","530570011","5","3","ug/m3 LC","13","Anacortes-202 Ave","1","100.0000","88101","PM2.5 - Local Conditions","34580","Mount Vernon-Anacortes, WA","53","Washington","057","Skagit","48.52059","-122.61428"
"02/17/2020","AirNow","530570011","5","3","ug/m3 LC","13","Anacortes-202 Ave","1","100.0000","88101","PM2.5 - Local Conditions","34580","Mount Vernon-Anacortes, WA","53","Washington","057","Skagit","48.52059","-122.61428"
"02/18/2020","AirNow","530570011","5","3.8","ug/m3 LC","16","Anacortes-202 Ave","1","100.0000","88101","PM2.5 - Local Conditions","34580","Mount Vernon-Anacortes, WA","53","Washington","057","Skagit","48.52059","-122.61428"
"02/19/2020","AirNow","530570011","5","6.2","ug/m3 LC","26","Anacortes-202 Ave","1","100.0000","88101","PM2.5 - Local Conditions","34580","Mount Vernon-Anacortes, WA","53","Washington","057","Skagit","48.52059","-122.61428"
"02/20/2020","AirNow","530570011","5","6.8","ug/m3 LC","28","Anacortes-202 Ave","1","100.0000","88101","PM2.5 - Local Conditions","34580","Mount Vernon-Anacortes, WA","53","Washington","057","Skagit","48.52059","-122.61428"
"02/21/2020","AirNow","530570011","5","6.5","ug/m3 LC","27","Anacortes-202 Ave","1","100.0000","88101","PM2.5 - Local Conditions","34580","Mount Vernon-Anacortes, WA","53","Washington","057","Skagit","48.52059","-122.61428"
"02/22/2020","AirNow","530570011","5","5.3","ug/m3 LC","22","Anacortes-202 Ave","1","100.0000","88101","PM2.5 - Local Conditions","34580","Mount Vernon-Anacortes, WA","53","Washington","057","Skagit","48.52059","-122.61428"
"02/23/2020","AirNow","530570011","5","3.4","ug/m3 LC","14","Anacortes-202 Ave","1","100.0000","88101","PM2.5 - Local Conditions","34580","Mount Vernon-Anacortes, WA","53","Washington","057","Skagit","48.52059","-122.61428"
"02/24/2020","AirNow","530570011","5","4.7","ug/m3 LC","20","Anacortes-202 Ave","1","100.0000","88101","PM2.5 - Local Conditions","34580","Mount Vernon-Anacortes, WA","53","Washington","057","Skagit","48.52059","-122.61428"
"02/25/2020","AirNow","530570011","5","3.7","ug/m3 LC","15","Anacortes-202 Ave","1","100.0000","88101","PM2.5 - Local Conditions","34580","Mount Vernon-Anacortes, WA","53","Washington","057","Skagit","48.52059","-122.61428"
"02/26/2020","AirNow","530570011","5","4.8","ug/m3 LC","20","Anacortes-202 Ave","1","100.0000","88101","PM2.5 - Local Conditions","34580","Mount Vernon-Anacortes, WA","53","Washington","057","Skagit","48.52059","-122.61428"
"02/27/2020","AirNow","530570011","5","4.4","ug/m3 LC","18","Anacortes-202 Ave","1","100.0000","88101","PM2.5 - Local Conditions","34580","Mount Vernon-Anacortes, WA","53","Washington","057","Skagit","48.52059","-122.61428"
"02/28/2020","AirNow","530570011","5","4.7","ug/m3 LC","20","Anacortes-202 Ave","1","100.0000","88101","PM2.5 - Local Conditions","34580","Mount Vernon-Anacortes, WA","53","Washington","057","Skagit","48.52059","-122.61428"
"02/29/2020","AirNow","530570011","5","3.2","ug/m3 LC","13","Anacortes-202 Ave","1","100.0000","88101","PM2.5 - Local Conditions","34580","Mount Vernon-Anacortes, WA","53","Washington","057","Skagit","48.52059","-122.61428"
"03/01/2020","AirNow","530570011","5","4.3","ug/m3 LC","18","Anacortes-202 Ave","1","100.0000","88101","PM2.5 - Local Conditions","34580","Mount Vernon-Anacortes, WA","53","Washington","057","Skagit","48.52059","-122.61428"
"03/02/2020","AirNow","530570011","5","2.5","ug/m3 LC","10","Anacortes-202 Ave","1","100.0000","88101","PM2.5 - Local Conditions","34580","Mount Vernon-Anacortes, WA","53","Washington","057","Skagit","48.52059","-122.61428"
"03/03/2020","AirNow","530570011","5","1.7","ug/m3 LC","7","Anacortes-202 Ave","1","100.0000","88101","PM2.5 - Local Conditions","34580","Mount Vernon-Anacortes, WA","53","Washington","057","Skagit","48.52059","-122.61428"
"03/04/2020","AirNow","530570011","5","4.4","ug/m3 LC","18","Anacortes-202 Ave","1","100.0000","88101","PM2.5 - Local Conditions","34580","Mount Vernon-Anacortes, WA","53","Washington","057","Skagit","48.52059","-122.61428"
"03/05/2020","AirNow","530570011","5","1.6","ug/m3 LC","7","Anacortes-202 Ave","1","100.0000","88101","PM2.5 - Local Conditions","34580","Mount Vernon-Anacortes, WA","53","Washington","057","Skagit","48.52059","-122.61428"
"03/06/2020","AirNow","530570011","5","2.7","ug/m3 LC","11","Anacortes-202 Ave","1","100.0000","88101","PM2.5 - Local Conditions","34580","Mount Vernon-Anacortes, WA","53","Washington","057","Skagit","48.52059","-122.61428"
"03/07/2020","AirNow","530570011","5","4.6","ug/m3 LC","19","Anacortes-202 Ave","1","100.0000","88101","PM2.5 - Local Conditions","34580","Mount Vernon-Anacortes, WA","53","Washington","057","Skagit","48.52059","-122.61428"
"03/08/2020","AirNow","530570011","5","2.5","ug/m3 LC","10","Anacortes-202 Ave","1","100.0000","88101","PM2.5 - Local Conditions","34580","Mount Vernon-Anacortes, WA","53","Washington","057","Skagit","48.52059","-122.61428"
"03/09/2020","AirNow","530570011","5","4.2","ug/m3 LC","18","Anacortes-202 Ave","1","100.0000","88101","PM2.5 - Local Conditions","34580","Mount Vernon-Anacortes, WA","53","Washington","057","Skagit","48.52059","-122.61428"
"03/10/2020","AirNow","530570011","5","4.2","ug/m3 LC","18","Anacortes-202 Ave","1","100.0000","88101","PM2.5 - Local Conditions","34580","Mount Vernon-Anacortes, WA","53","Washington","057","Skagit","48.52059","-122.61428"
"03/11/2020","AirNow","530570011","5","3.8","ug/m3 LC","16","Anacortes-202 Ave","1","100.0000","88101","PM2.5 - Local Conditions","34580","Mount Vernon-Anacortes, WA","53","Washington","057","Skagit","48.52059","-122.61428"
"03/12/2020","AirNow","530570011","5","5.7","ug/m3 LC","24","Anacortes-202 Ave","1","100.0000","88101","PM2.5 - Local Conditions","34580","Mount Vernon-Anacortes, WA","53","Washington","057","Skagit","48.52059","-122.61428"
"03/13/2020","AirNow","530570011","5","3.3","ug/m3 LC","14","Anacortes-202 Ave","1","100.0000","88101","PM2.5 - Local Conditions","34580","Mount Vernon-Anacortes, WA","53","Washington","057","Skagit","48.52059","-122.61428"
"03/14/2020","AirNow","530570011","5","4.4","ug/m3 LC","18","Anacortes-202 Ave","1","100.0000","88101","PM2.5 - Local Conditions","34580","Mount Vernon-Anacortes, WA","53","Washington","057","Skagit","48.52059","-122.61428"
"03/15/2020","AirNow","530570011","5","3.2","ug/m3 LC","13","Anacortes-202 Ave","1","100.0000","88101","PM2.5 - Local Conditions","34580","Mount Vernon-Anacortes, WA","53","Washington","057","Skagit","48.52059","-122.61428"
"03/16/2020","AirNow","530570011","5","3.7","ug/m3 LC","15","Anacortes-202 Ave","1","100.0000","88101","PM2.5 - Local Conditions","34580","Mount Vernon-Anacortes, WA","53","Washington","057","Skagit","48.52059","-122.61428"
"03/17/2020","AirNow","530570011","5","6.7","ug/m3 LC","28","Anacortes-202 Ave","1","100.0000","88101","PM2.5 - Local Conditions","34580","Mount Vernon-Anacortes, WA","53","Washington","057","Skagit","48.52059","-122.61428"
"03/18/2020","AirNow","530570011","5","8.7","ug/m3 LC","36","Anacortes-202 Ave","1","100.0000","88101","PM2.5 - Local Conditions","34580","Mount Vernon-Anacortes, WA","53","Washington","057","Skagit","48.52059","-122.61428"
"03/19/2020","AirNow","530570011","5","8.5","ug/m3 LC","35","Anacortes-202 Ave","1","100.0000","88101","PM2.5 - Local Conditions","34580","Mount Vernon-Anacortes, WA","53","Washington","057","Skagit","48.52059","-122.61428"
"03/20/2020","AirNow","530570011","5","9.3","ug/m3 LC","39","Anacortes-202 Ave","1","100.0000","88101","PM2.5 - Local Conditions","34580","Mount Vernon-Anacortes, WA","53","Washington","057","Skagit","48.52059","-122.61428"
"03/21/2020","AirNow","530570011","5","8.7","ug/m3 LC","36","Anacortes-202 Ave","1","100.0000","88101","PM2.5 - Local Conditions","34580","Mount Vernon-Anacortes, WA","53","Washington","057","Skagit","48.52059","-122.61428"
"03/22/2020","AirNow","530570011","5","8.5","ug/m3 LC","35","Anacortes-202 Ave","1","100.0000","88101","PM2.5 - Local Conditions","34580","Mount Vernon-Anacortes, WA","53","Washington","057","Skagit","48.52059","-122.61428"
"03/23/2020","AirNow","530570011","5","3.2","ug/m3 LC","13","Anacortes-202 Ave","1","100.0000","88101","PM2.5 - Local Conditions","34580","Mount Vernon-Anacortes, WA","53","Washington","057","Skagit","48.52059","-122.61428"
"03/24/2020","AirNow","530570011","5","1","ug/m3 LC","4","Anacortes-202 Ave","1","100.0000","88101","PM2.5 - Local Conditions","34580","Mount Vernon-Anacortes, WA","53","Washington","057","Skagit","48.52059","-122.61428"
"03/25/2020","AirNow","530570011","5","3.5","ug/m3 LC","15","Anacortes-202 Ave","1","100.0000","88101","PM2.5 - Local Conditions","34580","Mount Vernon-Anacortes, WA","53","Washington","057","Skagit","48.52059","-122.61428"
"03/26/2020","AirNow","530570011","5","4.1","ug/m3 LC","17","Anacortes-202 Ave","1","100.0000","88101","PM2.5 - Local Conditions","34580","Mount Vernon-Anacortes, WA","53","Washington","057","Skagit","48.52059","-122.61428"
"03/27/2020","AirNow","530570011","5","6","ug/m3 LC","25","Anacortes-202 Ave","1","100.0000","88101","PM2.5 - Local Conditions","34580","Mount Vernon-Anacortes, WA","53","Washington","057","Skagit","48.52059","-122.61428"
"03/28/2020","AirNow","530570011","5","2.1","ug/m3 LC","9","Anacortes-202 Ave","1","100.0000","88101","PM2.5 - Local Conditions","34580","Mount Vernon-Anacortes, WA","53","Washington","057","Skagit","48.52059","-122.61428"
"03/29/2020","AirNow","530570011","5","0.9","ug/m3 LC","4","Anacortes-202 Ave","1","100.0000","88101","PM2.5 - Local Conditions","34580","Mount Vernon-Anacortes, WA","53","Washington","057","Skagit","48.52059","-122.61428"
"03/30/2020","AirNow","530570011","5","2","ug/m3 LC","8","Anacortes-202 Ave","1","100.0000","88101","PM2.5 - Local Conditions","34580","Mount Vernon-Anacortes, WA","53","Washington","057","Skagit","48.52059","-122.61428"
"03/31/2020","AirNow","530570011","5","1.7","ug/m3 LC","7","Anacortes-202 Ave","1","100.0000","88101","PM2.5 - Local Conditions","34580","Mount Vernon-Anacortes, WA","53","Washington","057","Skagit","48.52059","-122.61428"
"04/01/2020","AirNow","530570011","5","2.6","ug/m3 LC","11","Anacortes-202 Ave","1","100.0000","88101","PM2.5 - Local Conditions","34580","Mount Vernon-Anacortes, WA","53","Washington","057","Skagit","48.52059","-122.61428"
"04/02/2020","AirNow","530570011","5","4","ug/m3 LC","17","Anacortes-202 Ave","1","100.0000","88101","PM2.5 - Local Conditions","34580","Mount Vernon-Anacortes, WA","53","Washington","057","Skagit","48.52059","-122.61428"
"04/03/2020","AirNow","530570011","5","2.2","ug/m3 LC","9","Anacortes-202 Ave","1","100.0000","88101","PM2.5 - Local Conditions","34580","Mount Vernon-Anacortes, WA","53","Washington","057","Skagit","48.52059","-122.61428"
"04/04/2020","AirNow","530570011","5","2.1","ug/m3 LC","9","Anacortes-202 Ave","1","100.0000","88101","PM2.5 - Local Conditions","34580","Mount Vernon-Anacortes, WA","53","Washington","057","Skagit","48.52059","-122.61428"
"04/05/2020","AirNow","530570011","5","2.6","ug/m3 LC","11","Anacortes-202 Ave","1","100.0000","88101","PM2.5 - Local Conditions","34580","Mount Vernon-Anacortes, WA","53","Washington","057","Skagit","48.52059","-122.61428"
"04/06/2020","AirNow","530570011","5","4.4","ug/m3 LC","18","Anacortes-202 Ave","1","100.0000","88101","PM2.5 - Local Conditions","34580","Mount Vernon-Anacortes, WA","53","Washington","057","Skagit","48.52059","-122.61428"
"04/07/2020","AirNow","530570011","5","5.4","ug/m3 LC","23","Anacortes-202 Ave","1","100.0000","88101","PM2.5 - Local Conditions","34580","Mount Vernon-Anacortes, WA","53","Washington","057","Skagit","48.52059","-122.61428"
"04/08/2020","AirNow","530570011","5","6.7","ug/m3 LC","28","Anacortes-202 Ave","1","100.0000","88101","PM2.5 - Local Conditions","34580","Mount Vernon-Anacortes, WA","53","Washington","057","Skagit","48.52059","-122.61428"
"04/09/2020","AirNow","530570011","5","10","ug/m3 LC","42","Anacortes-202 Ave","1","100.0000","88101","PM2.5 - Local Conditions","34580","Mount Vernon-Anacortes, WA","53","Washington","057","Skagit","48.52059","-122.61428"
"04/10/2020","AirNow","530570011","5","4.8","ug/m3 LC","20","Anacortes-202 Ave","1","100.0000","88101","PM2.5 - Local Conditions","34580","Mount Vernon-Anacortes, WA","53","Washington","057","Skagit","48.52059","-122.61428"
"04/11/2020","AirNow","530570011","5","4.1","ug/m3 LC","17","Anacortes-202 Ave","1","100.0000","88101","PM2.5 - Local Conditions","34580","Mount Vernon-Anacortes, WA","53","Washington","057","Skagit","48.52059","-122.61428"
"04/12/2020","AirNow","530570011","5","3.5","ug/m3 LC","15","Anacortes-202 Ave","1","100.0000","88101","PM2.5 - Local Conditions","34580","Mount Vernon-Anacortes, WA","53","Washington","057","Skagit","48.52059","-122.61428"
"04/13/2020","AirNow","530570011","5","4.5","ug/m3 LC","19","Anacortes-202 Ave","1","100.0000","88101","PM2.5 - Local Conditions","34580","Mount Vernon-Anacortes, WA","53","Washington","057","Skagit","48.52059","-122.61428"
"04/14/2020","AirNow","530570011","5","6.6","ug/m3 LC","28","Anacortes-202 Ave","1","100.0000","88101","PM2.5 - Local Conditions","34580","Mount Vernon-Anacortes, WA","53","Washington","057","Skagit","48.52059","-122.61428"
"04/15/2020","AirNow","530570011","5","5.5","ug/m3 LC","23","Anacortes-202 Ave","1","100.0000","88101","PM2.5 - Local Conditions","34580","Mount Vernon-Anacortes, WA","53","Washington","057","Skagit","48.52059","-122.61428"
"04/16/2020","AirNow","530570011","5","5.3","ug/m3 LC","22","Anacortes-202 Ave","1","100.0000","88101","PM2.5 - Local Conditions","34580","Mount Vernon-Anacortes, WA","53","Washington","057","Skagit","48.52059","-122.61428"
"04/17/2020","AirNow","530570011","5","5.8","ug/m3 LC","24","Anacortes-202 Ave","1","100.0000","88101","PM2.5 - Local Conditions","34580","Mount Vernon-Anacortes, WA","53","Washington","057","Skagit","48.52059","-122.61428"
"04/18/2020","AirNow","530570011","5","6.4","ug/m3 LC","27","Anacortes-202 Ave","1","100.0000","88101","PM2.5 - Local Conditions","34580","Mount Vernon-Anacortes, WA","53","Washington","057","Skagit","48.52059","-122.61428"
"04/19/2020","AirNow","530570011","5","2.7","ug/m3 LC","11","Anacortes-202 Ave","1","100.0000","88101","PM2.5 - Local Conditions","34580","Mount Vernon-Anacortes, WA","53","Washington","057","Skagit","48.52059","-122.61428"
"04/20/2020","AirNow","530570011","5","3.6","ug/m3 LC","15","Anacortes-202 Ave","1","100.0000","88101","PM2.5 - Local Conditions","34580","Mount Vernon-Anacortes, WA","53","Washington","057","Skagit","48.52059","-122.61428"
"04/21/2020","AirNow","530570011","5","3.1","ug/m3 LC","13","Anacortes-202 Ave","1","100.0000","88101","PM2.5 - Local Conditions","34580","Mount Vernon-Anacortes, WA","53","Washington","057","Skagit","48.52059","-122.61428"
"04/22/2020","AirNow","530570011","5","5","ug/m3 LC","21","Anacortes-202 Ave","1","100.0000","88101","PM2.5 - Local Conditions","34580","Mount Vernon-Anacortes, WA","53","Washington","057","Skagit","48.52059","-122.61428"
"04/23/2020","AirNow","530570011","5","3.5","ug/m3 LC","15","Anacortes-202 Ave","1","100.0000","88101","PM2.5 - Local Conditions","34580","Mount Vernon-Anacortes, WA","53","Washington","057","Skagit","48.52059","-122.61428"
"04/24/2020","AirNow","530570011","5","4.4","ug/m3 LC","18","Anacortes-202 Ave","1","100.0000","88101","PM2.5 - Local Conditions","34580","Mount Vernon-Anacortes, WA","53","Washington","057","Skagit","48.52059","-122.61428"
"04/25/2020","AirNow","530570011","5","5.4","ug/m3 LC","23","Anacortes-202 Ave","1","100.0000","88101","PM2.5 - Local Conditions","34580","Mount Vernon-Anacortes, WA","53","Washington","057","Skagit","48.52059","-122.61428"
"04/26/2020","AirNow","530570011","5","5.9","ug/m3 LC","25","Anacortes-202 Ave","1","100.0000","88101","PM2.5 - Local Conditions","34580","Mount Vernon-Anacortes, WA","53","Washington","057","Skagit","48.52059","-122.61428"
"04/27/2020","AirNow","530570011","5","3.6","ug/m3 LC","15","Anacortes-202 Ave","1","100.0000","88101","PM2.5 - Local Conditions","34580","Mount Vernon-Anacortes, WA","53","Washington","057","Skagit","48.52059","-122.61428"
"04/28/2020","AirNow","530570011","5","4.2","ug/m3 LC","18","Anacortes-202 Ave","1","100.0000","88101","PM2.5 - Local Conditions","34580","Mount Vernon-Anacortes, WA","53","Washington","057","Skagit","48.52059","-122.61428"
"04/29/2020","AirNow","530570011","5","4.5","ug/m3 LC","19","Anacortes-202 Ave","1","100.0000","88101","PM2.5 - Local Conditions","34580","Mount Vernon-Anacortes, WA","53","Washington","057","Skagit","48.52059","-122.61428"
"04/30/2020","AirNow","530570011","5","3.8","ug/m3 LC","16","Anacortes-202 Ave","1","100.0000","88101","PM2.5 - Local Conditions","34580","Mount Vernon-Anacortes, WA","53","Washington","057","Skagit","48.52059","-122.61428"
"05/01/2020","AirNow","530570011","5","4.5","ug/m3 LC","19","Anacortes-202 Ave","1","100.0000","88101","PM2.5 - Local Conditions","34580","Mount Vernon-Anacortes, WA","53","Washington","057","Skagit","48.52059","-122.61428"
"05/02/2020","AirNow","530570011","5","4","ug/m3 LC","17","Anacortes-202 Ave","1","100.0000","88101","PM2.5 - Local Conditions","34580","Mount Vernon-Anacortes, WA","53","Washington","057","Skagit","48.52059","-122.61428"
"01/01/2020","AQS","530570015","4","0","ug/m3 LC","0","MT VERNON - 2ND AVE","1","100.0000","88502","Acceptable PM2.5 AQI & Speciation Mass","34580","Mount Vernon-Anacortes, WA","53","Washington","057","Skagit","48.4102","-122.3376"
"01/02/2020","AQS","530570015","4","0","ug/m3 LC","0","MT VERNON - 2ND AVE","1","100.0000","88502","Acceptable PM2.5 AQI & Speciation Mass","34580","Mount Vernon-Anacortes, WA","53","Washington","057","Skagit","48.4102","-122.3376"
"01/03/2020","AQS","530570015","4","0.2","ug/m3 LC","1","MT VERNON - 2ND AVE","1","100.0000","88502","Acceptable PM2.5 AQI & Speciation Mass","34580","Mount Vernon-Anacortes, WA","53","Washington","057","Skagit","48.4102","-122.3376"
"01/04/2020","AQS","530570015","4","0.1","ug/m3 LC","0","MT VERNON - 2ND AVE","1","100.0000","88502","Acceptable PM2.5 AQI & Speciation Mass","34580","Mount Vernon-Anacortes, WA","53","Washington","057","Skagit","48.4102","-122.3376"
"01/05/2020","AQS","530570015","4","0.1","ug/m3 LC","0","MT VERNON - 2ND AVE","1","100.0000","88502","Acceptable PM2.5 AQI & Speciation Mass","34580","Mount Vernon-Anacortes, WA","53","Washington","057","Skagit","48.4102","-122.3376"
"01/06/2020","AQS","530570015","4","0.5","ug/m3 LC","2","MT VERNON - 2ND AVE","1","100.0000","88502","Acceptable PM2.5 AQI & Speciation Mass","34580","Mount Vernon-Anacortes, WA","53","Washington","057","Skagit","48.4102","-122.3376"
"01/07/2020","AQS","530570015","4","0.5","ug/m3 LC","2","MT VERNON - 2ND AVE","1","100.0000","88502","Acceptable PM2.5 AQI & Speciation Mass","34580","Mount Vernon-Anacortes, WA","53","Washington","057","Skagit","48.4102","-122.3376"
"01/08/2020","AQS","530570015","4","0.9","ug/m3 LC","4","MT VERNON - 2ND AVE","1","100.0000","88502","Acceptable PM2.5 AQI & Speciation Mass","34580","Mount Vernon-Anacortes, WA","53","Washington","057","Skagit","48.4102","-122.3376"
"01/09/2020","AQS","530570015","4","1.6","ug/m3 LC","7","MT VERNON - 2ND AVE","1","100.0000","88502","Acceptable PM2.5 AQI & Speciation Mass","34580","Mount Vernon-Anacortes, WA","53","Washington","057","Skagit","48.4102","-122.3376"
"01/10/2020","AQS","530570015","4","0.8","ug/m3 LC","3","MT VERNON - 2ND AVE","1","100.0000","88502","Acceptable PM2.5 AQI & Speciation Mass","34580","Mount Vernon-Anacortes, WA","53","Washington","057","Skagit","48.4102","-122.3376"
"01/11/2020","AQS","530570015","4","0.9","ug/m3 LC","4","MT VERNON - 2ND AVE","1","100.0000","88502","Acceptable PM2.5 AQI & Speciation Mass","34580","Mount Vernon-Anacortes, WA","53","Washington","057","Skagit","48.4102","-122.3376"
"01/14/2020","AQS","530570015","4","1.2","ug/m3 LC","5","MT VERNON - 2ND AVE","1","100.0000","88502","Acceptable PM2.5 AQI & Speciation Mass","34580","Mount Vernon-Anacortes, WA","53","Washington","057","Skagit","48.4102","-122.3376"
"01/15/2020","AQS","530570015","4","1.1","ug/m3 LC","5","MT VERNON - 2ND AVE","1","100.0000","88502","Acceptable PM2.5 AQI & Speciation Mass","34580","Mount Vernon-Anacortes, WA","53","Washington","057","Skagit","48.4102","-122.3376"
"01/16/2020","AQS","530570015","4","1.1","ug/m3 LC","5","MT VERNON - 2ND AVE","1","100.0000","88502","Acceptable PM2.5 AQI & Speciation Mass","34580","Mount Vernon-Anacortes, WA","53","Washington","057","Skagit","48.4102","-122.3376"
"01/17/2020","AQS","530570015","4","2","ug/m3 LC","8","MT VERNON - 2ND AVE","1","100.0000","88502","Acceptable PM2.5 AQI & Speciation Mass","34580","Mount Vernon-Anacortes, WA","53","Washington","057","Skagit","48.4102","-122.3376"
"01/18/2020","AQS","530570015","4","0.7","ug/m3 LC","3","MT VERNON - 2ND AVE","1","100.0000","88502","Acceptable PM2.5 AQI & Speciation Mass","34580","Mount Vernon-Anacortes, WA","53","Washington","057","Skagit","48.4102","-122.3376"
"01/19/2020","AQS","530570015","4","0.9","ug/m3 LC","4","MT VERNON - 2ND AVE","1","100.0000","88502","Acceptable PM2.5 AQI & Speciation Mass","34580","Mount Vernon-Anacortes, WA","53","Washington","057","Skagit","48.4102","-122.3376"
"01/20/2020","AQS","530570015","4","1.2","ug/m3 LC","5","MT VERNON - 2ND AVE","1","100.0000","88502","Acceptable PM2.5 AQI & Speciation Mass","34580","Mount Vernon-Anacortes, WA","53","Washington","057","Skagit","48.4102","-122.3376"
"01/21/2020","AQS","530570015","4","0.8","ug/m3 LC","3","MT VERNON - 2ND AVE","1","100.0000","88502","Acceptable PM2.5 AQI & Speciation Mass","34580","Mount Vernon-Anacortes, WA","53","Washington","057","Skagit","48.4102","-122.3376"
"01/22/2020","AQS","530570015","4","0.7","ug/m3 LC","3","MT VERNON - 2ND AVE","1","100.0000","88502","Acceptable PM2.5 AQI & Speciation Mass","34580","Mount Vernon-Anacortes, WA","53","Washington","057","Skagit","48.4102","-122.3376"
"01/23/2020","AQS","530570015","4","0.7","ug/m3 LC","3","MT VERNON - 2ND AVE","1","100.0000","88502","Acceptable PM2.5 AQI & Speciation Mass","34580","Mount Vernon-Anacortes, WA","53","Washington","057","Skagit","48.4102","-122.3376"
"01/24/2020","AQS","530570015","4","0.7","ug/m3 LC","3","MT VERNON - 2ND AVE","1","100.0000","88502","Acceptable PM2.5 AQI & Speciation Mass","34580","Mount Vernon-Anacortes, WA","53","Washington","057","Skagit","48.4102","-122.3376"
"01/25/2020","AQS","530570015","4","0.8","ug/m3 LC","3","MT VERNON - 2ND AVE","1","100.0000","88502","Acceptable PM2.5 AQI & Speciation Mass","34580","Mount Vernon-Anacortes, WA","53","Washington","057","Skagit","48.4102","-122.3376"
"01/26/2020","AQS","530570015","4","0.8","ug/m3 LC","3","MT VERNON - 2ND AVE","1","100.0000","88502","Acceptable PM2.5 AQI & Speciation Mass","34580","Mount Vernon-Anacortes, WA","53","Washington","057","Skagit","48.4102","-122.3376"
"01/27/2020","AQS","530570015","4","0.7","ug/m3 LC","3","MT VERNON - 2ND AVE","1","100.0000","88502","Acceptable PM2.5 AQI & Speciation Mass","34580","Mount Vernon-Anacortes, WA","53","Washington","057","Skagit","48.4102","-122.3376"
"01/28/2020","AQS","530570015","4","1.8","ug/m3 LC","8","MT VERNON - 2ND AVE","1","100.0000","88502","Acceptable PM2.5 AQI & Speciation Mass","34580","Mount Vernon-Anacortes, WA","53","Washington","057","Skagit","48.4102","-122.3376"
"01/29/2020","AQS","530570015","4","1.1","ug/m3 LC","5","MT VERNON - 2ND AVE","1","100.0000","88502","Acceptable PM2.5 AQI & Speciation Mass","34580","Mount Vernon-Anacortes, WA","53","Washington","057","Skagit","48.4102","-122.3376"
"01/30/2020","AQS","530570015","4","1.1","ug/m3 LC","5","MT VERNON - 2ND AVE","1","100.0000","88502","Acceptable PM2.5 AQI & Speciation Mass","34580","Mount Vernon-Anacortes, WA","53","Washington","057","Skagit","48.4102","-122.3376"
"01/31/2020","AQS","530570015","4","0.7","ug/m3 LC","3","MT VERNON - 2ND AVE","1","100.0000","88502","Acceptable PM2.5 AQI & Speciation Mass","34580","Mount Vernon-Anacortes, WA","53","Washington","057","Skagit","48.4102","-122.3376"
"02/01/2020","AirNow","530570015","4","0.8","ug/m3 LC","3","MT VERNON - 2ND AVE","1","100.0000","88502","Acceptable PM2.5 AQI & Speciation Mass","34580","Mount Vernon-Anacortes, WA","53","Washington","057","Skagit","48.4102","-122.3376"
"02/02/2020","AirNow","530570015","4","0.9","ug/m3 LC","4","MT VERNON - 2ND AVE","1","100.0000","88502","Acceptable PM2.5 AQI & Speciation Mass","34580","Mount Vernon-Anacortes, WA","53","Washington","057","Skagit","48.4102","-122.3376"
"02/03/2020","AirNow","530570015","4","2.8","ug/m3 LC","12","MT VERNON - 2ND AVE","1","100.0000","88502","Acceptable PM2.5 AQI & Speciation Mass","34580","Mount Vernon-Anacortes, WA","53","Washington","057","Skagit","48.4102","-122.3376"
"02/04/2020","AirNow","530570015","4","1.3","ug/m3 LC","5","MT VERNON - 2ND AVE","1","100.0000","88502","Acceptable PM2.5 AQI & Speciation Mass","34580","Mount Vernon-Anacortes, WA","53","Washington","057","Skagit","48.4102","-122.3376"
"02/05/2020","AirNow","530570015","4","2.7","ug/m3 LC","11","MT VERNON - 2ND AVE","1","100.0000","88502","Acceptable PM2.5 AQI & Speciation Mass","34580","Mount Vernon-Anacortes, WA","53","Washington","057","Skagit","48.4102","-122.3376"
"02/06/2020","AirNow","530570015","4","4.6","ug/m3 LC","19","MT VERNON - 2ND AVE","1","100.0000","88502","Acceptable PM2.5 AQI & Speciation Mass","34580","Mount Vernon-Anacortes, WA","53","Washington","057","Skagit","48.4102","-122.3376"
"02/07/2020","AirNow","530570015","4","1.8","ug/m3 LC","8","MT VERNON - 2ND AVE","1","100.0000","88502","Acceptable PM2.5 AQI & Speciation Mass","34580","Mount Vernon-Anacortes, WA","53","Washington","057","Skagit","48.4102","-122.3376"
"02/08/2020","AirNow","530570015","4","0.9","ug/m3 LC","4","MT VERNON - 2ND AVE","1","100.0000","88502","Acceptable PM2.5 AQI & Speciation Mass","34580","Mount Vernon-Anacortes, WA","53","Washington","057","Skagit","48.4102","-122.3376"
"02/09/2020","AirNow","530570015","4","5","ug/m3 LC","21","MT VERNON - 2ND AVE","1","100.0000","88502","Acceptable PM2.5 AQI & Speciation Mass","34580","Mount Vernon-Anacortes, WA","53","Washington","057","Skagit","48.4102","-122.3376"
"02/10/2020","AirNow","530570015","4","1.6","ug/m3 LC","7","MT VERNON - 2ND AVE","1","100.0000","88502","Acceptable PM2.5 AQI & Speciation Mass","34580","Mount Vernon-Anacortes, WA","53","Washington","057","Skagit","48.4102","-122.3376"
"02/11/2020","AirNow","530570015","4","1.3","ug/m3 LC","5","MT VERNON - 2ND AVE","1","100.0000","88502","Acceptable PM2.5 AQI & Speciation Mass","34580","Mount Vernon-Anacortes, WA","53","Washington","057","Skagit","48.4102","-122.3376"
"02/12/2020","AirNow","530570015","4","1.2","ug/m3 LC","5","MT VERNON - 2ND AVE","1","100.0000","88502","Acceptable PM2.5 AQI & Speciation Mass","34580","Mount Vernon-Anacortes, WA","53","Washington","057","Skagit","48.4102","-122.3376"
"02/13/2020","AirNow","530570015","4","1.1","ug/m3 LC","5","MT VERNON - 2ND AVE","1","100.0000","88502","Acceptable PM2.5 AQI & Speciation Mass","34580","Mount Vernon-Anacortes, WA","53","Washington","057","Skagit","48.4102","-122.3376"
"02/14/2020","AirNow","530570015","4","0.8","ug/m3 LC","3","MT VERNON - 2ND AVE","1","100.0000","88502","Acceptable PM2.5 AQI & Speciation Mass","34580","Mount Vernon-Anacortes, WA","53","Washington","057","Skagit","48.4102","-122.3376"
"02/15/2020","AirNow","530570015","4","0.8","ug/m3 LC","3","MT VERNON - 2ND AVE","1","100.0000","88502","Acceptable PM2.5 AQI & Speciation Mass","34580","Mount Vernon-Anacortes, WA","53","Washington","057","Skagit","48.4102","-122.3376"
"02/16/2020","AirNow","530570015","4","0.9","ug/m3 LC","4","MT VERNON - 2ND AVE","1","100.0000","88502","Acceptable PM2.5 AQI & Speciation Mass","34580","Mount Vernon-Anacortes, WA","53","Washington","057","Skagit","48.4102","-122.3376"
"02/17/2020","AirNow","530570015","4","1.1","ug/m3 LC","5","MT VERNON - 2ND AVE","1","100.0000","88502","Acceptable PM2.5 AQI & Speciation Mass","34580","Mount Vernon-Anacortes, WA","53","Washington","057","Skagit","48.4102","-122.3376"
"02/18/2020","AirNow","530570015","4","1.1","ug/m3 LC","5","MT VERNON - 2ND AVE","1","100.0000","88502","Acceptable PM2.5 AQI & Speciation Mass","34580","Mount Vernon-Anacortes, WA","53","Washington","057","Skagit","48.4102","-122.3376"
"02/19/2020","AirNow","530570015","4","1.4","ug/m3 LC","6","MT VERNON - 2ND AVE","1","100.0000","88502","Acceptable PM2.5 AQI & Speciation Mass","34580","Mount Vernon-Anacortes, WA","53","Washington","057","Skagit","48.4102","-122.3376"
"02/20/2020","AirNow","530570015","4","1.5","ug/m3 LC","6","MT VERNON - 2ND AVE","1","100.0000","88502","Acceptable PM2.5 AQI & Speciation Mass","34580","Mount Vernon-Anacortes, WA","53","Washington","057","Skagit","48.4102","-122.3376"
"02/21/2020","AirNow","530570015","4","1.8","ug/m3 LC","8","MT VERNON - 2ND AVE","1","100.0000","88502","Acceptable PM2.5 AQI & Speciation Mass","34580","Mount Vernon-Anacortes, WA","53","Washington","057","Skagit","48.4102","-122.3376"
"02/22/2020","AirNow","530570015","4","1.3","ug/m3 LC","5","MT VERNON - 2ND AVE","1","100.0000","88502","Acceptable PM2.5 AQI & Speciation Mass","34580","Mount Vernon-Anacortes, WA","53","Washington","057","Skagit","48.4102","-122.3376"
"02/25/2020","AirNow","530570015","4","1.2","ug/m3 LC","5","MT VERNON - 2ND AVE","1","100.0000","88502","Acceptable PM2.5 AQI & Speciation Mass","34580","Mount Vernon-Anacortes, WA","53","Washington","057","Skagit","48.4102","-122.3376"
"02/26/2020","AirNow","530570015","4","1.4","ug/m3 LC","6","MT VERNON - 2ND AVE","1","100.0000","88502","Acceptable PM2.5 AQI & Speciation Mass","34580","Mount Vernon-Anacortes, WA","53","Washington","057","Skagit","48.4102","-122.3376"
"02/27/2020","AirNow","530570015","4","1.3","ug/m3 LC","5","MT VERNON - 2ND AVE","1","100.0000","88502","Acceptable PM2.5 AQI & Speciation Mass","34580","Mount Vernon-Anacortes, WA","53","Washington","057","Skagit","48.4102","-122.3376"
"02/28/2020","AirNow","530570015","4","1.4","ug/m3 LC","6","MT VERNON - 2ND AVE","1","100.0000","88502","Acceptable PM2.5 AQI & Speciation Mass","34580","Mount Vernon-Anacortes, WA","53","Washington","057","Skagit","48.4102","-122.3376"
"02/29/2020","AirNow","530570015","4","1","ug/m3 LC","4","MT VERNON - 2ND AVE","1","100.0000","88502","Acceptable PM2.5 AQI & Speciation Mass","34580","Mount Vernon-Anacortes, WA","53","Washington","057","Skagit","48.4102","-122.3376"
"03/01/2020","AirNow","530570015","4","1.1","ug/m3 LC","5","MT VERNON - 2ND AVE","1","100.0000","88502","Acceptable PM2.5 AQI & Speciation Mass","34580","Mount Vernon-Anacortes, WA","53","Washington","057","Skagit","48.4102","-122.3376"
"03/02/2020","AirNow","530570015","4","0.9","ug/m3 LC","4","MT VERNON - 2ND AVE","1","100.0000","88502","Acceptable PM2.5 AQI & Speciation Mass","34580","Mount Vernon-Anacortes, WA","53","Washington","057","Skagit","48.4102","-122.3376"
"03/03/2020","AirNow","530570015","4","1","ug/m3 LC","4","MT VERNON - 2ND AVE","1","100.0000","88502","Acceptable PM2.5 AQI & Speciation Mass","34580","Mount Vernon-Anacortes, WA","53","Washington","057","Skagit","48.4102","-122.3376"
"03/04/2020","AirNow","530570015","4","0.9","ug/m3 LC","4","MT VERNON - 2ND AVE","1","100.0000","88502","Acceptable PM2.5 AQI & Speciation Mass","34580","Mount Vernon-Anacortes, WA","53","Washington","057","Skagit","48.4102","-122.3376"
"03/05/2020","AirNow","530570015","4","1","ug/m3 LC","4","MT VERNON - 2ND AVE","1","100.0000","88502","Acceptable PM2.5 AQI & Speciation Mass","34580","Mount Vernon-Anacortes, WA","53","Washington","057","Skagit","48.4102","-122.3376"
"03/06/2020","AirNow","530570015","4","0.9","ug/m3 LC","4","MT VERNON - 2ND AVE","1","100.0000","88502","Acceptable PM2.5 AQI & Speciation Mass","34580","Mount Vernon-Anacortes, WA","53","Washington","057","Skagit","48.4102","-122.3376"
"03/07/2020","AirNow","530570015","4","1.2","ug/m3 LC","5","MT VERNON - 2ND AVE","1","100.0000","88502","Acceptable PM2.5 AQI & Speciation Mass","34580","Mount Vernon-Anacortes, WA","53","Washington","057","Skagit","48.4102","-122.3376"
"03/09/2020","AirNow","530570015","4","1.4","ug/m3 LC","6","MT VERNON - 2ND AVE","1","100.0000","88502","Acceptable PM2.5 AQI & Speciation Mass","34580","Mount Vernon-Anacortes, WA","53","Washington","057","Skagit","48.4102","-122.3376"
"03/10/2020","AirNow","530570015","4","1.1","ug/m3 LC","5","MT VERNON - 2ND AVE","1","100.0000","88502","Acceptable PM2.5 AQI & Speciation Mass","34580","Mount Vernon-Anacortes, WA","53","Washington","057","Skagit","48.4102","-122.3376"
"03/11/2020","AirNow","530570015","4","0.9","ug/m3 LC","4","MT VERNON - 2ND AVE","1","100.0000","88502","Acceptable PM2.5 AQI & Speciation Mass","34580","Mount Vernon-Anacortes, WA","53","Washington","057","Skagit","48.4102","-122.3376"
"03/12/2020","AirNow","530570015","4","1.2","ug/m3 LC","5","MT VERNON - 2ND AVE","1","100.0000","88502","Acceptable PM2.5 AQI & Speciation Mass","34580","Mount Vernon-Anacortes, WA","53","Washington","057","Skagit","48.4102","-122.3376"
"03/13/2020","AirNow","530570015","4","1","ug/m3 LC","4","MT VERNON - 2ND AVE","1","100.0000","88502","Acceptable PM2.5 AQI & Speciation Mass","34580","Mount Vernon-Anacortes, WA","53","Washington","057","Skagit","48.4102","-122.3376"
"03/14/2020","AirNow","530570015","4","1.1","ug/m3 LC","5","MT VERNON - 2ND AVE","1","100.0000","88502","Acceptable PM2.5 AQI & Speciation Mass","34580","Mount Vernon-Anacortes, WA","53","Washington","057","Skagit","48.4102","-122.3376"
"03/15/2020","AirNow","530570015","4","1.2","ug/m3 LC","5","MT VERNON - 2ND AVE","1","100.0000","88502","Acceptable PM2.5 AQI & Speciation Mass","34580","Mount Vernon-Anacortes, WA","53","Washington","057","Skagit","48.4102","-122.3376"
"03/16/2020","AirNow","530570015","4","1.3","ug/m3 LC","5","MT VERNON - 2ND AVE","1","100.0000","88502","Acceptable PM2.5 AQI & Speciation Mass","34580","Mount Vernon-Anacortes, WA","53","Washington","057","Skagit","48.4102","-122.3376"
"03/17/2020","AirNow","530570015","4","1.4","ug/m3 LC","6","MT VERNON - 2ND AVE","1","100.0000","88502","Acceptable PM2.5 AQI & Speciation Mass","34580","Mount Vernon-Anacortes, WA","53","Washington","057","Skagit","48.4102","-122.3376"
"03/18/2020","AirNow","530570015","4","1.7","ug/m3 LC","7","MT VERNON - 2ND AVE","1","100.0000","88502","Acceptable PM2.5 AQI & Speciation Mass","34580","Mount Vernon-Anacortes, WA","53","Washington","057","Skagit","48.4102","-122.3376"
"03/19/2020","AirNow","530570015","4","2.7","ug/m3 LC","11","MT VERNON - 2ND AVE","1","100.0000","88502","Acceptable PM2.5 AQI & Speciation Mass","34580","Mount Vernon-Anacortes, WA","53","Washington","057","Skagit","48.4102","-122.3376"
"03/20/2020","AirNow","530570015","4","2.1","ug/m3 LC","9","MT VERNON - 2ND AVE","1","100.0000","88502","Acceptable PM2.5 AQI & Speciation Mass","34580","Mount Vernon-Anacortes, WA","53","Washington","057","Skagit","48.4102","-122.3376"
"03/21/2020","AirNow","530570015","4","1.8","ug/m3 LC","8","MT VERNON - 2ND AVE","1","100.0000","88502","Acceptable PM2.5 AQI & Speciation Mass","34580","Mount Vernon-Anacortes, WA","53","Washington","057","Skagit","48.4102","-122.3376"
"03/22/2020","AirNow","530570015","4","2.5","ug/m3 LC","10","MT VERNON - 2ND AVE","1","100.0000","88502","Acceptable PM2.5 AQI & Speciation Mass","34580","Mount Vernon-Anacortes, WA","53","Washington","057","Skagit","48.4102","-122.3376"
"03/23/2020","AirNow","530570015","4","1","ug/m3 LC","4","MT VERNON - 2ND AVE","1","100.0000","88502","Acceptable PM2.5 AQI & Speciation Mass","34580","Mount Vernon-Anacortes, WA","53","Washington","057","Skagit","48.4102","-122.3376"
"03/24/2020","AirNow","530570015","4","0.9","ug/m3 LC","4","MT VERNON - 2ND AVE","1","100.0000","88502","Acceptable PM2.5 AQI & Speciation Mass","34580","Mount Vernon-Anacortes, WA","53","Washington","057","Skagit","48.4102","-122.3376"
"03/25/2020","AirNow","530570015","4","1.2","ug/m3 LC","5","MT VERNON - 2ND AVE","1","100.0000","88502","Acceptable PM2.5 AQI & Speciation Mass","34580","Mount Vernon-Anacortes, WA","53","Washington","057","Skagit","48.4102","-122.3376"
"03/26/2020","AirNow","530570015","4","1","ug/m3 LC","4","MT VERNON - 2ND AVE","1","100.0000","88502","Acceptable PM2.5 AQI & Speciation Mass","34580","Mount Vernon-Anacortes, WA","53","Washington","057","Skagit","48.4102","-122.3376"
"03/27/2020","AirNow","530570015","4","1","ug/m3 LC","4","MT VERNON - 2ND AVE","1","100.0000","88502","Acceptable PM2.5 AQI & Speciation Mass","34580","Mount Vernon-Anacortes, WA","53","Washington","057","Skagit","48.4102","-122.3376"
"03/28/2020","AirNow","530570015","4","0.7","ug/m3 LC","3","MT VERNON - 2ND AVE","1","100.0000","88502","Acceptable PM2.5 AQI & Speciation Mass","34580","Mount Vernon-Anacortes, WA","53","Washington","057","Skagit","48.4102","-122.3376"
"03/29/2020","AirNow","530570015","4","0.7","ug/m3 LC","3","MT VERNON - 2ND AVE","1","100.0000","88502","Acceptable PM2.5 AQI & Speciation Mass","34580","Mount Vernon-Anacortes, WA","53","Washington","057","Skagit","48.4102","-122.3376"
"03/30/2020","AirNow","530570015","4","0.6","ug/m3 LC","3","MT VERNON - 2ND AVE","1","100.0000","88502","Acceptable PM2.5 AQI & Speciation Mass","34580","Mount Vernon-Anacortes, WA","53","Washington","057","Skagit","48.4102","-122.3376"
"03/31/2020","AirNow","530570015","4","0.7","ug/m3 LC","3","MT VERNON - 2ND AVE","1","100.0000","88502","Acceptable PM2.5 AQI & Speciation Mass","34580","Mount Vernon-Anacortes, WA","53","Washington","057","Skagit","48.4102","-122.3376"
"04/01/2020","AirNow","530570015","4","1","ug/m3 LC","4","MT VERNON - 2ND AVE","1","100.0000","88502","Acceptable PM2.5 AQI & Speciation Mass","34580","Mount Vernon-Anacortes, WA","53","Washington","057","Skagit","48.4102","-122.3376"
"04/02/2020","AirNow","530570015","4","1.1","ug/m3 LC","5","MT VERNON - 2ND AVE","1","100.0000","88502","Acceptable PM2.5 AQI & Speciation Mass","34580","Mount Vernon-Anacortes, WA","53","Washington","057","Skagit","48.4102","-122.3376"
"04/03/2020","AirNow","530570015","4","0.9","ug/m3 LC","4","MT VERNON - 2ND AVE","1","100.0000","88502","Acceptable PM2.5 AQI & Speciation Mass","34580","Mount Vernon-Anacortes, WA","53","Washington","057","Skagit","48.4102","-122.3376"
"04/04/2020","AirNow","530570015","4","1","ug/m3 LC","4","MT VERNON - 2ND AVE","1","100.0000","88502","Acceptable PM2.5 AQI & Speciation Mass","34580","Mount Vernon-Anacortes, WA","53","Washington","057","Skagit","48.4102","-122.3376"
"04/05/2020","AirNow","530570015","4","1.1","ug/m3 LC","5","MT VERNON - 2ND AVE","1","100.0000","88502","Acceptable PM2.5 AQI & Speciation Mass","34580","Mount Vernon-Anacortes, WA","53","Washington","057","Skagit","48.4102","-122.3376"
"04/06/2020","AirNow","530570015","4","1.4","ug/m3 LC","6","MT VERNON - 2ND AVE","1","100.0000","88502","Acceptable PM2.5 AQI & Speciation Mass","34580","Mount Vernon-Anacortes, WA","53","Washington","057","Skagit","48.4102","-122.3376"
"04/07/2020","AirNow","530570015","4","1.6","ug/m3 LC","7","MT VERNON - 2ND AVE","1","100.0000","88502","Acceptable PM2.5 AQI & Speciation Mass","34580","Mount Vernon-Anacortes, WA","53","Washington","057","Skagit","48.4102","-122.3376"
"04/08/2020","AirNow","530570015","4","1.9","ug/m3 LC","8","MT VERNON - 2ND AVE","1","100.0000","88502","Acceptable PM2.5 AQI & Speciation Mass","34580","Mount Vernon-Anacortes, WA","53","Washington","057","Skagit","48.4102","-122.3376"
"04/09/2020","AirNow","530570015","4","1.9","ug/m3 LC","8","MT VERNON - 2ND AVE","1","100.0000","88502","Acceptable PM2.5 AQI & Speciation Mass","34580","Mount Vernon-Anacortes, WA","53","Washington","057","Skagit","48.4102","-122.3376"
"04/10/2020","AirNow","530570015","4","1.3","ug/m3 LC","5","MT VERNON - 2ND AVE","1","100.0000","88502","Acceptable PM2.5 AQI & Speciation Mass","34580","Mount Vernon-Anacortes, WA","53","Washington","057","Skagit","48.4102","-122.3376"
"04/11/2020","AirNow","530570015","4","1.2","ug/m3 LC","5","MT VERNON - 2ND AVE","1","100.0000","88502","Acceptable PM2.5 AQI & Speciation Mass","34580","Mount Vernon-Anacortes, WA","53","Washington","057","Skagit","48.4102","-122.3376"
"04/12/2020","AirNow","530570015","4","1.4","ug/m3 LC","6","MT VERNON - 2ND AVE","1","100.0000","88502","Acceptable PM2.5 AQI & Speciation Mass","34580","Mount Vernon-Anacortes, WA","53","Washington","057","Skagit","48.4102","-122.3376"
"04/13/2020","AirNow","530570015","4","1.4","ug/m3 LC","6","MT VERNON - 2ND AVE","1","100.0000","88502","Acceptable PM2.5 AQI & Speciation Mass","34580","Mount Vernon-Anacortes, WA","53","Washington","057","Skagit","48.4102","-122.3376"
"04/14/2020","AirNow","530570015","4","1.4","ug/m3 LC","6","MT VERNON - 2ND AVE","1","100.0000","88502","Acceptable PM2.5 AQI & Speciation Mass","34580","Mount Vernon-Anacortes, WA","53","Washington","057","Skagit","48.4102","-122.3376"
"04/15/2020","AirNow","530570015","4","1.3","ug/m3 LC","5","MT VERNON - 2ND AVE","1","100.0000","88502","Acceptable PM2.5 AQI & Speciation Mass","34580","Mount Vernon-Anacortes, WA","53","Washington","057","Skagit","48.4102","-122.3376"
"04/16/2020","AirNow","530570015","4","1.3","ug/m3 LC","5","MT VERNON - 2ND AVE","1","100.0000","88502","Acceptable PM2.5 AQI & Speciation Mass","34580","Mount Vernon-Anacortes, WA","53","Washington","057","Skagit","48.4102","-122.3376"
"04/17/2020","AirNow","530570015","4","1.6","ug/m3 LC","7","MT VERNON - 2ND AVE","1","100.0000","88502","Acceptable PM2.5 AQI & Speciation Mass","34580","Mount Vernon-Anacortes, WA","53","Washington","057","Skagit","48.4102","-122.3376"
"04/18/2020","AirNow","530570015","4","1.7","ug/m3 LC","7","MT VERNON - 2ND AVE","1","100.0000","88502","Acceptable PM2.5 AQI & Speciation Mass","34580","Mount Vernon-Anacortes, WA","53","Washington","057","Skagit","48.4102","-122.3376"
"04/19/2020","AirNow","530570015","4","1.2","ug/m3 LC","5","MT VERNON - 2ND AVE","1","100.0000","88502","Acceptable PM2.5 AQI & Speciation Mass","34580","Mount Vernon-Anacortes, WA","53","Washington","057","Skagit","48.4102","-122.3376"
"04/20/2020","AirNow","530570015","4","1.1","ug/m3 LC","5","MT VERNON - 2ND AVE","1","100.0000","88502","Acceptable PM2.5 AQI & Speciation Mass","34580","Mount Vernon-Anacortes, WA","53","Washington","057","Skagit","48.4102","-122.3376"
"04/21/2020","AirNow","530570015","4","1.3","ug/m3 LC","5","MT VERNON - 2ND AVE","1","100.0000","88502","Acceptable PM2.5 AQI & Speciation Mass","34580","Mount Vernon-Anacortes, WA","53","Washington","057","Skagit","48.4102","-122.3376"
"04/22/2020","AirNow","530570015","4","1","ug/m3 LC","4","MT VERNON - 2ND AVE","1","100.0000","88502","Acceptable PM2.5 AQI & Speciation Mass","34580","Mount Vernon-Anacortes, WA","53","Washington","057","Skagit","48.4102","-122.3376"
"04/23/2020","AirNow","530570015","4","1","ug/m3 LC","4","MT VERNON - 2ND AVE","1","100.0000","88502","Acceptable PM2.5 AQI & Speciation Mass","34580","Mount Vernon-Anacortes, WA","53","Washington","057","Skagit","48.4102","-122.3376"
"04/24/2020","AirNow","530570015","4","1.2","ug/m3 LC","5","MT VERNON - 2ND AVE","1","100.0000","88502","Acceptable PM2.5 AQI & Speciation Mass","34580","Mount Vernon-Anacortes, WA","53","Washington","057","Skagit","48.4102","-122.3376"
"04/25/2020","AirNow","530570015","4","1.1","ug/m3 LC","5","MT VERNON - 2ND AVE","1","100.0000","88502","Acceptable PM2.5 AQI & Speciation Mass","34580","Mount Vernon-Anacortes, WA","53","Washington","057","Skagit","48.4102","-122.3376"
"04/26/2020","AirNow","530570015","4","1.1","ug/m3 LC","5","MT VERNON - 2ND AVE","1","100.0000","88502","Acceptable PM2.5 AQI & Speciation Mass","34580","Mount Vernon-Anacortes, WA","53","Washington","057","Skagit","48.4102","-122.3376"
"04/27/2020","AirNow","530570015","4","1","ug/m3 LC","4","MT VERNON - 2ND AVE","1","100.0000","88502","Acceptable PM2.5 AQI & Speciation Mass","34580","Mount Vernon-Anacortes, WA","53","Washington","057","Skagit","48.4102","-122.3376"
"04/28/2020","AirNow","530570015","4","1.4","ug/m3 LC","6","MT VERNON - 2ND AVE","1","100.0000","88502","Acceptable PM2.5 AQI & Speciation Mass","34580","Mount Vernon-Anacortes, WA","53","Washington","057","Skagit","48.4102","-122.3376"
"04/29/2020","AirNow","530570015","4","1.7","ug/m3 LC","7","MT VERNON - 2ND AVE","1","100.0000","88502","Acceptable PM2.5 AQI & Speciation Mass","34580","Mount Vernon-Anacortes, WA","53","Washington","057","Skagit","48.4102","-122.3376"
"04/30/2020","AirNow","530570015","4","1.4","ug/m3 LC","6","MT VERNON - 2ND AVE","1","100.0000","88502","Acceptable PM2.5 AQI & Speciation Mass","34580","Mount Vernon-Anacortes, WA","53","Washington","057","Skagit","48.4102","-122.3376"
"05/02/2020","AirNow","530570015","4","1.5","ug/m3 LC","6","MT VERNON - 2ND AVE","1","100.0000","88502","Acceptable PM2.5 AQI & Speciation Mass","34580","Mount Vernon-Anacortes, WA","53","Washington","057","Skagit","48.4102","-122.3376"
"01/01/2020","AirNow","530610005","4","2","ug/m3 LC","8","LYNNWOOD - 212TH","1","100.0000","88502","Acceptable PM2.5 AQI & Speciation Mass","42660","Seattle-Tacoma-Bellevue, WA","53","Washington","061","Snohomish","47.8064","-122.3167"
"01/02/2020","AirNow","530610005","4","1.9","ug/m3 LC","8","LYNNWOOD - 212TH","1","100.0000","88502","Acceptable PM2.5 AQI & Speciation Mass","42660","Seattle-Tacoma-Bellevue, WA","53","Washington","061","Snohomish","47.8064","-122.3167"
"01/03/2020","AirNow","530610005","4","1.6","ug/m3 LC","7","LYNNWOOD - 212TH","1","100.0000","88502","Acceptable PM2.5 AQI & Speciation Mass","42660","Seattle-Tacoma-Bellevue, WA","53","Washington","061","Snohomish","47.8064","-122.3167"
"01/04/2020","AirNow","530610005","4","1.5","ug/m3 LC","6","LYNNWOOD - 212TH","1","100.0000","88502","Acceptable PM2.5 AQI & Speciation Mass","42660","Seattle-Tacoma-Bellevue, WA","53","Washington","061","Snohomish","47.8064","-122.3167"
"01/05/2020","AirNow","530610005","4","1.6","ug/m3 LC","7","LYNNWOOD - 212TH","1","100.0000","88502","Acceptable PM2.5 AQI & Speciation Mass","42660","Seattle-Tacoma-Bellevue, WA","53","Washington","061","Snohomish","47.8064","-122.3167"
"01/06/2020","AirNow","530610005","4","0.8","ug/m3 LC","3","LYNNWOOD - 212TH","1","100.0000","88502","Acceptable PM2.5 AQI & Speciation Mass","42660","Seattle-Tacoma-Bellevue, WA","53","Washington","061","Snohomish","47.8064","-122.3167"
"01/07/2020","AirNow","530610005","4","0.8","ug/m3 LC","3","LYNNWOOD - 212TH","1","100.0000","88502","Acceptable PM2.5 AQI & Speciation Mass","42660","Seattle-Tacoma-Bellevue, WA","53","Washington","061","Snohomish","47.8064","-122.3167"
"01/08/2020","AirNow","530610005","4","2.3","ug/m3 LC","10","LYNNWOOD - 212TH","1","100.0000","88502","Acceptable PM2.5 AQI & Speciation Mass","42660","Seattle-Tacoma-Bellevue, WA","53","Washington","061","Snohomish","47.8064","-122.3167"
"01/09/2020","AirNow","530610005","4","6.9","ug/m3 LC","29","LYNNWOOD - 212TH","1","100.0000","88502","Acceptable PM2.5 AQI & Speciation Mass","42660","Seattle-Tacoma-Bellevue, WA","53","Washington","061","Snohomish","47.8064","-122.3167"
"01/10/2020","AirNow","530610005","4","1.9","ug/m3 LC","8","LYNNWOOD - 212TH","1","100.0000","88502","Acceptable PM2.5 AQI & Speciation Mass","42660","Seattle-Tacoma-Bellevue, WA","53","Washington","061","Snohomish","47.8064","-122.3167"
"01/11/2020","AirNow","530610005","4","2","ug/m3 LC","8","LYNNWOOD - 212TH","1","100.0000","88502","Acceptable PM2.5 AQI & Speciation Mass","42660","Seattle-Tacoma-Bellevue, WA","53","Washington","061","Snohomish","47.8064","-122.3167"
"01/12/2020","AirNow","530610005","4","1.9","ug/m3 LC","8","LYNNWOOD - 212TH","1","100.0000","88502","Acceptable PM2.5 AQI & Speciation Mass","42660","Seattle-Tacoma-Bellevue, WA","53","Washington","061","Snohomish","47.8064","-122.3167"
"01/13/2020","AirNow","530610005","4","3.6","ug/m3 LC","15","LYNNWOOD - 212TH","1","100.0000","88502","Acceptable PM2.5 AQI & Speciation Mass","42660","Seattle-Tacoma-Bellevue, WA","53","Washington","061","Snohomish","47.8064","-122.3167"
"01/14/2020","AirNow","530610005","4","3.5","ug/m3 LC","15","LYNNWOOD - 212TH","1","100.0000","88502","Acceptable PM2.5 AQI & Speciation Mass","42660","Seattle-Tacoma-Bellevue, WA","53","Washington","061","Snohomish","47.8064","-122.3167"
"01/15/2020","AirNow","530610005","4","1.6","ug/m3 LC","7","LYNNWOOD - 212TH","1","100.0000","88502","Acceptable PM2.5 AQI & Speciation Mass","42660","Seattle-Tacoma-Bellevue, WA","53","Washington","061","Snohomish","47.8064","-122.3167"
"01/16/2020","AirNow","530610005","4","3.9","ug/m3 LC","16","LYNNWOOD - 212TH","1","100.0000","88502","Acceptable PM2.5 AQI & Speciation Mass","42660","Seattle-Tacoma-Bellevue, WA","53","Washington","061","Snohomish","47.8064","-122.3167"
"01/17/2020","AirNow","530610005","4","3.7","ug/m3 LC","15","LYNNWOOD - 212TH","1","100.0000","88502","Acceptable PM2.5 AQI & Speciation Mass","42660","Seattle-Tacoma-Bellevue, WA","53","Washington","061","Snohomish","47.8064","-122.3167"
"01/18/2020","AirNow","530610005","4","2.1","ug/m3 LC","9","LYNNWOOD - 212TH","1","100.0000","88502","Acceptable PM2.5 AQI & Speciation Mass","42660","Seattle-Tacoma-Bellevue, WA","53","Washington","061","Snohomish","47.8064","-122.3167"
"01/19/2020","AirNow","530610005","4","2.7","ug/m3 LC","11","LYNNWOOD - 212TH","1","100.0000","88502","Acceptable PM2.5 AQI & Speciation Mass","42660","Seattle-Tacoma-Bellevue, WA","53","Washington","061","Snohomish","47.8064","-122.3167"
"01/20/2020","AirNow","530610005","4","4.4","ug/m3 LC","18","LYNNWOOD - 212TH","1","100.0000","88502","Acceptable PM2.5 AQI & Speciation Mass","42660","Seattle-Tacoma-Bellevue, WA","53","Washington","061","Snohomish","47.8064","-122.3167"
"01/21/2020","AirNow","530610005","4","2.1","ug/m3 LC","9","LYNNWOOD - 212TH","1","100.0000","88502","Acceptable PM2.5 AQI & Speciation Mass","42660","Seattle-Tacoma-Bellevue, WA","53","Washington","061","Snohomish","47.8064","-122.3167"
"01/22/2020","AirNow","530610005","4","1.9","ug/m3 LC","8","LYNNWOOD - 212TH","1","100.0000","88502","Acceptable PM2.5 AQI & Speciation Mass","42660","Seattle-Tacoma-Bellevue, WA","53","Washington","061","Snohomish","47.8064","-122.3167"
"01/23/2020","AirNow","530610005","4","1.8","ug/m3 LC","8","LYNNWOOD - 212TH","1","100.0000","88502","Acceptable PM2.5 AQI & Speciation Mass","42660","Seattle-Tacoma-Bellevue, WA","53","Washington","061","Snohomish","47.8064","-122.3167"
"01/24/2020","AirNow","530610005","4","2.1","ug/m3 LC","9","LYNNWOOD - 212TH","1","100.0000","88502","Acceptable PM2.5 AQI & Speciation Mass","42660","Seattle-Tacoma-Bellevue, WA","53","Washington","061","Snohomish","47.8064","-122.3167"
"01/25/2020","AirNow","530610005","4","3.8","ug/m3 LC","16","LYNNWOOD - 212TH","1","100.0000","88502","Acceptable PM2.5 AQI & Speciation Mass","42660","Seattle-Tacoma-Bellevue, WA","53","Washington","061","Snohomish","47.8064","-122.3167"
"01/26/2020","AirNow","530610005","4","2.1","ug/m3 LC","9","LYNNWOOD - 212TH","1","100.0000","88502","Acceptable PM2.5 AQI & Speciation Mass","42660","Seattle-Tacoma-Bellevue, WA","53","Washington","061","Snohomish","47.8064","-122.3167"
"01/27/2020","AirNow","530610005","4","1.7","ug/m3 LC","7","LYNNWOOD - 212TH","1","100.0000","88502","Acceptable PM2.5 AQI & Speciation Mass","42660","Seattle-Tacoma-Bellevue, WA","53","Washington","061","Snohomish","47.8064","-122.3167"
"01/28/2020","AirNow","530610005","4","2.4","ug/m3 LC","10","LYNNWOOD - 212TH","1","100.0000","88502","Acceptable PM2.5 AQI & Speciation Mass","42660","Seattle-Tacoma-Bellevue, WA","53","Washington","061","Snohomish","47.8064","-122.3167"
"01/29/2020","AirNow","530610005","4","5.1","ug/m3 LC","21","LYNNWOOD - 212TH","1","100.0000","88502","Acceptable PM2.5 AQI & Speciation Mass","42660","Seattle-Tacoma-Bellevue, WA","53","Washington","061","Snohomish","47.8064","-122.3167"
"01/30/2020","AirNow","530610005","4","5.1","ug/m3 LC","21","LYNNWOOD - 212TH","1","100.0000","88502","Acceptable PM2.5 AQI & Speciation Mass","42660","Seattle-Tacoma-Bellevue, WA","53","Washington","061","Snohomish","47.8064","-122.3167"
"01/31/2020","AirNow","530610005","4","1.3","ug/m3 LC","5","LYNNWOOD - 212TH","1","100.0000","88502","Acceptable PM2.5 AQI & Speciation Mass","42660","Seattle-Tacoma-Bellevue, WA","53","Washington","061","Snohomish","47.8064","-122.3167"
"02/01/2020","AirNow","530610005","4","2.3","ug/m3 LC","10","LYNNWOOD - 212TH","1","100.0000","88502","Acceptable PM2.5 AQI & Speciation Mass","42660","Seattle-Tacoma-Bellevue, WA","53","Washington","061","Snohomish","47.8064","-122.3167"
"02/02/2020","AirNow","530610005","4","5.4","ug/m3 LC","23","LYNNWOOD - 212TH","1","100.0000","88502","Acceptable PM2.5 AQI & Speciation Mass","42660","Seattle-Tacoma-Bellevue, WA","53","Washington","061","Snohomish","47.8064","-122.3167"
"02/03/2020","AirNow","530610005","4","5.4","ug/m3 LC","23","LYNNWOOD - 212TH","1","100.0000","88502","Acceptable PM2.5 AQI & Speciation Mass","42660","Seattle-Tacoma-Bellevue, WA","53","Washington","061","Snohomish","47.8064","-122.3167"
"02/04/2020","AirNow","530610005","4","5.7","ug/m3 LC","24","LYNNWOOD - 212TH","1","100.0000","88502","Acceptable PM2.5 AQI & Speciation Mass","42660","Seattle-Tacoma-Bellevue, WA","53","Washington","061","Snohomish","47.8064","-122.3167"
"02/05/2020","AirNow","530610005","4","2.7","ug/m3 LC","11","LYNNWOOD - 212TH","1","100.0000","88502","Acceptable PM2.5 AQI & Speciation Mass","42660","Seattle-Tacoma-Bellevue, WA","53","Washington","061","Snohomish","47.8064","-122.3167"
"02/06/2020","AirNow","530610005","4","4.9","ug/m3 LC","20","LYNNWOOD - 212TH","1","100.0000","88502","Acceptable PM2.5 AQI & Speciation Mass","42660","Seattle-Tacoma-Bellevue, WA","53","Washington","061","Snohomish","47.8064","-122.3167"
"02/07/2020","AirNow","530610005","4","2.7","ug/m3 LC","11","LYNNWOOD - 212TH","1","100.0000","88502","Acceptable PM2.5 AQI & Speciation Mass","42660","Seattle-Tacoma-Bellevue, WA","53","Washington","061","Snohomish","47.8064","-122.3167"
"02/08/2020","AirNow","530610005","4","2.2","ug/m3 LC","9","LYNNWOOD - 212TH","1","100.0000","88502","Acceptable PM2.5 AQI & Speciation Mass","42660","Seattle-Tacoma-Bellevue, WA","53","Washington","061","Snohomish","47.8064","-122.3167"
"02/09/2020","AirNow","530610005","4","8.4","ug/m3 LC","35","LYNNWOOD - 212TH","1","100.0000","88502","Acceptable PM2.5 AQI & Speciation Mass","42660","Seattle-Tacoma-Bellevue, WA","53","Washington","061","Snohomish","47.8064","-122.3167"
"02/10/2020","AirNow","530610005","4","8.8","ug/m3 LC","37","LYNNWOOD - 212TH","1","100.0000","88502","Acceptable PM2.5 AQI & Speciation Mass","42660","Seattle-Tacoma-Bellevue, WA","53","Washington","061","Snohomish","47.8064","-122.3167"
"02/11/2020","AirNow","530610005","4","8.2","ug/m3 LC","34","LYNNWOOD - 212TH","1","100.0000","88502","Acceptable PM2.5 AQI & Speciation Mass","42660","Seattle-Tacoma-Bellevue, WA","53","Washington","061","Snohomish","47.8064","-122.3167"
"02/12/2020","AirNow","530610005","4","7.1","ug/m3 LC","30","LYNNWOOD - 212TH","1","100.0000","88502","Acceptable PM2.5 AQI & Speciation Mass","42660","Seattle-Tacoma-Bellevue, WA","53","Washington","061","Snohomish","47.8064","-122.3167"
"02/13/2020","AirNow","530610005","4","5.2","ug/m3 LC","22","LYNNWOOD - 212TH","1","100.0000","88502","Acceptable PM2.5 AQI & Speciation Mass","42660","Seattle-Tacoma-Bellevue, WA","53","Washington","061","Snohomish","47.8064","-122.3167"
"02/14/2020","AirNow","530610005","4","2.1","ug/m3 LC","9","LYNNWOOD - 212TH","1","100.0000","88502","Acceptable PM2.5 AQI & Speciation Mass","42660","Seattle-Tacoma-Bellevue, WA","53","Washington","061","Snohomish","47.8064","-122.3167"
"02/15/2020","AirNow","530610005","4","2.1","ug/m3 LC","9","LYNNWOOD - 212TH","1","100.0000","88502","Acceptable PM2.5 AQI & Speciation Mass","42660","Seattle-Tacoma-Bellevue, WA","53","Washington","061","Snohomish","47.8064","-122.3167"
"02/16/2020","AirNow","530610005","4","4","ug/m3 LC","17","LYNNWOOD - 212TH","1","100.0000","88502","Acceptable PM2.5 AQI & Speciation Mass","42660","Seattle-Tacoma-Bellevue, WA","53","Washington","061","Snohomish","47.8064","-122.3167"
"02/17/2020","AirNow","530610005","4","5.6","ug/m3 LC","23","LYNNWOOD - 212TH","1","100.0000","88502","Acceptable PM2.5 AQI & Speciation Mass","42660","Seattle-Tacoma-Bellevue, WA","53","Washington","061","Snohomish","47.8064","-122.3167"
"02/18/2020","AirNow","530610005","4","4.7","ug/m3 LC","20","LYNNWOOD - 212TH","1","100.0000","88502","Acceptable PM2.5 AQI & Speciation Mass","42660","Seattle-Tacoma-Bellevue, WA","53","Washington","061","Snohomish","47.8064","-122.3167"
"02/19/2020","AirNow","530610005","4","6.7","ug/m3 LC","28","LYNNWOOD - 212TH","1","100.0000","88502","Acceptable PM2.5 AQI & Speciation Mass","42660","Seattle-Tacoma-Bellevue, WA","53","Washington","061","Snohomish","47.8064","-122.3167"
"02/20/2020","AirNow","530610005","4","8.3","ug/m3 LC","35","LYNNWOOD - 212TH","1","100.0000","88502","Acceptable PM2.5 AQI & Speciation Mass","42660","Seattle-Tacoma-Bellevue, WA","53","Washington","061","Snohomish","47.8064","-122.3167"
"02/21/2020","AirNow","530610005","4","9.2","ug/m3 LC","38","LYNNWOOD - 212TH","1","100.0000","88502","Acceptable PM2.5 AQI & Speciation Mass","42660","Seattle-Tacoma-Bellevue, WA","53","Washington","061","Snohomish","47.8064","-122.3167"
"02/22/2020","AirNow","530610005","4","4.2","ug/m3 LC","18","LYNNWOOD - 212TH","1","100.0000","88502","Acceptable PM2.5 AQI & Speciation Mass","42660","Seattle-Tacoma-Bellevue, WA","53","Washington","061","Snohomish","47.8064","-122.3167"
"02/23/2020","AirNow","530610005","4","2.5","ug/m3 LC","10","LYNNWOOD - 212TH","1","100.0000","88502","Acceptable PM2.5 AQI & Speciation Mass","42660","Seattle-Tacoma-Bellevue, WA","53","Washington","061","Snohomish","47.8064","-122.3167"
"02/24/2020","AirNow","530610005","4","4.5","ug/m3 LC","19","LYNNWOOD - 212TH","1","100.0000","88502","Acceptable PM2.5 AQI & Speciation Mass","42660","Seattle-Tacoma-Bellevue, WA","53","Washington","061","Snohomish","47.8064","-122.3167"
"02/25/2020","AirNow","530610005","4","7","ug/m3 LC","29","LYNNWOOD - 212TH","1","100.0000","88502","Acceptable PM2.5 AQI & Speciation Mass","42660","Seattle-Tacoma-Bellevue, WA","53","Washington","061","Snohomish","47.8064","-122.3167"
"02/26/2020","AirNow","530610005","4","5.6","ug/m3 LC","23","LYNNWOOD - 212TH","1","100.0000","88502","Acceptable PM2.5 AQI & Speciation Mass","42660","Seattle-Tacoma-Bellevue, WA","53","Washington","061","Snohomish","47.8064","-122.3167"
"02/27/2020","AirNow","530610005","4","3.8","ug/m3 LC","16","LYNNWOOD - 212TH","1","100.0000","88502","Acceptable PM2.5 AQI & Speciation Mass","42660","Seattle-Tacoma-Bellevue, WA","53","Washington","061","Snohomish","47.8064","-122.3167"
"02/28/2020","AirNow","530610005","4","7.8","ug/m3 LC","33","LYNNWOOD - 212TH","1","100.0000","88502","Acceptable PM2.5 AQI & Speciation Mass","42660","Seattle-Tacoma-Bellevue, WA","53","Washington","061","Snohomish","47.8064","-122.3167"
"02/29/2020","AirNow","530610005","4","2.8","ug/m3 LC","12","LYNNWOOD - 212TH","1","100.0000","88502","Acceptable PM2.5 AQI & Speciation Mass","42660","Seattle-Tacoma-Bellevue, WA","53","Washington","061","Snohomish","47.8064","-122.3167"
"03/01/2020","AirNow","530610005","4","5.6","ug/m3 LC","23","LYNNWOOD - 212TH","1","100.0000","88502","Acceptable PM2.5 AQI & Speciation Mass","42660","Seattle-Tacoma-Bellevue, WA","53","Washington","061","Snohomish","47.8064","-122.3167"
"03/02/2020","AirNow","530610005","4","2.9","ug/m3 LC","12","LYNNWOOD - 212TH","1","100.0000","88502","Acceptable PM2.5 AQI & Speciation Mass","42660","Seattle-Tacoma-Bellevue, WA","53","Washington","061","Snohomish","47.8064","-122.3167"
"03/03/2020","AirNow","530610005","4","1.2","ug/m3 LC","5","LYNNWOOD - 212TH","1","100.0000","88502","Acceptable PM2.5 AQI & Speciation Mass","42660","Seattle-Tacoma-Bellevue, WA","53","Washington","061","Snohomish","47.8064","-122.3167"
"03/04/2020","AirNow","530610005","4","4","ug/m3 LC","17","LYNNWOOD - 212TH","1","100.0000","88502","Acceptable PM2.5 AQI & Speciation Mass","42660","Seattle-Tacoma-Bellevue, WA","53","Washington","061","Snohomish","47.8064","-122.3167"
"03/05/2020","AirNow","530610005","4","2.8","ug/m3 LC","12","LYNNWOOD - 212TH","1","100.0000","88502","Acceptable PM2.5 AQI & Speciation Mass","42660","Seattle-Tacoma-Bellevue, WA","53","Washington","061","Snohomish","47.8064","-122.3167"
"03/06/2020","AirNow","530610005","4","4.1","ug/m3 LC","17","LYNNWOOD - 212TH","1","100.0000","88502","Acceptable PM2.5 AQI & Speciation Mass","42660","Seattle-Tacoma-Bellevue, WA","53","Washington","061","Snohomish","47.8064","-122.3167"
"03/07/2020","AirNow","530610005","4","5.1","ug/m3 LC","21","LYNNWOOD - 212TH","1","100.0000","88502","Acceptable PM2.5 AQI & Speciation Mass","42660","Seattle-Tacoma-Bellevue, WA","53","Washington","061","Snohomish","47.8064","-122.3167"
"03/08/2020","AirNow","530610005","4","2.8","ug/m3 LC","12","LYNNWOOD - 212TH","1","100.0000","88502","Acceptable PM2.5 AQI & Speciation Mass","42660","Seattle-Tacoma-Bellevue, WA","53","Washington","061","Snohomish","47.8064","-122.3167"
"03/09/2020","AirNow","530610005","4","6.2","ug/m3 LC","26","LYNNWOOD - 212TH","1","100.0000","88502","Acceptable PM2.5 AQI & Speciation Mass","42660","Seattle-Tacoma-Bellevue, WA","53","Washington","061","Snohomish","47.8064","-122.3167"
"03/10/2020","AirNow","530610005","4","2.9","ug/m3 LC","12","LYNNWOOD - 212TH","1","100.0000","88502","Acceptable PM2.5 AQI & Speciation Mass","42660","Seattle-Tacoma-Bellevue, WA","53","Washington","061","Snohomish","47.8064","-122.3167"
"03/11/2020","AirNow","530610005","4","2.1","ug/m3 LC","9","LYNNWOOD - 212TH","1","100.0000","88502","Acceptable PM2.5 AQI & Speciation Mass","42660","Seattle-Tacoma-Bellevue, WA","53","Washington","061","Snohomish","47.8064","-122.3167"
"03/12/2020","AirNow","530610005","4","4.8","ug/m3 LC","20","LYNNWOOD - 212TH","1","100.0000","88502","Acceptable PM2.5 AQI & Speciation Mass","42660","Seattle-Tacoma-Bellevue, WA","53","Washington","061","Snohomish","47.8064","-122.3167"
"03/13/2020","AirNow","530610005","4","2.5","ug/m3 LC","10","LYNNWOOD - 212TH","1","100.0000","88502","Acceptable PM2.5 AQI & Speciation Mass","42660","Seattle-Tacoma-Bellevue, WA","53","Washington","061","Snohomish","47.8064","-122.3167"
"03/14/2020","AirNow","530610005","4","3.4","ug/m3 LC","14","LYNNWOOD - 212TH","1","100.0000","88502","Acceptable PM2.5 AQI & Speciation Mass","42660","Seattle-Tacoma-Bellevue, WA","53","Washington","061","Snohomish","47.8064","-122.3167"
"03/15/2020","AirNow","530610005","4","2.7","ug/m3 LC","11","LYNNWOOD - 212TH","1","100.0000","88502","Acceptable PM2.5 AQI & Speciation Mass","42660","Seattle-Tacoma-Bellevue, WA","53","Washington","061","Snohomish","47.8064","-122.3167"
"03/16/2020","AirNow","530610005","4","4.4","ug/m3 LC","18","LYNNWOOD - 212TH","1","100.0000","88502","Acceptable PM2.5 AQI & Speciation Mass","42660","Seattle-Tacoma-Bellevue, WA","53","Washington","061","Snohomish","47.8064","-122.3167"
"03/17/2020","AirNow","530610005","4","10","ug/m3 LC","42","LYNNWOOD - 212TH","1","100.0000","88502","Acceptable PM2.5 AQI & Speciation Mass","42660","Seattle-Tacoma-Bellevue, WA","53","Washington","061","Snohomish","47.8064","-122.3167"
"03/18/2020","AirNow","530610005","4","12.8","ug/m3 LC","52","LYNNWOOD - 212TH","1","100.0000","88502","Acceptable PM2.5 AQI & Speciation Mass","42660","Seattle-Tacoma-Bellevue, WA","53","Washington","061","Snohomish","47.8064","-122.3167"
"03/19/2020","AirNow","530610005","4","12.4","ug/m3 LC","52","LYNNWOOD - 212TH","1","100.0000","88502","Acceptable PM2.5 AQI & Speciation Mass","42660","Seattle-Tacoma-Bellevue, WA","53","Washington","061","Snohomish","47.8064","-122.3167"
"03/20/2020","AirNow","530610005","4","10.5","ug/m3 LC","44","LYNNWOOD - 212TH","1","100.0000","88502","Acceptable PM2.5 AQI & Speciation Mass","42660","Seattle-Tacoma-Bellevue, WA","53","Washington","061","Snohomish","47.8064","-122.3167"
"03/21/2020","AirNow","530610005","4","8.4","ug/m3 LC","35","LYNNWOOD - 212TH","1","100.0000","88502","Acceptable PM2.5 AQI & Speciation Mass","42660","Seattle-Tacoma-Bellevue, WA","53","Washington","061","Snohomish","47.8064","-122.3167"
"03/22/2020","AirNow","530610005","4","11","ug/m3 LC","46","LYNNWOOD - 212TH","1","100.0000","88502","Acceptable PM2.5 AQI & Speciation Mass","42660","Seattle-Tacoma-Bellevue, WA","53","Washington","061","Snohomish","47.8064","-122.3167"
"03/23/2020","AirNow","530610005","4","2","ug/m3 LC","8","LYNNWOOD - 212TH","1","100.0000","88502","Acceptable PM2.5 AQI & Speciation Mass","42660","Seattle-Tacoma-Bellevue, WA","53","Washington","061","Snohomish","47.8064","-122.3167"
"03/24/2020","AirNow","530610005","4","1.6","ug/m3 LC","7","LYNNWOOD - 212TH","1","100.0000","88502","Acceptable PM2.5 AQI & Speciation Mass","42660","Seattle-Tacoma-Bellevue, WA","53","Washington","061","Snohomish","47.8064","-122.3167"
"03/25/2020","AirNow","530610005","4","3.7","ug/m3 LC","15","LYNNWOOD - 212TH","1","100.0000","88502","Acceptable PM2.5 AQI & Speciation Mass","42660","Seattle-Tacoma-Bellevue, WA","53","Washington","061","Snohomish","47.8064","-122.3167"
"03/26/2020","AirNow","530610005","4","4.4","ug/m3 LC","18","LYNNWOOD - 212TH","1","100.0000","88502","Acceptable PM2.5 AQI & Speciation Mass","42660","Seattle-Tacoma-Bellevue, WA","53","Washington","061","Snohomish","47.8064","-122.3167"
"03/27/2020","AirNow","530610005","4","3.8","ug/m3 LC","16","LYNNWOOD - 212TH","1","100.0000","88502","Acceptable PM2.5 AQI & Speciation Mass","42660","Seattle-Tacoma-Bellevue, WA","53","Washington","061","Snohomish","47.8064","-122.3167"
"03/28/2020","AirNow","530610005","4","1.7","ug/m3 LC","7","LYNNWOOD - 212TH","1","100.0000","88502","Acceptable PM2.5 AQI & Speciation Mass","42660","Seattle-Tacoma-Bellevue, WA","53","Washington","061","Snohomish","47.8064","-122.3167"
"03/29/2020","AirNow","530610005","4","1.2","ug/m3 LC","5","LYNNWOOD - 212TH","1","100.0000","88502","Acceptable PM2.5 AQI & Speciation Mass","42660","Seattle-Tacoma-Bellevue, WA","53","Washington","061","Snohomish","47.8064","-122.3167"
"03/30/2020","AirNow","530610005","4","1.4","ug/m3 LC","6","LYNNWOOD - 212TH","1","100.0000","88502","Acceptable PM2.5 AQI & Speciation Mass","42660","Seattle-Tacoma-Bellevue, WA","53","Washington","061","Snohomish","47.8064","-122.3167"
"03/31/2020","AirNow","530610005","4","1.7","ug/m3 LC","7","LYNNWOOD - 212TH","1","100.0000","88502","Acceptable PM2.5 AQI & Speciation Mass","42660","Seattle-Tacoma-Bellevue, WA","53","Washington","061","Snohomish","47.8064","-122.3167"
"04/01/2020","AirNow","530610005","4","2.3","ug/m3 LC","10","LYNNWOOD - 212TH","1","100.0000","88502","Acceptable PM2.5 AQI & Speciation Mass","42660","Seattle-Tacoma-Bellevue, WA","53","Washington","061","Snohomish","47.8064","-122.3167"
"04/02/2020","AirNow","530610005","4","3.5","ug/m3 LC","15","LYNNWOOD - 212TH","1","100.0000","88502","Acceptable PM2.5 AQI & Speciation Mass","42660","Seattle-Tacoma-Bellevue, WA","53","Washington","061","Snohomish","47.8064","-122.3167"
"04/03/2020","AirNow","530610005","4","2.1","ug/m3 LC","9","LYNNWOOD - 212TH","1","100.0000","88502","Acceptable PM2.5 AQI & Speciation Mass","42660","Seattle-Tacoma-Bellevue, WA","53","Washington","061","Snohomish","47.8064","-122.3167"
"04/04/2020","AirNow","530610005","4","2.8","ug/m3 LC","12","LYNNWOOD - 212TH","1","100.0000","88502","Acceptable PM2.5 AQI & Speciation Mass","42660","Seattle-Tacoma-Bellevue, WA","53","Washington","061","Snohomish","47.8064","-122.3167"
"04/05/2020","AirNow","530610005","4","2.5","ug/m3 LC","10","LYNNWOOD - 212TH","1","100.0000","88502","Acceptable PM2.5 AQI & Speciation Mass","42660","Seattle-Tacoma-Bellevue, WA","53","Washington","061","Snohomish","47.8064","-122.3167"
"04/06/2020","AirNow","530610005","4","4.1","ug/m3 LC","17","LYNNWOOD - 212TH","1","100.0000","88502","Acceptable PM2.5 AQI & Speciation Mass","42660","Seattle-Tacoma-Bellevue, WA","53","Washington","061","Snohomish","47.8064","-122.3167"
"04/07/2020","AirNow","530610005","4","6.9","ug/m3 LC","29","LYNNWOOD - 212TH","1","100.0000","88502","Acceptable PM2.5 AQI & Speciation Mass","42660","Seattle-Tacoma-Bellevue, WA","53","Washington","061","Snohomish","47.8064","-122.3167"
"04/08/2020","AirNow","530610005","4","8.4","ug/m3 LC","35","LYNNWOOD - 212TH","1","100.0000","88502","Acceptable PM2.5 AQI & Speciation Mass","42660","Seattle-Tacoma-Bellevue, WA","53","Washington","061","Snohomish","47.8064","-122.3167"
"01/01/2020","AirNow","530610020","4","2.3","ug/m3 LC","10","DARRINGTON - FIR ST (Darrington High School)","1","100.0000","88502","Acceptable PM2.5 AQI & Speciation Mass","42660","Seattle-Tacoma-Bellevue, WA","53","Washington","061","Snohomish","48.2469","-121.6031"
"01/02/2020","AirNow","530610020","4","3.4","ug/m3 LC","14","DARRINGTON - FIR ST (Darrington High School)","1","100.0000","88502","Acceptable PM2.5 AQI & Speciation Mass","42660","Seattle-Tacoma-Bellevue, WA","53","Washington","061","Snohomish","48.2469","-121.6031"
"01/03/2020","AirNow","530610020","4","4.3","ug/m3 LC","18","DARRINGTON - FIR ST (Darrington High School)","1","100.0000","88502","Acceptable PM2.5 AQI & Speciation Mass","42660","Seattle-Tacoma-Bellevue, WA","53","Washington","061","Snohomish","48.2469","-121.6031"
"01/04/2020","AirNow","530610020","4","2.1","ug/m3 LC","9","DARRINGTON - FIR ST (Darrington High School)","1","100.0000","88502","Acceptable PM2.5 AQI & Speciation Mass","42660","Seattle-Tacoma-Bellevue, WA","53","Washington","061","Snohomish","48.2469","-121.6031"
"01/05/2020","AirNow","530610020","4","3.8","ug/m3 LC","16","DARRINGTON - FIR ST (Darrington High School)","1","100.0000","88502","Acceptable PM2.5 AQI & Speciation Mass","42660","Seattle-Tacoma-Bellevue, WA","53","Washington","061","Snohomish","48.2469","-121.6031"
"01/06/2020","AirNow","530610020","4","8.8","ug/m3 LC","37","DARRINGTON - FIR ST (Darrington High School)","1","100.0000","88502","Acceptable PM2.5 AQI & Speciation Mass","42660","Seattle-Tacoma-Bellevue, WA","53","Washington","061","Snohomish","48.2469","-121.6031"
"01/07/2020","AirNow","530610020","4","3.7","ug/m3 LC","15","DARRINGTON - FIR ST (Darrington High School)","1","100.0000","88502","Acceptable PM2.5 AQI & Speciation Mass","42660","Seattle-Tacoma-Bellevue, WA","53","Washington","061","Snohomish","48.2469","-121.6031"
"01/08/2020","AirNow","530610020","4","5.4","ug/m3 LC","23","DARRINGTON - FIR ST (Darrington High School)","1","100.0000","88502","Acceptable PM2.5 AQI & Speciation Mass","42660","Seattle-Tacoma-Bellevue, WA","53","Washington","061","Snohomish","48.2469","-121.6031"
"01/09/2020","AirNow","530610020","4","6.7","ug/m3 LC","28","DARRINGTON - FIR ST (Darrington High School)","1","100.0000","88502","Acceptable PM2.5 AQI & Speciation Mass","42660","Seattle-Tacoma-Bellevue, WA","53","Washington","061","Snohomish","48.2469","-121.6031"
"01/10/2020","AirNow","530610020","4","9.9","ug/m3 LC","41","DARRINGTON - FIR ST (Darrington High School)","1","100.0000","88502","Acceptable PM2.5 AQI & Speciation Mass","42660","Seattle-Tacoma-Bellevue, WA","53","Washington","061","Snohomish","48.2469","-121.6031"
"01/11/2020","AirNow","530610020","4","7.7","ug/m3 LC","32","DARRINGTON - FIR ST (Darrington High School)","1","100.0000","88502","Acceptable PM2.5 AQI & Speciation Mass","42660","Seattle-Tacoma-Bellevue, WA","53","Washington","061","Snohomish","48.2469","-121.6031"
"01/12/2020","AirNow","530610020","4","6.9","ug/m3 LC","29","DARRINGTON - FIR ST (Darrington High School)","1","100.0000","88502","Acceptable PM2.5 AQI & Speciation Mass","42660","Seattle-Tacoma-Bellevue, WA","53","Washington","061","Snohomish","48.2469","-121.6031"
"01/13/2020","AirNow","530610020","4","5.6","ug/m3 LC","23","DARRINGTON - FIR ST (Darrington High School)","1","100.0000","88502","Acceptable PM2.5 AQI & Speciation Mass","42660","Seattle-Tacoma-Bellevue, WA","53","Washington","061","Snohomish","48.2469","-121.6031"
"01/14/2020","AirNow","530610020","4","5.7","ug/m3 LC","24","DARRINGTON - FIR ST (Darrington High School)","1","100.0000","88502","Acceptable PM2.5 AQI & Speciation Mass","42660","Seattle-Tacoma-Bellevue, WA","53","Washington","061","Snohomish","48.2469","-121.6031"
"01/15/2020","AirNow","530610020","4","3.7","ug/m3 LC","15","DARRINGTON - FIR ST (Darrington High School)","1","100.0000","88502","Acceptable PM2.5 AQI & Speciation Mass","42660","Seattle-Tacoma-Bellevue, WA","53","Washington","061","Snohomish","48.2469","-121.6031"
"01/16/2020","AirNow","530610020","4","7.4","ug/m3 LC","31","DARRINGTON - FIR ST (Darrington High School)","1","100.0000","88502","Acceptable PM2.5 AQI & Speciation Mass","42660","Seattle-Tacoma-Bellevue, WA","53","Washington","061","Snohomish","48.2469","-121.6031"
"01/17/2020","AirNow","530610020","4","16","ug/m3 LC","59","DARRINGTON - FIR ST (Darrington High School)","1","100.0000","88502","Acceptable PM2.5 AQI & Speciation Mass","42660","Seattle-Tacoma-Bellevue, WA","53","Washington","061","Snohomish","48.2469","-121.6031"
"01/18/2020","AirNow","530610020","4","10.4","ug/m3 LC","43","DARRINGTON - FIR ST (Darrington High School)","1","100.0000","88502","Acceptable PM2.5 AQI & Speciation Mass","42660","Seattle-Tacoma-Bellevue, WA","53","Washington","061","Snohomish","48.2469","-121.6031"
"01/19/2020","AirNow","530610020","4","19.7","ug/m3 LC","67","DARRINGTON - FIR ST (Darrington High School)","1","100.0000","88502","Acceptable PM2.5 AQI & Speciation Mass","42660","Seattle-Tacoma-Bellevue, WA","53","Washington","061","Snohomish","48.2469","-121.6031"
"01/20/2020","AirNow","530610020","4","13.5","ug/m3 LC","54","DARRINGTON - FIR ST (Darrington High School)","1","100.0000","88502","Acceptable PM2.5 AQI & Speciation Mass","42660","Seattle-Tacoma-Bellevue, WA","53","Washington","061","Snohomish","48.2469","-121.6031"
"01/21/2020","AirNow","530610020","4","4.6","ug/m3 LC","19","DARRINGTON - FIR ST (Darrington High School)","1","100.0000","88502","Acceptable PM2.5 AQI & Speciation Mass","42660","Seattle-Tacoma-Bellevue, WA","53","Washington","061","Snohomish","48.2469","-121.6031"
"01/22/2020","AirNow","530610020","4","7.7","ug/m3 LC","32","DARRINGTON - FIR ST (Darrington High School)","1","100.0000","88502","Acceptable PM2.5 AQI & Speciation Mass","42660","Seattle-Tacoma-Bellevue, WA","53","Washington","061","Snohomish","48.2469","-121.6031"
"01/23/2020","AirNow","530610020","4","7.8","ug/m3 LC","33","DARRINGTON - FIR ST (Darrington High School)","1","100.0000","88502","Acceptable PM2.5 AQI & Speciation Mass","42660","Seattle-Tacoma-Bellevue, WA","53","Washington","061","Snohomish","48.2469","-121.6031"
"01/24/2020","AirNow","530610020","4","3.5","ug/m3 LC","15","DARRINGTON - FIR ST (Darrington High School)","1","100.0000","88502","Acceptable PM2.5 AQI & Speciation Mass","42660","Seattle-Tacoma-Bellevue, WA","53","Washington","061","Snohomish","48.2469","-121.6031"
"01/25/2020","AirNow","530610020","4","9.1","ug/m3 LC","38","DARRINGTON - FIR ST (Darrington High School)","1","100.0000","88502","Acceptable PM2.5 AQI & Speciation Mass","42660","Seattle-Tacoma-Bellevue, WA","53","Washington","061","Snohomish","48.2469","-121.6031"
"01/26/2020","AirNow","530610020","4","1.8","ug/m3 LC","8","DARRINGTON - FIR ST (Darrington High School)","1","100.0000","88502","Acceptable PM2.5 AQI & Speciation Mass","42660","Seattle-Tacoma-Bellevue, WA","53","Washington","061","Snohomish","48.2469","-121.6031"
"01/27/2020","AirNow","530610020","4","1.9","ug/m3 LC","8","DARRINGTON - FIR ST (Darrington High School)","1","100.0000","88502","Acceptable PM2.5 AQI & Speciation Mass","42660","Seattle-Tacoma-Bellevue, WA","53","Washington","061","Snohomish","48.2469","-121.6031"
"01/28/2020","AirNow","530610020","4","9.4","ug/m3 LC","39","DARRINGTON - FIR ST (Darrington High School)","1","100.0000","88502","Acceptable PM2.5 AQI & Speciation Mass","42660","Seattle-Tacoma-Bellevue, WA","53","Washington","061","Snohomish","48.2469","-121.6031"
"01/29/2020","AirNow","530610020","4","9.6","ug/m3 LC","40","DARRINGTON - FIR ST (Darrington High School)","1","100.0000","88502","Acceptable PM2.5 AQI & Speciation Mass","42660","Seattle-Tacoma-Bellevue, WA","53","Washington","061","Snohomish","48.2469","-121.6031"
"01/30/2020","AirNow","530610020","4","4.6","ug/m3 LC","19","DARRINGTON - FIR ST (Darrington High School)","1","100.0000","88502","Acceptable PM2.5 AQI & Speciation Mass","42660","Seattle-Tacoma-Bellevue, WA","53","Washington","061","Snohomish","48.2469","-121.6031"
"01/31/2020","AirNow","530610020","4","5.7","ug/m3 LC","24","DARRINGTON - FIR ST (Darrington High School)","1","100.0000","88502","Acceptable PM2.5 AQI & Speciation Mass","42660","Seattle-Tacoma-Bellevue, WA","53","Washington","061","Snohomish","48.2469","-121.6031"
"02/01/2020","AirNow","530610020","4","1.7","ug/m3 LC","7","DARRINGTON - FIR ST (Darrington High School)","1","100.0000","88502","Acceptable PM2.5 AQI & Speciation Mass","42660","Seattle-Tacoma-Bellevue, WA","53","Washington","061","Snohomish","48.2469","-121.6031"
"02/02/2020","AirNow","530610020","4","5.8","ug/m3 LC","24","DARRINGTON - FIR ST (Darrington High School)","1","100.0000","88502","Acceptable PM2.5 AQI & Speciation Mass","42660","Seattle-Tacoma-Bellevue, WA","53","Washington","061","Snohomish","48.2469","-121.6031"
"02/03/2020","AirNow","530610020","4","8.6","ug/m3 LC","36","DARRINGTON - FIR ST (Darrington High School)","1","100.0000","88502","Acceptable PM2.5 AQI & Speciation Mass","42660","Seattle-Tacoma-Bellevue, WA","53","Washington","061","Snohomish","48.2469","-121.6031"
"02/04/2020","AirNow","530610020","4","13.9","ug/m3 LC","55","DARRINGTON - FIR ST (Darrington High School)","1","100.0000","88502","Acceptable PM2.5 AQI & Speciation Mass","42660","Seattle-Tacoma-Bellevue, WA","53","Washington","061","Snohomish","48.2469","-121.6031"
"02/05/2020","AirNow","530610020","4","25.2","ug/m3 LC","79","DARRINGTON - FIR ST (Darrington High School)","1","100.0000","88502","Acceptable PM2.5 AQI & Speciation Mass","42660","Seattle-Tacoma-Bellevue, WA","53","Washington","061","Snohomish","48.2469","-121.6031"
"02/06/2020","AirNow","530610020","4","11.1","ug/m3 LC","46","DARRINGTON - FIR ST (Darrington High School)","1","100.0000","88502","Acceptable PM2.5 AQI & Speciation Mass","42660","Seattle-Tacoma-Bellevue, WA","53","Washington","061","Snohomish","48.2469","-121.6031"
"02/07/2020","AirNow","530610020","4","8.2","ug/m3 LC","34","DARRINGTON - FIR ST (Darrington High School)","1","100.0000","88502","Acceptable PM2.5 AQI & Speciation Mass","42660","Seattle-Tacoma-Bellevue, WA","53","Washington","061","Snohomish","48.2469","-121.6031"
"02/08/2020","AirNow","530610020","4","4.2","ug/m3 LC","18","DARRINGTON - FIR ST (Darrington High School)","1","100.0000","88502","Acceptable PM2.5 AQI & Speciation Mass","42660","Seattle-Tacoma-Bellevue, WA","53","Washington","061","Snohomish","48.2469","-121.6031"
"02/09/2020","AirNow","530610020","4","6.6","ug/m3 LC","28","DARRINGTON - FIR ST (Darrington High School)","1","100.0000","88502","Acceptable PM2.5 AQI & Speciation Mass","42660","Seattle-Tacoma-Bellevue, WA","53","Washington","061","Snohomish","48.2469","-121.6031"
"02/10/2020","AirNow","530610020","4","7.8","ug/m3 LC","33","DARRINGTON - FIR ST (Darrington High School)","1","100.0000","88502","Acceptable PM2.5 AQI & Speciation Mass","42660","Seattle-Tacoma-Bellevue, WA","53","Washington","061","Snohomish","48.2469","-121.6031"
"02/11/2020","AirNow","530610020","4","10.5","ug/m3 LC","44","DARRINGTON - FIR ST (Darrington High School)","1","100.0000","88502","Acceptable PM2.5 AQI & Speciation Mass","42660","Seattle-Tacoma-Bellevue, WA","53","Washington","061","Snohomish","48.2469","-121.6031"
"02/12/2020","AirNow","530610020","4","5.8","ug/m3 LC","24","DARRINGTON - FIR ST (Darrington High School)","1","100.0000","88502","Acceptable PM2.5 AQI & Speciation Mass","42660","Seattle-Tacoma-Bellevue, WA","53","Washington","061","Snohomish","48.2469","-121.6031"
"02/13/2020","AirNow","530610020","4","2.6","ug/m3 LC","11","DARRINGTON - FIR ST (Darrington High School)","1","100.0000","88502","Acceptable PM2.5 AQI & Speciation Mass","42660","Seattle-Tacoma-Bellevue, WA","53","Washington","061","Snohomish","48.2469","-121.6031"
"02/14/2020","AirNow","530610020","4","1.7","ug/m3 LC","7","DARRINGTON - FIR ST (Darrington High School)","1","100.0000","88502","Acceptable PM2.5 AQI & Speciation Mass","42660","Seattle-Tacoma-Bellevue, WA","53","Washington","061","Snohomish","48.2469","-121.6031"
"02/15/2020","AirNow","530610020","4","3","ug/m3 LC","13","DARRINGTON - FIR ST (Darrington High School)","1","100.0000","88502","Acceptable PM2.5 AQI & Speciation Mass","42660","Seattle-Tacoma-Bellevue, WA","53","Washington","061","Snohomish","48.2469","-121.6031"
"02/16/2020","AirNow","530610020","4","3.3","ug/m3 LC","14","DARRINGTON - FIR ST (Darrington High School)","1","100.0000","88502","Acceptable PM2.5 AQI & Speciation Mass","42660","Seattle-Tacoma-Bellevue, WA","53","Washington","061","Snohomish","48.2469","-121.6031"
"02/17/2020","AirNow","530610020","4","7.5","ug/m3 LC","31","DARRINGTON - FIR ST (Darrington High School)","1","100.0000","88502","Acceptable PM2.5 AQI & Speciation Mass","42660","Seattle-Tacoma-Bellevue, WA","53","Washington","061","Snohomish","48.2469","-121.6031"
"02/18/2020","AirNow","530610020","4","4.1","ug/m3 LC","17","DARRINGTON - FIR ST (Darrington High School)","1","100.0000","88502","Acceptable PM2.5 AQI & Speciation Mass","42660","Seattle-Tacoma-Bellevue, WA","53","Washington","061","Snohomish","48.2469","-121.6031"
"02/19/2020","AirNow","530610020","4","10.2","ug/m3 LC","43","DARRINGTON - FIR ST (Darrington High School)","1","100.0000","88502","Acceptable PM2.5 AQI & Speciation Mass","42660","Seattle-Tacoma-Bellevue, WA","53","Washington","061","Snohomish","48.2469","-121.6031"
"02/21/2020","AirNow","530610020","4","9.3","ug/m3 LC","39","DARRINGTON - FIR ST (Darrington High School)","1","100.0000","88502","Acceptable PM2.5 AQI & Speciation Mass","42660","Seattle-Tacoma-Bellevue, WA","53","Washington","061","Snohomish","48.2469","-121.6031"
"02/22/2020","AirNow","530610020","4","7","ug/m3 LC","29","DARRINGTON - FIR ST (Darrington High School)","1","100.0000","88502","Acceptable PM2.5 AQI & Speciation Mass","42660","Seattle-Tacoma-Bellevue, WA","53","Washington","061","Snohomish","48.2469","-121.6031"
"02/23/2020","AirNow","530610020","4","2.4","ug/m3 LC","10","DARRINGTON - FIR ST (Darrington High School)","1","100.0000","88502","Acceptable PM2.5 AQI & Speciation Mass","42660","Seattle-Tacoma-Bellevue, WA","53","Washington","061","Snohomish","48.2469","-121.6031"
"02/24/2020","AirNow","530610020","4","2.7","ug/m3 LC","11","DARRINGTON - FIR ST (Darrington High School)","1","100.0000","88502","Acceptable PM2.5 AQI & Speciation Mass","42660","Seattle-Tacoma-Bellevue, WA","53","Washington","061","Snohomish","48.2469","-121.6031"
"02/25/2020","AirNow","530610020","4","7.6","ug/m3 LC","32","DARRINGTON - FIR ST (Darrington High School)","1","100.0000","88502","Acceptable PM2.5 AQI & Speciation Mass","42660","Seattle-Tacoma-Bellevue, WA","53","Washington","061","Snohomish","48.2469","-121.6031"
"02/26/2020","AirNow","530610020","4","4.5","ug/m3 LC","19","DARRINGTON - FIR ST (Darrington High School)","1","100.0000","88502","Acceptable PM2.5 AQI & Speciation Mass","42660","Seattle-Tacoma-Bellevue, WA","53","Washington","061","Snohomish","48.2469","-121.6031"
"02/27/2020","AirNow","530610020","4","3.5","ug/m3 LC","15","DARRINGTON - FIR ST (Darrington High School)","1","100.0000","88502","Acceptable PM2.5 AQI & Speciation Mass","42660","Seattle-Tacoma-Bellevue, WA","53","Washington","061","Snohomish","48.2469","-121.6031"
"02/28/2020","AirNow","530610020","4","4.1","ug/m3 LC","17","DARRINGTON - FIR ST (Darrington High School)","1","100.0000","88502","Acceptable PM2.5 AQI & Speciation Mass","42660","Seattle-Tacoma-Bellevue, WA","53","Washington","061","Snohomish","48.2469","-121.6031"
"02/29/2020","AirNow","530610020","4","2.8","ug/m3 LC","12","DARRINGTON - FIR ST (Darrington High School)","1","100.0000","88502","Acceptable PM2.5 AQI & Speciation Mass","42660","Seattle-Tacoma-Bellevue, WA","53","Washington","061","Snohomish","48.2469","-121.6031"
"03/01/2020","AirNow","530610020","4","4.2","ug/m3 LC","18","DARRINGTON - FIR ST (Darrington High School)","1","100.0000","88502","Acceptable PM2.5 AQI & Speciation Mass","42660","Seattle-Tacoma-Bellevue, WA","53","Washington","061","Snohomish","48.2469","-121.6031"
"03/02/2020","AirNow","530610020","4","4.7","ug/m3 LC","20","DARRINGTON - FIR ST (Darrington High School)","1","100.0000","88502","Acceptable PM2.5 AQI & Speciation Mass","42660","Seattle-Tacoma-Bellevue, WA","53","Washington","061","Snohomish","48.2469","-121.6031"
"03/03/2020","AirNow","530610020","4","3.6","ug/m3 LC","15","DARRINGTON - FIR ST (Darrington High School)","1","100.0000","88502","Acceptable PM2.5 AQI & Speciation Mass","42660","Seattle-Tacoma-Bellevue, WA","53","Washington","061","Snohomish","48.2469","-121.6031"
"03/04/2020","AirNow","530610020","4","3","ug/m3 LC","13","DARRINGTON - FIR ST (Darrington High School)","1","100.0000","88502","Acceptable PM2.5 AQI & Speciation Mass","42660","Seattle-Tacoma-Bellevue, WA","53","Washington","061","Snohomish","48.2469","-121.6031"
"03/05/2020","AirNow","530610020","4","5.8","ug/m3 LC","24","DARRINGTON - FIR ST (Darrington High School)","1","100.0000","88502","Acceptable PM2.5 AQI & Speciation Mass","42660","Seattle-Tacoma-Bellevue, WA","53","Washington","061","Snohomish","48.2469","-121.6031"
"03/06/2020","AirNow","530610020","4","2.9","ug/m3 LC","12","DARRINGTON - FIR ST (Darrington High School)","1","100.0000","88502","Acceptable PM2.5 AQI & Speciation Mass","42660","Seattle-Tacoma-Bellevue, WA","53","Washington","061","Snohomish","48.2469","-121.6031"
"03/07/2020","AirNow","530610020","4","3.3","ug/m3 LC","14","DARRINGTON - FIR ST (Darrington High School)","1","100.0000","88502","Acceptable PM2.5 AQI & Speciation Mass","42660","Seattle-Tacoma-Bellevue, WA","53","Washington","061","Snohomish","48.2469","-121.6031"
"03/08/2020","AirNow","530610020","4","3.2","ug/m3 LC","13","DARRINGTON - FIR ST (Darrington High School)","1","100.0000","88502","Acceptable PM2.5 AQI & Speciation Mass","42660","Seattle-Tacoma-Bellevue, WA","53","Washington","061","Snohomish","48.2469","-121.6031"
"03/09/2020","AirNow","530610020","4","3.8","ug/m3 LC","16","DARRINGTON - FIR ST (Darrington High School)","1","100.0000","88502","Acceptable PM2.5 AQI & Speciation Mass","42660","Seattle-Tacoma-Bellevue, WA","53","Washington","061","Snohomish","48.2469","-121.6031"
"03/10/2020","AirNow","530610020","4","7.2","ug/m3 LC","30","DARRINGTON - FIR ST (Darrington High School)","1","100.0000","88502","Acceptable PM2.5 AQI & Speciation Mass","42660","Seattle-Tacoma-Bellevue, WA","53","Washington","061","Snohomish","48.2469","-121.6031"
"03/11/2020","AirNow","530610020","4","3.7","ug/m3 LC","15","DARRINGTON - FIR ST (Darrington High School)","1","100.0000","88502","Acceptable PM2.5 AQI & Speciation Mass","42660","Seattle-Tacoma-Bellevue, WA","53","Washington","061","Snohomish","48.2469","-121.6031"
"03/12/2020","AirNow","530610020","4","9.1","ug/m3 LC","38","DARRINGTON - FIR ST (Darrington High School)","1","100.0000","88502","Acceptable PM2.5 AQI & Speciation Mass","42660","Seattle-Tacoma-Bellevue, WA","53","Washington","061","Snohomish","48.2469","-121.6031"
"03/13/2020","AirNow","530610020","4","5.5","ug/m3 LC","23","DARRINGTON - FIR ST (Darrington High School)","1","100.0000","88502","Acceptable PM2.5 AQI & Speciation Mass","42660","Seattle-Tacoma-Bellevue, WA","53","Washington","061","Snohomish","48.2469","-121.6031"
"03/14/2020","AirNow","530610020","4","6.1","ug/m3 LC","25","DARRINGTON - FIR ST (Darrington High School)","1","100.0000","88502","Acceptable PM2.5 AQI & Speciation Mass","42660","Seattle-Tacoma-Bellevue, WA","53","Washington","061","Snohomish","48.2469","-121.6031"
"03/15/2020","AirNow","530610020","4","6.7","ug/m3 LC","28","DARRINGTON - FIR ST (Darrington High School)","1","100.0000","88502","Acceptable PM2.5 AQI & Speciation Mass","42660","Seattle-Tacoma-Bellevue, WA","53","Washington","061","Snohomish","48.2469","-121.6031"
"03/16/2020","AirNow","530610020","4","4.3","ug/m3 LC","18","DARRINGTON - FIR ST (Darrington High School)","1","100.0000","88502","Acceptable PM2.5 AQI & Speciation Mass","42660","Seattle-Tacoma-Bellevue, WA","53","Washington","061","Snohomish","48.2469","-121.6031"
"03/17/2020","AirNow","530610020","4","5.6","ug/m3 LC","23","DARRINGTON - FIR ST (Darrington High School)","1","100.0000","88502","Acceptable PM2.5 AQI & Speciation Mass","42660","Seattle-Tacoma-Bellevue, WA","53","Washington","061","Snohomish","48.2469","-121.6031"
"03/18/2020","AirNow","530610020","4","9.3","ug/m3 LC","39","DARRINGTON - FIR ST (Darrington High School)","1","100.0000","88502","Acceptable PM2.5 AQI & Speciation Mass","42660","Seattle-Tacoma-Bellevue, WA","53","Washington","061","Snohomish","48.2469","-121.6031"
"03/19/2020","AirNow","530610020","4","5.5","ug/m3 LC","23","DARRINGTON - FIR ST (Darrington High School)","1","100.0000","88502","Acceptable PM2.5 AQI & Speciation Mass","42660","Seattle-Tacoma-Bellevue, WA","53","Washington","061","Snohomish","48.2469","-121.6031"
"03/20/2020","AirNow","530610020","4","6.4","ug/m3 LC","27","DARRINGTON - FIR ST (Darrington High School)","1","100.0000","88502","Acceptable PM2.5 AQI & Speciation Mass","42660","Seattle-Tacoma-Bellevue, WA","53","Washington","061","Snohomish","48.2469","-121.6031"
"03/21/2020","AirNow","530610020","4","6.4","ug/m3 LC","27","DARRINGTON - FIR ST (Darrington High School)","1","100.0000","88502","Acceptable PM2.5 AQI & Speciation Mass","42660","Seattle-Tacoma-Bellevue, WA","53","Washington","061","Snohomish","48.2469","-121.6031"
"03/22/2020","AirNow","530610020","4","6.2","ug/m3 LC","26","DARRINGTON - FIR ST (Darrington High School)","1","100.0000","88502","Acceptable PM2.5 AQI & Speciation Mass","42660","Seattle-Tacoma-Bellevue, WA","53","Washington","061","Snohomish","48.2469","-121.6031"
"03/23/2020","AirNow","530610020","4","1.9","ug/m3 LC","8","DARRINGTON - FIR ST (Darrington High School)","1","100.0000","88502","Acceptable PM2.5 AQI & Speciation Mass","42660","Seattle-Tacoma-Bellevue, WA","53","Washington","061","Snohomish","48.2469","-121.6031"
"03/24/2020","AirNow","530610020","4","2.3","ug/m3 LC","10","DARRINGTON - FIR ST (Darrington High School)","1","100.0000","88502","Acceptable PM2.5 AQI & Speciation Mass","42660","Seattle-Tacoma-Bellevue, WA","53","Washington","061","Snohomish","48.2469","-121.6031"
"03/25/2020","AirNow","530610020","4","2.5","ug/m3 LC","10","DARRINGTON - FIR ST (Darrington High School)","1","100.0000","88502","Acceptable PM2.5 AQI & Speciation Mass","42660","Seattle-Tacoma-Bellevue, WA","53","Washington","061","Snohomish","48.2469","-121.6031"
"03/26/2020","AirNow","530610020","4","4.1","ug/m3 LC","17","DARRINGTON - FIR ST (Darrington High School)","1","100.0000","88502","Acceptable PM2.5 AQI & Speciation Mass","42660","Seattle-Tacoma-Bellevue, WA","53","Washington","061","Snohomish","48.2469","-121.6031"
"03/27/2020","AirNow","530610020","4","3.3","ug/m3 LC","14","DARRINGTON - FIR ST (Darrington High School)","1","100.0000","88502","Acceptable PM2.5 AQI & Speciation Mass","42660","Seattle-Tacoma-Bellevue, WA","53","Washington","061","Snohomish","48.2469","-121.6031"
"03/28/2020","AirNow","530610020","4","2.5","ug/m3 LC","10","DARRINGTON - FIR ST (Darrington High School)","1","100.0000","88502","Acceptable PM2.5 AQI & Speciation Mass","42660","Seattle-Tacoma-Bellevue, WA","53","Washington","061","Snohomish","48.2469","-121.6031"
"03/29/2020","AirNow","530610020","4","1.2","ug/m3 LC","5","DARRINGTON - FIR ST (Darrington High School)","1","100.0000","88502","Acceptable PM2.5 AQI & Speciation Mass","42660","Seattle-Tacoma-Bellevue, WA","53","Washington","061","Snohomish","48.2469","-121.6031"
"03/30/2020","AirNow","530610020","4","1.8","ug/m3 LC","8","DARRINGTON - FIR ST (Darrington High School)","1","100.0000","88502","Acceptable PM2.5 AQI & Speciation Mass","42660","Seattle-Tacoma-Bellevue, WA","53","Washington","061","Snohomish","48.2469","-121.6031"
"03/31/2020","AirNow","530610020","4","2.4","ug/m3 LC","10","DARRINGTON - FIR ST (Darrington High School)","1","100.0000","88502","Acceptable PM2.5 AQI & Speciation Mass","42660","Seattle-Tacoma-Bellevue, WA","53","Washington","061","Snohomish","48.2469","-121.6031"
"04/01/2020","AirNow","530610020","4","4","ug/m3 LC","17","DARRINGTON - FIR ST (Darrington High School)","1","100.0000","88502","Acceptable PM2.5 AQI & Speciation Mass","42660","Seattle-Tacoma-Bellevue, WA","53","Washington","061","Snohomish","48.2469","-121.6031"
"04/02/2020","AirNow","530610020","4","2.9","ug/m3 LC","12","DARRINGTON - FIR ST (Darrington High School)","1","100.0000","88502","Acceptable PM2.5 AQI & Speciation Mass","42660","Seattle-Tacoma-Bellevue, WA","53","Washington","061","Snohomish","48.2469","-121.6031"
"04/03/2020","AirNow","530610020","4","2.2","ug/m3 LC","9","DARRINGTON - FIR ST (Darrington High School)","1","100.0000","88502","Acceptable PM2.5 AQI & Speciation Mass","42660","Seattle-Tacoma-Bellevue, WA","53","Washington","061","Snohomish","48.2469","-121.6031"
"04/04/2020","AirNow","530610020","4","2.9","ug/m3 LC","12","DARRINGTON - FIR ST (Darrington High School)","1","100.0000","88502","Acceptable PM2.5 AQI & Speciation Mass","42660","Seattle-Tacoma-Bellevue, WA","53","Washington","061","Snohomish","48.2469","-121.6031"
"04/05/2020","AirNow","530610020","4","2.6","ug/m3 LC","11","DARRINGTON - FIR ST (Darrington High School)","1","100.0000","88502","Acceptable PM2.5 AQI & Speciation Mass","42660","Seattle-Tacoma-Bellevue, WA","53","Washington","061","Snohomish","48.2469","-121.6031"
"04/06/2020","AirNow","530610020","4","5","ug/m3 LC","21","DARRINGTON - FIR ST (Darrington High School)","1","100.0000","88502","Acceptable PM2.5 AQI & Speciation Mass","42660","Seattle-Tacoma-Bellevue, WA","53","Washington","061","Snohomish","48.2469","-121.6031"
"04/07/2020","AirNow","530610020","4","7.1","ug/m3 LC","30","DARRINGTON - FIR ST (Darrington High School)","1","100.0000","88502","Acceptable PM2.5 AQI & Speciation Mass","42660","Seattle-Tacoma-Bellevue, WA","53","Washington","061","Snohomish","48.2469","-121.6031"
"04/08/2020","AirNow","530610020","4","4","ug/m3 LC","17","DARRINGTON - FIR ST (Darrington High School)","1","100.0000","88502","Acceptable PM2.5 AQI & Speciation Mass","42660","Seattle-Tacoma-Bellevue, WA","53","Washington","061","Snohomish","48.2469","-121.6031"
"04/09/2020","AirNow","530610020","4","3.7","ug/m3 LC","15","DARRINGTON - FIR ST (Darrington High School)","1","100.0000","88502","Acceptable PM2.5 AQI & Speciation Mass","42660","Seattle-Tacoma-Bellevue, WA","53","Washington","061","Snohomish","48.2469","-121.6031"
"04/10/2020","AirNow","530610020","4","4.1","ug/m3 LC","17","DARRINGTON - FIR ST (Darrington High School)","1","100.0000","88502","Acceptable PM2.5 AQI & Speciation Mass","42660","Seattle-Tacoma-Bellevue, WA","53","Washington","061","Snohomish","48.2469","-121.6031"
"04/11/2020","AirNow","530610020","4","2.6","ug/m3 LC","11","DARRINGTON - FIR ST (Darrington High School)","1","100.0000","88502","Acceptable PM2.5 AQI & Speciation Mass","42660","Seattle-Tacoma-Bellevue, WA","53","Washington","061","Snohomish","48.2469","-121.6031"
"04/12/2020","AirNow","530610020","4","2.2","ug/m3 LC","9","DARRINGTON - FIR ST (Darrington High School)","1","100.0000","88502","Acceptable PM2.5 AQI & Speciation Mass","42660","Seattle-Tacoma-Bellevue, WA","53","Washington","061","Snohomish","48.2469","-121.6031"
"04/13/2020","AirNow","530610020","4","2.5","ug/m3 LC","10","DARRINGTON - FIR ST (Darrington High School)","1","100.0000","88502","Acceptable PM2.5 AQI & Speciation Mass","42660","Seattle-Tacoma-Bellevue, WA","53","Washington","061","Snohomish","48.2469","-121.6031"
"04/14/2020","AirNow","530610020","4","2.9","ug/m3 LC","12","DARRINGTON - FIR ST (Darrington High School)","1","100.0000","88502","Acceptable PM2.5 AQI & Speciation Mass","42660","Seattle-Tacoma-Bellevue, WA","53","Washington","061","Snohomish","48.2469","-121.6031"
"04/15/2020","AirNow","530610020","4","3","ug/m3 LC","13","DARRINGTON - FIR ST (Darrington High School)","1","100.0000","88502","Acceptable PM2.5 AQI & Speciation Mass","42660","Seattle-Tacoma-Bellevue, WA","53","Washington","061","Snohomish","48.2469","-121.6031"
"04/16/2020","AirNow","530610020","4","1.7","ug/m3 LC","7","DARRINGTON - FIR ST (Darrington High School)","1","100.0000","88502","Acceptable PM2.5 AQI & Speciation Mass","42660","Seattle-Tacoma-Bellevue, WA","53","Washington","061","Snohomish","48.2469","-121.6031"
"04/17/2020","AirNow","530610020","4","3.2","ug/m3 LC","13","DARRINGTON - FIR ST (Darrington High School)","1","100.0000","88502","Acceptable PM2.5 AQI & Speciation Mass","42660","Seattle-Tacoma-Bellevue, WA","53","Washington","061","Snohomish","48.2469","-121.6031"
"04/18/2020","AirNow","530610020","4","3.7","ug/m3 LC","15","DARRINGTON - FIR ST (Darrington High School)","1","100.0000","88502","Acceptable PM2.5 AQI & Speciation Mass","42660","Seattle-Tacoma-Bellevue, WA","53","Washington","061","Snohomish","48.2469","-121.6031"
"04/19/2020","AirNow","530610020","4","2.6","ug/m3 LC","11","DARRINGTON - FIR ST (Darrington High School)","1","100.0000","88502","Acceptable PM2.5 AQI & Speciation Mass","42660","Seattle-Tacoma-Bellevue, WA","53","Washington","061","Snohomish","48.2469","-121.6031"
"04/20/2020","AirNow","530610020","4","2.4","ug/m3 LC","10","DARRINGTON - FIR ST (Darrington High School)","1","100.0000","88502","Acceptable PM2.5 AQI & Speciation Mass","42660","Seattle-Tacoma-Bellevue, WA","53","Washington","061","Snohomish","48.2469","-121.6031"
"04/21/2020","AirNow","530610020","4","2.4","ug/m3 LC","10","DARRINGTON - FIR ST (Darrington High School)","1","100.0000","88502","Acceptable PM2.5 AQI & Speciation Mass","42660","Seattle-Tacoma-Bellevue, WA","53","Washington","061","Snohomish","48.2469","-121.6031"
"04/22/2020","AirNow","530610020","4","3","ug/m3 LC","13","DARRINGTON - FIR ST (Darrington High School)","1","100.0000","88502","Acceptable PM2.5 AQI & Speciation Mass","42660","Seattle-Tacoma-Bellevue, WA","53","Washington","061","Snohomish","48.2469","-121.6031"
"04/23/2020","AirNow","530610020","4","2.7","ug/m3 LC","11","DARRINGTON - FIR ST (Darrington High School)","1","100.0000","88502","Acceptable PM2.5 AQI & Speciation Mass","42660","Seattle-Tacoma-Bellevue, WA","53","Washington","061","Snohomish","48.2469","-121.6031"
"04/24/2020","AirNow","530610020","4","2.1","ug/m3 LC","9","DARRINGTON - FIR ST (Darrington High School)","1","100.0000","88502","Acceptable PM2.5 AQI & Speciation Mass","42660","Seattle-Tacoma-Bellevue, WA","53","Washington","061","Snohomish","48.2469","-121.6031"
"04/25/2020","AirNow","530610020","4","3.8","ug/m3 LC","16","DARRINGTON - FIR ST (Darrington High School)","1","100.0000","88502","Acceptable PM2.5 AQI & Speciation Mass","42660","Seattle-Tacoma-Bellevue, WA","53","Washington","061","Snohomish","48.2469","-121.6031"
"04/26/2020","AirNow","530610020","4","3.3","ug/m3 LC","14","DARRINGTON - FIR ST (Darrington High School)","1","100.0000","88502","Acceptable PM2.5 AQI & Speciation Mass","42660","Seattle-Tacoma-Bellevue, WA","53","Washington","061","Snohomish","48.2469","-121.6031"
"04/27/2020","AirNow","530610020","4","2.2","ug/m3 LC","9","DARRINGTON - FIR ST (Darrington High School)","1","100.0000","88502","Acceptable PM2.5 AQI & Speciation Mass","42660","Seattle-Tacoma-Bellevue, WA","53","Washington","061","Snohomish","48.2469","-121.6031"
"04/28/2020","AirNow","530610020","4","2.7","ug/m3 LC","11","DARRINGTON - FIR ST (Darrington High School)","1","100.0000","88502","Acceptable PM2.5 AQI & Speciation Mass","42660","Seattle-Tacoma-Bellevue, WA","53","Washington","061","Snohomish","48.2469","-121.6031"
"04/29/2020","AirNow","530610020","4","2.1","ug/m3 LC","9","DARRINGTON - FIR ST (Darrington High School)","1","100.0000","88502","Acceptable PM2.5 AQI & Speciation Mass","42660","Seattle-Tacoma-Bellevue, WA","53","Washington","061","Snohomish","48.2469","-121.6031"
"04/30/2020","AirNow","530610020","4","1.4","ug/m3 LC","6","DARRINGTON - FIR ST (Darrington High School)","1","100.0000","88502","Acceptable PM2.5 AQI & Speciation Mass","42660","Seattle-Tacoma-Bellevue, WA","53","Washington","061","Snohomish","48.2469","-121.6031"
"05/01/2020","AirNow","530610020","4","1.7","ug/m3 LC","7","DARRINGTON - FIR ST (Darrington High School)","1","100.0000","88502","Acceptable PM2.5 AQI & Speciation Mass","42660","Seattle-Tacoma-Bellevue, WA","53","Washington","061","Snohomish","48.2469","-121.6031"
"05/02/2020","AirNow","530610020","4","2","ug/m3 LC","8","DARRINGTON - FIR ST (Darrington High School)","1","100.0000","88502","Acceptable PM2.5 AQI & Speciation Mass","42660","Seattle-Tacoma-Bellevue, WA","53","Washington","061","Snohomish","48.2469","-121.6031"
"01/01/2020","AQS","530610020","5","3.5","ug/m3 LC","15","DARRINGTON - FIR ST (Darrington High School)","1","100.0000","88101","PM2.5 - Local Conditions","42660","Seattle-Tacoma-Bellevue, WA","53","Washington","061","Snohomish","48.2469","-121.6031"
"01/02/2020","AQS","530610020","5","3.3","ug/m3 LC","14","DARRINGTON - FIR ST (Darrington High School)","1","100.0000","88101","PM2.5 - Local Conditions","42660","Seattle-Tacoma-Bellevue, WA","53","Washington","061","Snohomish","48.2469","-121.6031"
"01/03/2020","AQS","530610020","5","4.5","ug/m3 LC","19","DARRINGTON - FIR ST (Darrington High School)","1","100.0000","88101","PM2.5 - Local Conditions","42660","Seattle-Tacoma-Bellevue, WA","53","Washington","061","Snohomish","48.2469","-121.6031"
"01/04/2020","AQS","530610020","5","1.9","ug/m3 LC","8","DARRINGTON - FIR ST (Darrington High School)","1","100.0000","88101","PM2.5 - Local Conditions","42660","Seattle-Tacoma-Bellevue, WA","53","Washington","061","Snohomish","48.2469","-121.6031"
"01/05/2020","AQS","530610020","5","4","ug/m3 LC","17","DARRINGTON - FIR ST (Darrington High School)","1","100.0000","88101","PM2.5 - Local Conditions","42660","Seattle-Tacoma-Bellevue, WA","53","Washington","061","Snohomish","48.2469","-121.6031"
"01/06/2020","AQS","530610020","5","8.6","ug/m3 LC","36","DARRINGTON - FIR ST (Darrington High School)","1","100.0000","88101","PM2.5 - Local Conditions","42660","Seattle-Tacoma-Bellevue, WA","53","Washington","061","Snohomish","48.2469","-121.6031"
"01/07/2020","AQS","530610020","5","3.3","ug/m3 LC","14","DARRINGTON - FIR ST (Darrington High School)","1","100.0000","88101","PM2.5 - Local Conditions","42660","Seattle-Tacoma-Bellevue, WA","53","Washington","061","Snohomish","48.2469","-121.6031"
"01/09/2020","AirNow","530610020","5","5.9","ug/m3 LC","25","DARRINGTON - FIR ST (Darrington High School)","1","100.0000","88101","PM2.5 - Local Conditions","42660","Seattle-Tacoma-Bellevue, WA","53","Washington","061","Snohomish","48.2469","-121.6031"
"01/10/2020","AQS","530610020","5","10.3","ug/m3 LC","43","DARRINGTON - FIR ST (Darrington High School)","1","100.0000","88101","PM2.5 - Local Conditions","42660","Seattle-Tacoma-Bellevue, WA","53","Washington","061","Snohomish","48.2469","-121.6031"
"01/11/2020","AQS","530610020","5","7.7","ug/m3 LC","32","DARRINGTON - FIR ST (Darrington High School)","1","100.0000","88101","PM2.5 - Local Conditions","42660","Seattle-Tacoma-Bellevue, WA","53","Washington","061","Snohomish","48.2469","-121.6031"
"01/12/2020","AQS","530610020","5","6.8","ug/m3 LC","28","DARRINGTON - FIR ST (Darrington High School)","1","100.0000","88101","PM2.5 - Local Conditions","42660","Seattle-Tacoma-Bellevue, WA","53","Washington","061","Snohomish","48.2469","-121.6031"
"01/13/2020","AQS","530610020","5","6.5","ug/m3 LC","27","DARRINGTON - FIR ST (Darrington High School)","1","100.0000","88101","PM2.5 - Local Conditions","42660","Seattle-Tacoma-Bellevue, WA","53","Washington","061","Snohomish","48.2469","-121.6031"
"01/14/2020","AQS","530610020","5","7.2","ug/m3 LC","30","DARRINGTON - FIR ST (Darrington High School)","1","100.0000","88101","PM2.5 - Local Conditions","42660","Seattle-Tacoma-Bellevue, WA","53","Washington","061","Snohomish","48.2469","-121.6031"
"01/15/2020","AQS","530610020","5","1","ug/m3 LC","4","DARRINGTON - FIR ST (Darrington High School)","1","100.0000","88101","PM2.5 - Local Conditions","42660","Seattle-Tacoma-Bellevue, WA","53","Washington","061","Snohomish","48.2469","-121.6031"
"01/16/2020","AQS","530610020","5","7.1","ug/m3 LC","30","DARRINGTON - FIR ST (Darrington High School)","1","100.0000","88101","PM2.5 - Local Conditions","42660","Seattle-Tacoma-Bellevue, WA","53","Washington","061","Snohomish","48.2469","-121.6031"
"01/17/2020","AQS","530610020","5","16.7","ug/m3 LC","61","DARRINGTON - FIR ST (Darrington High School)","1","100.0000","88101","PM2.5 - Local Conditions","42660","Seattle-Tacoma-Bellevue, WA","53","Washington","061","Snohomish","48.2469","-121.6031"
"01/18/2020","AQS","530610020","5","10.7","ug/m3 LC","45","DARRINGTON - FIR ST (Darrington High School)","1","100.0000","88101","PM2.5 - Local Conditions","42660","Seattle-Tacoma-Bellevue, WA","53","Washington","061","Snohomish","48.2469","-121.6031"
"01/19/2020","AQS","530610020","5","20.2","ug/m3 LC","68","DARRINGTON - FIR ST (Darrington High School)","1","100.0000","88101","PM2.5 - Local Conditions","42660","Seattle-Tacoma-Bellevue, WA","53","Washington","061","Snohomish","48.2469","-121.6031"
"01/20/2020","AQS","530610020","5","14","ug/m3 LC","55","DARRINGTON - FIR ST (Darrington High School)","1","100.0000","88101","PM2.5 - Local Conditions","42660","Seattle-Tacoma-Bellevue, WA","53","Washington","061","Snohomish","48.2469","-121.6031"
"01/21/2020","AQS","530610020","5","4.6","ug/m3 LC","19","DARRINGTON - FIR ST (Darrington High School)","1","100.0000","88101","PM2.5 - Local Conditions","42660","Seattle-Tacoma-Bellevue, WA","53","Washington","061","Snohomish","48.2469","-121.6031"
"01/22/2020","AQS","530610020","5","7.1","ug/m3 LC","30","DARRINGTON - FIR ST (Darrington High School)","1","100.0000","88101","PM2.5 - Local Conditions","42660","Seattle-Tacoma-Bellevue, WA","53","Washington","061","Snohomish","48.2469","-121.6031"
"01/23/2020","AQS","530610020","5","8","ug/m3 LC","33","DARRINGTON - FIR ST (Darrington High School)","1","100.0000","88101","PM2.5 - Local Conditions","42660","Seattle-Tacoma-Bellevue, WA","53","Washington","061","Snohomish","48.2469","-121.6031"
"01/24/2020","AQS","530610020","5","2.2","ug/m3 LC","9","DARRINGTON - FIR ST (Darrington High School)","1","100.0000","88101","PM2.5 - Local Conditions","42660","Seattle-Tacoma-Bellevue, WA","53","Washington","061","Snohomish","48.2469","-121.6031"
"01/25/2020","AQS","530610020","5","7.6","ug/m3 LC","32","DARRINGTON - FIR ST (Darrington High School)","1","100.0000","88101","PM2.5 - Local Conditions","42660","Seattle-Tacoma-Bellevue, WA","53","Washington","061","Snohomish","48.2469","-121.6031"
"01/26/2020","AQS","530610020","5","1","ug/m3 LC","4","DARRINGTON - FIR ST (Darrington High School)","1","100.0000","88101","PM2.5 - Local Conditions","42660","Seattle-Tacoma-Bellevue, WA","53","Washington","061","Snohomish","48.2469","-121.6031"
"01/27/2020","AQS","530610020","5","1.5","ug/m3 LC","6","DARRINGTON - FIR ST (Darrington High School)","1","100.0000","88101","PM2.5 - Local Conditions","42660","Seattle-Tacoma-Bellevue, WA","53","Washington","061","Snohomish","48.2469","-121.6031"
"01/28/2020","AQS","530610020","5","8.9","ug/m3 LC","37","DARRINGTON - FIR ST (Darrington High School)","1","100.0000","88101","PM2.5 - Local Conditions","42660","Seattle-Tacoma-Bellevue, WA","53","Washington","061","Snohomish","48.2469","-121.6031"
"01/29/2020","AQS","530610020","5","8.9","ug/m3 LC","37","DARRINGTON - FIR ST (Darrington High School)","1","100.0000","88101","PM2.5 - Local Conditions","42660","Seattle-Tacoma-Bellevue, WA","53","Washington","061","Snohomish","48.2469","-121.6031"
"01/30/2020","AQS","530610020","5","5.5","ug/m3 LC","23","DARRINGTON - FIR ST (Darrington High School)","1","100.0000","88101","PM2.5 - Local Conditions","42660","Seattle-Tacoma-Bellevue, WA","53","Washington","061","Snohomish","48.2469","-121.6031"
"01/31/2020","AQS","530610020","5","6.3","ug/m3 LC","26","DARRINGTON - FIR ST (Darrington High School)","1","100.0000","88101","PM2.5 - Local Conditions","42660","Seattle-Tacoma-Bellevue, WA","53","Washington","061","Snohomish","48.2469","-121.6031"
"02/01/2020","AirNow","530610020","5","1.2","ug/m3 LC","5","DARRINGTON - FIR ST (Darrington High School)","1","100.0000","88101","PM2.5 - Local Conditions","42660","Seattle-Tacoma-Bellevue, WA","53","Washington","061","Snohomish","48.2469","-121.6031"
"02/02/2020","AirNow","530610020","5","6","ug/m3 LC","25","DARRINGTON - FIR ST (Darrington High School)","1","100.0000","88101","PM2.5 - Local Conditions","42660","Seattle-Tacoma-Bellevue, WA","53","Washington","061","Snohomish","48.2469","-121.6031"
"02/03/2020","AirNow","530610020","5","9.5","ug/m3 LC","40","DARRINGTON - FIR ST (Darrington High School)","1","100.0000","88101","PM2.5 - Local Conditions","42660","Seattle-Tacoma-Bellevue, WA","53","Washington","061","Snohomish","48.2469","-121.6031"
"02/04/2020","AirNow","530610020","5","14.6","ug/m3 LC","56","DARRINGTON - FIR ST (Darrington High School)","1","100.0000","88101","PM2.5 - Local Conditions","42660","Seattle-Tacoma-Bellevue, WA","53","Washington","061","Snohomish","48.2469","-121.6031"
"02/05/2020","AirNow","530610020","5","25.8","ug/m3 LC","80","DARRINGTON - FIR ST (Darrington High School)","1","100.0000","88101","PM2.5 - Local Conditions","42660","Seattle-Tacoma-Bellevue, WA","53","Washington","061","Snohomish","48.2469","-121.6031"
"02/06/2020","AirNow","530610020","5","10.5","ug/m3 LC","44","DARRINGTON - FIR ST (Darrington High School)","1","100.0000","88101","PM2.5 - Local Conditions","42660","Seattle-Tacoma-Bellevue, WA","53","Washington","061","Snohomish","48.2469","-121.6031"
"02/07/2020","AirNow","530610020","5","7","ug/m3 LC","29","DARRINGTON - FIR ST (Darrington High School)","1","100.0000","88101","PM2.5 - Local Conditions","42660","Seattle-Tacoma-Bellevue, WA","53","Washington","061","Snohomish","48.2469","-121.6031"
"02/08/2020","AirNow","530610020","5","4.1","ug/m3 LC","17","DARRINGTON - FIR ST (Darrington High School)","1","100.0000","88101","PM2.5 - Local Conditions","42660","Seattle-Tacoma-Bellevue, WA","53","Washington","061","Snohomish","48.2469","-121.6031"
"02/09/2020","AirNow","530610020","5","6.5","ug/m3 LC","27","DARRINGTON - FIR ST (Darrington High School)","1","100.0000","88101","PM2.5 - Local Conditions","42660","Seattle-Tacoma-Bellevue, WA","53","Washington","061","Snohomish","48.2469","-121.6031"
"02/10/2020","AirNow","530610020","5","7.1","ug/m3 LC","30","DARRINGTON - FIR ST (Darrington High School)","1","100.0000","88101","PM2.5 - Local Conditions","42660","Seattle-Tacoma-Bellevue, WA","53","Washington","061","Snohomish","48.2469","-121.6031"
"02/11/2020","AirNow","530610020","5","10.3","ug/m3 LC","43","DARRINGTON - FIR ST (Darrington High School)","1","100.0000","88101","PM2.5 - Local Conditions","42660","Seattle-Tacoma-Bellevue, WA","53","Washington","061","Snohomish","48.2469","-121.6031"
"02/12/2020","AirNow","530610020","5","4.5","ug/m3 LC","19","DARRINGTON - FIR ST (Darrington High School)","1","100.0000","88101","PM2.5 - Local Conditions","42660","Seattle-Tacoma-Bellevue, WA","53","Washington","061","Snohomish","48.2469","-121.6031"
"02/13/2020","AirNow","530610020","5","0.8","ug/m3 LC","3","DARRINGTON - FIR ST (Darrington High School)","1","100.0000","88101","PM2.5 - Local Conditions","42660","Seattle-Tacoma-Bellevue, WA","53","Washington","061","Snohomish","48.2469","-121.6031"
"02/14/2020","AirNow","530610020","5","-0.5","ug/m3 LC","0","DARRINGTON - FIR ST (Darrington High School)","1","100.0000","88101","PM2.5 - Local Conditions","42660","Seattle-Tacoma-Bellevue, WA","53","Washington","061","Snohomish","48.2469","-121.6031"
"02/15/2020","AirNow","530610020","5","1.3","ug/m3 LC","5","DARRINGTON - FIR ST (Darrington High School)","1","100.0000","88101","PM2.5 - Local Conditions","42660","Seattle-Tacoma-Bellevue, WA","53","Washington","061","Snohomish","48.2469","-121.6031"
"02/16/2020","AirNow","530610020","5","2.8","ug/m3 LC","12","DARRINGTON - FIR ST (Darrington High School)","1","100.0000","88101","PM2.5 - Local Conditions","42660","Seattle-Tacoma-Bellevue, WA","53","Washington","061","Snohomish","48.2469","-121.6031"
"02/17/2020","AirNow","530610020","5","6.7","ug/m3 LC","28","DARRINGTON - FIR ST (Darrington High School)","1","100.0000","88101","PM2.5 - Local Conditions","42660","Seattle-Tacoma-Bellevue, WA","53","Washington","061","Snohomish","48.2469","-121.6031"
"02/18/2020","AirNow","530610020","5","3.9","ug/m3 LC","16","DARRINGTON - FIR ST (Darrington High School)","1","100.0000","88101","PM2.5 - Local Conditions","42660","Seattle-Tacoma-Bellevue, WA","53","Washington","061","Snohomish","48.2469","-121.6031"
"02/19/2020","AirNow","530610020","5","11","ug/m3 LC","46","DARRINGTON - FIR ST (Darrington High School)","1","100.0000","88101","PM2.5 - Local Conditions","42660","Seattle-Tacoma-Bellevue, WA","53","Washington","061","Snohomish","48.2469","-121.6031"
"02/21/2020","AirNow","530610020","5","10.8","ug/m3 LC","45","DARRINGTON - FIR ST (Darrington High School)","1","100.0000","88101","PM2.5 - Local Conditions","42660","Seattle-Tacoma-Bellevue, WA","53","Washington","061","Snohomish","48.2469","-121.6031"
"02/22/2020","AirNow","530610020","5","8.2","ug/m3 LC","34","DARRINGTON - FIR ST (Darrington High School)","1","100.0000","88101","PM2.5 - Local Conditions","42660","Seattle-Tacoma-Bellevue, WA","53","Washington","061","Snohomish","48.2469","-121.6031"
"02/23/2020","AirNow","530610020","5","1.7","ug/m3 LC","7","DARRINGTON - FIR ST (Darrington High School)","1","100.0000","88101","PM2.5 - Local Conditions","42660","Seattle-Tacoma-Bellevue, WA","53","Washington","061","Snohomish","48.2469","-121.6031"
"02/24/2020","AirNow","530610020","5","3","ug/m3 LC","13","DARRINGTON - FIR ST (Darrington High School)","1","100.0000","88101","PM2.5 - Local Conditions","42660","Seattle-Tacoma-Bellevue, WA","53","Washington","061","Snohomish","48.2469","-121.6031"
"02/25/2020","AirNow","530610020","5","7.6","ug/m3 LC","32","DARRINGTON - FIR ST (Darrington High School)","1","100.0000","88101","PM2.5 - Local Conditions","42660","Seattle-Tacoma-Bellevue, WA","53","Washington","061","Snohomish","48.2469","-121.6031"
"02/26/2020","AirNow","530610020","5","3.7","ug/m3 LC","15","DARRINGTON - FIR ST (Darrington High School)","1","100.0000","88101","PM2.5 - Local Conditions","42660","Seattle-Tacoma-Bellevue, WA","53","Washington","061","Snohomish","48.2469","-121.6031"
"02/27/2020","AirNow","530610020","5","3.2","ug/m3 LC","13","DARRINGTON - FIR ST (Darrington High School)","1","100.0000","88101","PM2.5 - Local Conditions","42660","Seattle-Tacoma-Bellevue, WA","53","Washington","061","Snohomish","48.2469","-121.6031"
"02/28/2020","AirNow","530610020","5","3.5","ug/m3 LC","15","DARRINGTON - FIR ST (Darrington High School)","1","100.0000","88101","PM2.5 - Local Conditions","42660","Seattle-Tacoma-Bellevue, WA","53","Washington","061","Snohomish","48.2469","-121.6031"
"02/29/2020","AirNow","530610020","5","2.4","ug/m3 LC","10","DARRINGTON - FIR ST (Darrington High School)","1","100.0000","88101","PM2.5 - Local Conditions","42660","Seattle-Tacoma-Bellevue, WA","53","Washington","061","Snohomish","48.2469","-121.6031"
"03/01/2020","AirNow","530610020","5","4.1","ug/m3 LC","17","DARRINGTON - FIR ST (Darrington High School)","1","100.0000","88101","PM2.5 - Local Conditions","42660","Seattle-Tacoma-Bellevue, WA","53","Washington","061","Snohomish","48.2469","-121.6031"
"03/02/2020","AirNow","530610020","5","3.9","ug/m3 LC","16","DARRINGTON - FIR ST (Darrington High School)","1","100.0000","88101","PM2.5 - Local Conditions","42660","Seattle-Tacoma-Bellevue, WA","53","Washington","061","Snohomish","48.2469","-121.6031"
"03/03/2020","AirNow","530610020","5","3.2","ug/m3 LC","13","DARRINGTON - FIR ST (Darrington High School)","1","100.0000","88101","PM2.5 - Local Conditions","42660","Seattle-Tacoma-Bellevue, WA","53","Washington","061","Snohomish","48.2469","-121.6031"
"03/04/2020","AirNow","530610020","5","4.1","ug/m3 LC","17","DARRINGTON - FIR ST (Darrington High School)","1","100.0000","88101","PM2.5 - Local Conditions","42660","Seattle-Tacoma-Bellevue, WA","53","Washington","061","Snohomish","48.2469","-121.6031"
"03/06/2020","AirNow","530610020","5","2.7","ug/m3 LC","11","DARRINGTON - FIR ST (Darrington High School)","1","100.0000","88101","PM2.5 - Local Conditions","42660","Seattle-Tacoma-Bellevue, WA","53","Washington","061","Snohomish","48.2469","-121.6031"
"03/07/2020","AirNow","530610020","5","3.2","ug/m3 LC","13","DARRINGTON - FIR ST (Darrington High School)","1","100.0000","88101","PM2.5 - Local Conditions","42660","Seattle-Tacoma-Bellevue, WA","53","Washington","061","Snohomish","48.2469","-121.6031"
"03/08/2020","AirNow","530610020","5","3.3","ug/m3 LC","14","DARRINGTON - FIR ST (Darrington High School)","1","100.0000","88101","PM2.5 - Local Conditions","42660","Seattle-Tacoma-Bellevue, WA","53","Washington","061","Snohomish","48.2469","-121.6031"
"03/09/2020","AirNow","530610020","5","3.7","ug/m3 LC","15","DARRINGTON - FIR ST (Darrington High School)","1","100.0000","88101","PM2.5 - Local Conditions","42660","Seattle-Tacoma-Bellevue, WA","53","Washington","061","Snohomish","48.2469","-121.6031"
"03/10/2020","AirNow","530610020","5","8","ug/m3 LC","33","DARRINGTON - FIR ST (Darrington High School)","1","100.0000","88101","PM2.5 - Local Conditions","42660","Seattle-Tacoma-Bellevue, WA","53","Washington","061","Snohomish","48.2469","-121.6031"
"03/11/2020","AirNow","530610020","5","4.2","ug/m3 LC","18","DARRINGTON - FIR ST (Darrington High School)","1","100.0000","88101","PM2.5 - Local Conditions","42660","Seattle-Tacoma-Bellevue, WA","53","Washington","061","Snohomish","48.2469","-121.6031"
"03/12/2020","AirNow","530610020","5","10.2","ug/m3 LC","43","DARRINGTON - FIR ST (Darrington High School)","1","100.0000","88101","PM2.5 - Local Conditions","42660","Seattle-Tacoma-Bellevue, WA","53","Washington","061","Snohomish","48.2469","-121.6031"
"03/13/2020","AirNow","530610020","5","6.4","ug/m3 LC","27","DARRINGTON - FIR ST (Darrington High School)","1","100.0000","88101","PM2.5 - Local Conditions","42660","Seattle-Tacoma-Bellevue, WA","53","Washington","061","Snohomish","48.2469","-121.6031"
"03/14/2020","AirNow","530610020","5","7","ug/m3 LC","29","DARRINGTON - FIR ST (Darrington High School)","1","100.0000","88101","PM2.5 - Local Conditions","42660","Seattle-Tacoma-Bellevue, WA","53","Washington","061","Snohomish","48.2469","-121.6031"
"03/15/2020","AirNow","530610020","5","7.8","ug/m3 LC","33","DARRINGTON - FIR ST (Darrington High School)","1","100.0000","88101","PM2.5 - Local Conditions","42660","Seattle-Tacoma-Bellevue, WA","53","Washington","061","Snohomish","48.2469","-121.6031"
"03/16/2020","AirNow","530610020","5","3.9","ug/m3 LC","16","DARRINGTON - FIR ST (Darrington High School)","1","100.0000","88101","PM2.5 - Local Conditions","42660","Seattle-Tacoma-Bellevue, WA","53","Washington","061","Snohomish","48.2469","-121.6031"
"03/17/2020","AirNow","530610020","5","7.3","ug/m3 LC","30","DARRINGTON - FIR ST (Darrington High School)","1","100.0000","88101","PM2.5 - Local Conditions","42660","Seattle-Tacoma-Bellevue, WA","53","Washington","061","Snohomish","48.2469","-121.6031"
"03/18/2020","AirNow","530610020","5","11.9","ug/m3 LC","50","DARRINGTON - FIR ST (Darrington High School)","1","100.0000","88101","PM2.5 - Local Conditions","42660","Seattle-Tacoma-Bellevue, WA","53","Washington","061","Snohomish","48.2469","-121.6031"
"03/19/2020","AirNow","530610020","5","8","ug/m3 LC","33","DARRINGTON - FIR ST (Darrington High School)","1","100.0000","88101","PM2.5 - Local Conditions","42660","Seattle-Tacoma-Bellevue, WA","53","Washington","061","Snohomish","48.2469","-121.6031"
"03/20/2020","AirNow","530610020","5","9","ug/m3 LC","38","DARRINGTON - FIR ST (Darrington High School)","1","100.0000","88101","PM2.5 - Local Conditions","42660","Seattle-Tacoma-Bellevue, WA","53","Washington","061","Snohomish","48.2469","-121.6031"
"03/21/2020","AirNow","530610020","5","9.2","ug/m3 LC","38","DARRINGTON - FIR ST (Darrington High School)","1","100.0000","88101","PM2.5 - Local Conditions","42660","Seattle-Tacoma-Bellevue, WA","53","Washington","061","Snohomish","48.2469","-121.6031"
"03/22/2020","AirNow","530610020","5","9.2","ug/m3 LC","38","DARRINGTON - FIR ST (Darrington High School)","1","100.0000","88101","PM2.5 - Local Conditions","42660","Seattle-Tacoma-Bellevue, WA","53","Washington","061","Snohomish","48.2469","-121.6031"
"03/23/2020","AirNow","530610020","5","2.2","ug/m3 LC","9","DARRINGTON - FIR ST (Darrington High School)","1","100.0000","88101","PM2.5 - Local Conditions","42660","Seattle-Tacoma-Bellevue, WA","53","Washington","061","Snohomish","48.2469","-121.6031"
"03/24/2020","AirNow","530610020","5","2.2","ug/m3 LC","9","DARRINGTON - FIR ST (Darrington High School)","1","100.0000","88101","PM2.5 - Local Conditions","42660","Seattle-Tacoma-Bellevue, WA","53","Washington","061","Snohomish","48.2469","-121.6031"
"03/25/2020","AirNow","530610020","5","2.3","ug/m3 LC","10","DARRINGTON - FIR ST (Darrington High School)","1","100.0000","88101","PM2.5 - Local Conditions","42660","Seattle-Tacoma-Bellevue, WA","53","Washington","061","Snohomish","48.2469","-121.6031"
"03/26/2020","AirNow","530610020","5","4.9","ug/m3 LC","20","DARRINGTON - FIR ST (Darrington High School)","1","100.0000","88101","PM2.5 - Local Conditions","42660","Seattle-Tacoma-Bellevue, WA","53","Washington","061","Snohomish","48.2469","-121.6031"
"03/27/2020","AirNow","530610020","5","3.6","ug/m3 LC","15","DARRINGTON - FIR ST (Darrington High School)","1","100.0000","88101","PM2.5 - Local Conditions","42660","Seattle-Tacoma-Bellevue, WA","53","Washington","061","Snohomish","48.2469","-121.6031"
"03/28/2020","AirNow","530610020","5","2.4","ug/m3 LC","10","DARRINGTON - FIR ST (Darrington High School)","1","100.0000","88101","PM2.5 - Local Conditions","42660","Seattle-Tacoma-Bellevue, WA","53","Washington","061","Snohomish","48.2469","-121.6031"
"03/29/2020","AirNow","530610020","5","1","ug/m3 LC","4","DARRINGTON - FIR ST (Darrington High School)","1","100.0000","88101","PM2.5 - Local Conditions","42660","Seattle-Tacoma-Bellevue, WA","53","Washington","061","Snohomish","48.2469","-121.6031"
"03/30/2020","AirNow","530610020","5","1.4","ug/m3 LC","6","DARRINGTON - FIR ST (Darrington High School)","1","100.0000","88101","PM2.5 - Local Conditions","42660","Seattle-Tacoma-Bellevue, WA","53","Washington","061","Snohomish","48.2469","-121.6031"
"03/31/2020","AirNow","530610020","5","1.4","ug/m3 LC","6","DARRINGTON - FIR ST (Darrington High School)","1","100.0000","88101","PM2.5 - Local Conditions","42660","Seattle-Tacoma-Bellevue, WA","53","Washington","061","Snohomish","48.2469","-121.6031"
"04/01/2020","AirNow","530610020","5","3.7","ug/m3 LC","15","DARRINGTON - FIR ST (Darrington High School)","1","100.0000","88101","PM2.5 - Local Conditions","42660","Seattle-Tacoma-Bellevue, WA","53","Washington","061","Snohomish","48.2469","-121.6031"
"04/02/2020","AirNow","530610020","5","3.1","ug/m3 LC","13","DARRINGTON - FIR ST (Darrington High School)","1","100.0000","88101","PM2.5 - Local Conditions","42660","Seattle-Tacoma-Bellevue, WA","53","Washington","061","Snohomish","48.2469","-121.6031"
"04/03/2020","AirNow","530610020","5","2.7","ug/m3 LC","11","DARRINGTON - FIR ST (Darrington High School)","1","100.0000","88101","PM2.5 - Local Conditions","42660","Seattle-Tacoma-Bellevue, WA","53","Washington","061","Snohomish","48.2469","-121.6031"
"04/04/2020","AirNow","530610020","5","2.2","ug/m3 LC","9","DARRINGTON - FIR ST (Darrington High School)","1","100.0000","88101","PM2.5 - Local Conditions","42660","Seattle-Tacoma-Bellevue, WA","53","Washington","061","Snohomish","48.2469","-121.6031"
"04/05/2020","AirNow","530610020","5","3","ug/m3 LC","13","DARRINGTON - FIR ST (Darrington High School)","1","100.0000","88101","PM2.5 - Local Conditions","42660","Seattle-Tacoma-Bellevue, WA","53","Washington","061","Snohomish","48.2469","-121.6031"
"04/06/2020","AirNow","530610020","5","5.5","ug/m3 LC","23","DARRINGTON - FIR ST (Darrington High School)","1","100.0000","88101","PM2.5 - Local Conditions","42660","Seattle-Tacoma-Bellevue, WA","53","Washington","061","Snohomish","48.2469","-121.6031"
"04/07/2020","AirNow","530610020","5","9.8","ug/m3 LC","41","DARRINGTON - FIR ST (Darrington High School)","1","100.0000","88101","PM2.5 - Local Conditions","42660","Seattle-Tacoma-Bellevue, WA","53","Washington","061","Snohomish","48.2469","-121.6031"
"04/08/2020","AirNow","530610020","5","5.3","ug/m3 LC","22","DARRINGTON - FIR ST (Darrington High School)","1","100.0000","88101","PM2.5 - Local Conditions","42660","Seattle-Tacoma-Bellevue, WA","53","Washington","061","Snohomish","48.2469","-121.6031"
"04/09/2020","AirNow","530610020","5","5","ug/m3 LC","21","DARRINGTON - FIR ST (Darrington High School)","1","100.0000","88101","PM2.5 - Local Conditions","42660","Seattle-Tacoma-Bellevue, WA","53","Washington","061","Snohomish","48.2469","-121.6031"
"04/10/2020","AirNow","530610020","5","6.4","ug/m3 LC","27","DARRINGTON - FIR ST (Darrington High School)","1","100.0000","88101","PM2.5 - Local Conditions","42660","Seattle-Tacoma-Bellevue, WA","53","Washington","061","Snohomish","48.2469","-121.6031"
"04/11/2020","AirNow","530610020","5","3.5","ug/m3 LC","15","DARRINGTON - FIR ST (Darrington High School)","1","100.0000","88101","PM2.5 - Local Conditions","42660","Seattle-Tacoma-Bellevue, WA","53","Washington","061","Snohomish","48.2469","-121.6031"
"04/12/2020","AirNow","530610020","5","2","ug/m3 LC","8","DARRINGTON - FIR ST (Darrington High School)","1","100.0000","88101","PM2.5 - Local Conditions","42660","Seattle-Tacoma-Bellevue, WA","53","Washington","061","Snohomish","48.2469","-121.6031"
"04/13/2020","AirNow","530610020","5","2.7","ug/m3 LC","11","DARRINGTON - FIR ST (Darrington High School)","1","100.0000","88101","PM2.5 - Local Conditions","42660","Seattle-Tacoma-Bellevue, WA","53","Washington","061","Snohomish","48.2469","-121.6031"
"04/14/2020","AirNow","530610020","5","4.2","ug/m3 LC","18","DARRINGTON - FIR ST (Darrington High School)","1","100.0000","88101","PM2.5 - Local Conditions","42660","Seattle-Tacoma-Bellevue, WA","53","Washington","061","Snohomish","48.2469","-121.6031"
"04/15/2020","AirNow","530610020","5","3.5","ug/m3 LC","15","DARRINGTON - FIR ST (Darrington High School)","1","100.0000","88101","PM2.5 - Local Conditions","42660","Seattle-Tacoma-Bellevue, WA","53","Washington","061","Snohomish","48.2469","-121.6031"
"04/16/2020","AirNow","530610020","5","1.3","ug/m3 LC","5","DARRINGTON - FIR ST (Darrington High School)","1","100.0000","88101","PM2.5 - Local Conditions","42660","Seattle-Tacoma-Bellevue, WA","53","Washington","061","Snohomish","48.2469","-121.6031"
"04/17/2020","AirNow","530610020","5","4","ug/m3 LC","17","DARRINGTON - FIR ST (Darrington High School)","1","100.0000","88101","PM2.5 - Local Conditions","42660","Seattle-Tacoma-Bellevue, WA","53","Washington","061","Snohomish","48.2469","-121.6031"
"04/18/2020","AirNow","530610020","5","4.9","ug/m3 LC","20","DARRINGTON - FIR ST (Darrington High School)","1","100.0000","88101","PM2.5 - Local Conditions","42660","Seattle-Tacoma-Bellevue, WA","53","Washington","061","Snohomish","48.2469","-121.6031"
"04/19/2020","AirNow","530610020","5","3.3","ug/m3 LC","14","DARRINGTON - FIR ST (Darrington High School)","1","100.0000","88101","PM2.5 - Local Conditions","42660","Seattle-Tacoma-Bellevue, WA","53","Washington","061","Snohomish","48.2469","-121.6031"
"04/20/2020","AirNow","530610020","5","2.5","ug/m3 LC","10","DARRINGTON - FIR ST (Darrington High School)","1","100.0000","88101","PM2.5 - Local Conditions","42660","Seattle-Tacoma-Bellevue, WA","53","Washington","061","Snohomish","48.2469","-121.6031"
"04/21/2020","AirNow","530610020","5","2.9","ug/m3 LC","12","DARRINGTON - FIR ST (Darrington High School)","1","100.0000","88101","PM2.5 - Local Conditions","42660","Seattle-Tacoma-Bellevue, WA","53","Washington","061","Snohomish","48.2469","-121.6031"
"04/22/2020","AirNow","530610020","5","4","ug/m3 LC","17","DARRINGTON - FIR ST (Darrington High School)","1","100.0000","88101","PM2.5 - Local Conditions","42660","Seattle-Tacoma-Bellevue, WA","53","Washington","061","Snohomish","48.2469","-121.6031"
"04/23/2020","AirNow","530610020","5","3.3","ug/m3 LC","14","DARRINGTON - FIR ST (Darrington High School)","1","100.0000","88101","PM2.5 - Local Conditions","42660","Seattle-Tacoma-Bellevue, WA","53","Washington","061","Snohomish","48.2469","-121.6031"
"04/24/2020","AirNow","530610020","5","1","ug/m3 LC","4","DARRINGTON - FIR ST (Darrington High School)","1","100.0000","88101","PM2.5 - Local Conditions","42660","Seattle-Tacoma-Bellevue, WA","53","Washington","061","Snohomish","48.2469","-121.6031"
"04/25/2020","AirNow","530610020","5","4.4","ug/m3 LC","18","DARRINGTON - FIR ST (Darrington High School)","1","100.0000","88101","PM2.5 - Local Conditions","42660","Seattle-Tacoma-Bellevue, WA","53","Washington","061","Snohomish","48.2469","-121.6031"
"04/26/2020","AirNow","530610020","5","3.9","ug/m3 LC","16","DARRINGTON - FIR ST (Darrington High School)","1","100.0000","88101","PM2.5 - Local Conditions","42660","Seattle-Tacoma-Bellevue, WA","53","Washington","061","Snohomish","48.2469","-121.6031"
"04/27/2020","AirNow","530610020","5","2","ug/m3 LC","8","DARRINGTON - FIR ST (Darrington High School)","1","100.0000","88101","PM2.5 - Local Conditions","42660","Seattle-Tacoma-Bellevue, WA","53","Washington","061","Snohomish","48.2469","-121.6031"
"04/28/2020","AirNow","530610020","5","2.7","ug/m3 LC","11","DARRINGTON - FIR ST (Darrington High School)","1","100.0000","88101","PM2.5 - Local Conditions","42660","Seattle-Tacoma-Bellevue, WA","53","Washington","061","Snohomish","48.2469","-121.6031"
"04/29/2020","AirNow","530610020","5","2.2","ug/m3 LC","9","DARRINGTON - FIR ST (Darrington High School)","1","100.0000","88101","PM2.5 - Local Conditions","42660","Seattle-Tacoma-Bellevue, WA","53","Washington","061","Snohomish","48.2469","-121.6031"
"04/30/2020","AirNow","530610020","5","0.1","ug/m3 LC","0","DARRINGTON - FIR ST (Darrington High School)","1","100.0000","88101","PM2.5 - Local Conditions","42660","Seattle-Tacoma-Bellevue, WA","53","Washington","061","Snohomish","48.2469","-121.6031"
"05/01/2020","AirNow","530610020","5","0.5","ug/m3 LC","2","DARRINGTON - FIR ST (Darrington High School)","1","100.0000","88101","PM2.5 - Local Conditions","42660","Seattle-Tacoma-Bellevue, WA","53","Washington","061","Snohomish","48.2469","-121.6031"
"05/02/2020","AirNow","530610020","5","1.7","ug/m3 LC","7","DARRINGTON - FIR ST (Darrington High School)","1","100.0000","88101","PM2.5 - Local Conditions","42660","Seattle-Tacoma-Bellevue, WA","53","Washington","061","Snohomish","48.2469","-121.6031"
"01/01/2020","AirNow","530611007","4","2.4","ug/m3 LC","10","MARYSVILLE - 7TH AVE (Marysville Junior High)","1","100.0000","88502","Acceptable PM2.5 AQI & Speciation Mass","42660","Seattle-Tacoma-Bellevue, WA","53","Washington","061","Snohomish","48.054315","-122.171529"
"01/02/2020","AirNow","530611007","4","1.7","ug/m3 LC","7","MARYSVILLE - 7TH AVE (Marysville Junior High)","1","100.0000","88502","Acceptable PM2.5 AQI & Speciation Mass","42660","Seattle-Tacoma-Bellevue, WA","53","Washington","061","Snohomish","48.054315","-122.171529"
"01/03/2020","AirNow","530611007","4","1.4","ug/m3 LC","6","MARYSVILLE - 7TH AVE (Marysville Junior High)","1","100.0000","88502","Acceptable PM2.5 AQI & Speciation Mass","42660","Seattle-Tacoma-Bellevue, WA","53","Washington","061","Snohomish","48.054315","-122.171529"
"01/04/2020","AirNow","530611007","4","1.8","ug/m3 LC","8","MARYSVILLE - 7TH AVE (Marysville Junior High)","1","100.0000","88502","Acceptable PM2.5 AQI & Speciation Mass","42660","Seattle-Tacoma-Bellevue, WA","53","Washington","061","Snohomish","48.054315","-122.171529"
"01/05/2020","AirNow","530611007","4","2.8","ug/m3 LC","12","MARYSVILLE - 7TH AVE (Marysville Junior High)","1","100.0000","88502","Acceptable PM2.5 AQI & Speciation Mass","42660","Seattle-Tacoma-Bellevue, WA","53","Washington","061","Snohomish","48.054315","-122.171529"
"01/06/2020","AirNow","530611007","4","1.1","ug/m3 LC","5","MARYSVILLE - 7TH AVE (Marysville Junior High)","1","100.0000","88502","Acceptable PM2.5 AQI & Speciation Mass","42660","Seattle-Tacoma-Bellevue, WA","53","Washington","061","Snohomish","48.054315","-122.171529"
"01/07/2020","AirNow","530611007","4","0.8","ug/m3 LC","3","MARYSVILLE - 7TH AVE (Marysville Junior High)","1","100.0000","88502","Acceptable PM2.5 AQI & Speciation Mass","42660","Seattle-Tacoma-Bellevue, WA","53","Washington","061","Snohomish","48.054315","-122.171529"
"01/08/2020","AirNow","530611007","4","4.1","ug/m3 LC","17","MARYSVILLE - 7TH AVE (Marysville Junior High)","1","100.0000","88502","Acceptable PM2.5 AQI & Speciation Mass","42660","Seattle-Tacoma-Bellevue, WA","53","Washington","061","Snohomish","48.054315","-122.171529"
"01/09/2020","AirNow","530611007","4","7.3","ug/m3 LC","30","MARYSVILLE - 7TH AVE (Marysville Junior High)","1","100.0000","88502","Acceptable PM2.5 AQI & Speciation Mass","42660","Seattle-Tacoma-Bellevue, WA","53","Washington","061","Snohomish","48.054315","-122.171529"
"01/10/2020","AirNow","530611007","4","1.3","ug/m3 LC","5","MARYSVILLE - 7TH AVE (Marysville Junior High)","1","100.0000","88502","Acceptable PM2.5 AQI & Speciation Mass","42660","Seattle-Tacoma-Bellevue, WA","53","Washington","061","Snohomish","48.054315","-122.171529"
"01/11/2020","AirNow","530611007","4","2.5","ug/m3 LC","10","MARYSVILLE - 7TH AVE (Marysville Junior High)","1","100.0000","88502","Acceptable PM2.5 AQI & Speciation Mass","42660","Seattle-Tacoma-Bellevue, WA","53","Washington","061","Snohomish","48.054315","-122.171529"
"01/12/2020","AirNow","530611007","4","2.6","ug/m3 LC","11","MARYSVILLE - 7TH AVE (Marysville Junior High)","1","100.0000","88502","Acceptable PM2.5 AQI & Speciation Mass","42660","Seattle-Tacoma-Bellevue, WA","53","Washington","061","Snohomish","48.054315","-122.171529"
"01/13/2020","AirNow","530611007","4","5.6","ug/m3 LC","23","MARYSVILLE - 7TH AVE (Marysville Junior High)","1","100.0000","88502","Acceptable PM2.5 AQI & Speciation Mass","42660","Seattle-Tacoma-Bellevue, WA","53","Washington","061","Snohomish","48.054315","-122.171529"
"01/14/2020","AirNow","530611007","4","4.2","ug/m3 LC","18","MARYSVILLE - 7TH AVE (Marysville Junior High)","1","100.0000","88502","Acceptable PM2.5 AQI & Speciation Mass","42660","Seattle-Tacoma-Bellevue, WA","53","Washington","061","Snohomish","48.054315","-122.171529"
"01/15/2020","AirNow","530611007","4","1.5","ug/m3 LC","6","MARYSVILLE - 7TH AVE (Marysville Junior High)","1","100.0000","88502","Acceptable PM2.5 AQI & Speciation Mass","42660","Seattle-Tacoma-Bellevue, WA","53","Washington","061","Snohomish","48.054315","-122.171529"
"01/16/2020","AirNow","530611007","4","5.6","ug/m3 LC","23","MARYSVILLE - 7TH AVE (Marysville Junior High)","1","100.0000","88502","Acceptable PM2.5 AQI & Speciation Mass","42660","Seattle-Tacoma-Bellevue, WA","53","Washington","061","Snohomish","48.054315","-122.171529"
"01/17/2020","AirNow","530611007","4","6.8","ug/m3 LC","28","MARYSVILLE - 7TH AVE (Marysville Junior High)","1","100.0000","88502","Acceptable PM2.5 AQI & Speciation Mass","42660","Seattle-Tacoma-Bellevue, WA","53","Washington","061","Snohomish","48.054315","-122.171529"
"01/18/2020","AirNow","530611007","4","1.5","ug/m3 LC","6","MARYSVILLE - 7TH AVE (Marysville Junior High)","1","100.0000","88502","Acceptable PM2.5 AQI & Speciation Mass","42660","Seattle-Tacoma-Bellevue, WA","53","Washington","061","Snohomish","48.054315","-122.171529"
"01/19/2020","AirNow","530611007","4","5.3","ug/m3 LC","22","MARYSVILLE - 7TH AVE (Marysville Junior High)","1","100.0000","88502","Acceptable PM2.5 AQI & Speciation Mass","42660","Seattle-Tacoma-Bellevue, WA","53","Washington","061","Snohomish","48.054315","-122.171529"
"01/20/2020","AirNow","530611007","4","6.9","ug/m3 LC","29","MARYSVILLE - 7TH AVE (Marysville Junior High)","1","100.0000","88502","Acceptable PM2.5 AQI & Speciation Mass","42660","Seattle-Tacoma-Bellevue, WA","53","Washington","061","Snohomish","48.054315","-122.171529"
"01/21/2020","AirNow","530611007","4","2.6","ug/m3 LC","11","MARYSVILLE - 7TH AVE (Marysville Junior High)","1","100.0000","88502","Acceptable PM2.5 AQI & Speciation Mass","42660","Seattle-Tacoma-Bellevue, WA","53","Washington","061","Snohomish","48.054315","-122.171529"
"01/22/2020","AirNow","530611007","4","1.7","ug/m3 LC","7","MARYSVILLE - 7TH AVE (Marysville Junior High)","1","100.0000","88502","Acceptable PM2.5 AQI & Speciation Mass","42660","Seattle-Tacoma-Bellevue, WA","53","Washington","061","Snohomish","48.054315","-122.171529"
"01/23/2020","AirNow","530611007","4","0.9","ug/m3 LC","4","MARYSVILLE - 7TH AVE (Marysville Junior High)","1","100.0000","88502","Acceptable PM2.5 AQI & Speciation Mass","42660","Seattle-Tacoma-Bellevue, WA","53","Washington","061","Snohomish","48.054315","-122.171529"
"01/24/2020","AirNow","530611007","4","1.3","ug/m3 LC","5","MARYSVILLE - 7TH AVE (Marysville Junior High)","1","100.0000","88502","Acceptable PM2.5 AQI & Speciation Mass","42660","Seattle-Tacoma-Bellevue, WA","53","Washington","061","Snohomish","48.054315","-122.171529"
"01/25/2020","AirNow","530611007","4","3.7","ug/m3 LC","15","MARYSVILLE - 7TH AVE (Marysville Junior High)","1","100.0000","88502","Acceptable PM2.5 AQI & Speciation Mass","42660","Seattle-Tacoma-Bellevue, WA","53","Washington","061","Snohomish","48.054315","-122.171529"
"01/26/2020","AirNow","530611007","4","1.9","ug/m3 LC","8","MARYSVILLE - 7TH AVE (Marysville Junior High)","1","100.0000","88502","Acceptable PM2.5 AQI & Speciation Mass","42660","Seattle-Tacoma-Bellevue, WA","53","Washington","061","Snohomish","48.054315","-122.171529"
"01/27/2020","AirNow","530611007","4","1.7","ug/m3 LC","7","MARYSVILLE - 7TH AVE (Marysville Junior High)","1","100.0000","88502","Acceptable PM2.5 AQI & Speciation Mass","42660","Seattle-Tacoma-Bellevue, WA","53","Washington","061","Snohomish","48.054315","-122.171529"
"01/28/2020","AirNow","530611007","4","2.1","ug/m3 LC","9","MARYSVILLE - 7TH AVE (Marysville Junior High)","1","100.0000","88502","Acceptable PM2.5 AQI & Speciation Mass","42660","Seattle-Tacoma-Bellevue, WA","53","Washington","061","Snohomish","48.054315","-122.171529"
"01/29/2020","AirNow","530611007","4","4.5","ug/m3 LC","19","MARYSVILLE - 7TH AVE (Marysville Junior High)","1","100.0000","88502","Acceptable PM2.5 AQI & Speciation Mass","42660","Seattle-Tacoma-Bellevue, WA","53","Washington","061","Snohomish","48.054315","-122.171529"
"01/30/2020","AirNow","530611007","4","4","ug/m3 LC","17","MARYSVILLE - 7TH AVE (Marysville Junior High)","1","100.0000","88502","Acceptable PM2.5 AQI & Speciation Mass","42660","Seattle-Tacoma-Bellevue, WA","53","Washington","061","Snohomish","48.054315","-122.171529"
"01/31/2020","AirNow","530611007","4","0.9","ug/m3 LC","4","MARYSVILLE - 7TH AVE (Marysville Junior High)","1","100.0000","88502","Acceptable PM2.5 AQI & Speciation Mass","42660","Seattle-Tacoma-Bellevue, WA","53","Washington","061","Snohomish","48.054315","-122.171529"
"02/01/2020","AirNow","530611007","4","2.7","ug/m3 LC","11","MARYSVILLE - 7TH AVE (Marysville Junior High)","1","100.0000","88502","Acceptable PM2.5 AQI & Speciation Mass","42660","Seattle-Tacoma-Bellevue, WA","53","Washington","061","Snohomish","48.054315","-122.171529"
"02/02/2020","AirNow","530611007","4","7.9","ug/m3 LC","33","MARYSVILLE - 7TH AVE (Marysville Junior High)","1","100.0000","88502","Acceptable PM2.5 AQI & Speciation Mass","42660","Seattle-Tacoma-Bellevue, WA","53","Washington","061","Snohomish","48.054315","-122.171529"
"02/03/2020","AirNow","530611007","4","9.1","ug/m3 LC","38","MARYSVILLE - 7TH AVE (Marysville Junior High)","1","100.0000","88502","Acceptable PM2.5 AQI & Speciation Mass","42660","Seattle-Tacoma-Bellevue, WA","53","Washington","061","Snohomish","48.054315","-122.171529"
"02/04/2020","AirNow","530611007","4","5.6","ug/m3 LC","23","MARYSVILLE - 7TH AVE (Marysville Junior High)","1","100.0000","88502","Acceptable PM2.5 AQI & Speciation Mass","42660","Seattle-Tacoma-Bellevue, WA","53","Washington","061","Snohomish","48.054315","-122.171529"
"02/05/2020","AirNow","530611007","4","3.4","ug/m3 LC","14","MARYSVILLE - 7TH AVE (Marysville Junior High)","1","100.0000","88502","Acceptable PM2.5 AQI & Speciation Mass","42660","Seattle-Tacoma-Bellevue, WA","53","Washington","061","Snohomish","48.054315","-122.171529"
"02/06/2020","AirNow","530611007","4","3.4","ug/m3 LC","14","MARYSVILLE - 7TH AVE (Marysville Junior High)","1","100.0000","88502","Acceptable PM2.5 AQI & Speciation Mass","42660","Seattle-Tacoma-Bellevue, WA","53","Washington","061","Snohomish","48.054315","-122.171529"
"02/07/2020","AirNow","530611007","4","2.7","ug/m3 LC","11","MARYSVILLE - 7TH AVE (Marysville Junior High)","1","100.0000","88502","Acceptable PM2.5 AQI & Speciation Mass","42660","Seattle-Tacoma-Bellevue, WA","53","Washington","061","Snohomish","48.054315","-122.171529"
"02/08/2020","AirNow","530611007","4","5","ug/m3 LC","21","MARYSVILLE - 7TH AVE (Marysville Junior High)","1","100.0000","88502","Acceptable PM2.5 AQI & Speciation Mass","42660","Seattle-Tacoma-Bellevue, WA","53","Washington","061","Snohomish","48.054315","-122.171529"
"02/09/2020","AirNow","530611007","4","9.6","ug/m3 LC","40","MARYSVILLE - 7TH AVE (Marysville Junior High)","1","100.0000","88502","Acceptable PM2.5 AQI & Speciation Mass","42660","Seattle-Tacoma-Bellevue, WA","53","Washington","061","Snohomish","48.054315","-122.171529"
"02/10/2020","AirNow","530611007","4","11.9","ug/m3 LC","50","MARYSVILLE - 7TH AVE (Marysville Junior High)","1","100.0000","88502","Acceptable PM2.5 AQI & Speciation Mass","42660","Seattle-Tacoma-Bellevue, WA","53","Washington","061","Snohomish","48.054315","-122.171529"
"02/11/2020","AirNow","530611007","4","10.1","ug/m3 LC","42","MARYSVILLE - 7TH AVE (Marysville Junior High)","1","100.0000","88502","Acceptable PM2.5 AQI & Speciation Mass","42660","Seattle-Tacoma-Bellevue, WA","53","Washington","061","Snohomish","48.054315","-122.171529"
"02/12/2020","AirNow","530611007","4","9.3","ug/m3 LC","39","MARYSVILLE - 7TH AVE (Marysville Junior High)","1","100.0000","88502","Acceptable PM2.5 AQI & Speciation Mass","42660","Seattle-Tacoma-Bellevue, WA","53","Washington","061","Snohomish","48.054315","-122.171529"
"02/13/2020","AirNow","530611007","4","5.4","ug/m3 LC","23","MARYSVILLE - 7TH AVE (Marysville Junior High)","1","100.0000","88502","Acceptable PM2.5 AQI & Speciation Mass","42660","Seattle-Tacoma-Bellevue, WA","53","Washington","061","Snohomish","48.054315","-122.171529"
"02/14/2020","AirNow","530611007","4","2.8","ug/m3 LC","12","MARYSVILLE - 7TH AVE (Marysville Junior High)","1","100.0000","88502","Acceptable PM2.5 AQI & Speciation Mass","42660","Seattle-Tacoma-Bellevue, WA","53","Washington","061","Snohomish","48.054315","-122.171529"
"02/15/2020","AirNow","530611007","4","2.5","ug/m3 LC","10","MARYSVILLE - 7TH AVE (Marysville Junior High)","1","100.0000","88502","Acceptable PM2.5 AQI & Speciation Mass","42660","Seattle-Tacoma-Bellevue, WA","53","Washington","061","Snohomish","48.054315","-122.171529"
"02/16/2020","AirNow","530611007","4","3.3","ug/m3 LC","14","MARYSVILLE - 7TH AVE (Marysville Junior High)","1","100.0000","88502","Acceptable PM2.5 AQI & Speciation Mass","42660","Seattle-Tacoma-Bellevue, WA","53","Washington","061","Snohomish","48.054315","-122.171529"
"02/17/2020","AirNow","530611007","4","5","ug/m3 LC","21","MARYSVILLE - 7TH AVE (Marysville Junior High)","1","100.0000","88502","Acceptable PM2.5 AQI & Speciation Mass","42660","Seattle-Tacoma-Bellevue, WA","53","Washington","061","Snohomish","48.054315","-122.171529"
"02/18/2020","AirNow","530611007","4","9.2","ug/m3 LC","38","MARYSVILLE - 7TH AVE (Marysville Junior High)","1","100.0000","88502","Acceptable PM2.5 AQI & Speciation Mass","42660","Seattle-Tacoma-Bellevue, WA","53","Washington","061","Snohomish","48.054315","-122.171529"
"02/19/2020","AirNow","530611007","4","9.4","ug/m3 LC","39","MARYSVILLE - 7TH AVE (Marysville Junior High)","1","100.0000","88502","Acceptable PM2.5 AQI & Speciation Mass","42660","Seattle-Tacoma-Bellevue, WA","53","Washington","061","Snohomish","48.054315","-122.171529"
"02/20/2020","AirNow","530611007","4","12.2","ug/m3 LC","51","MARYSVILLE - 7TH AVE (Marysville Junior High)","1","100.0000","88502","Acceptable PM2.5 AQI & Speciation Mass","42660","Seattle-Tacoma-Bellevue, WA","53","Washington","061","Snohomish","48.054315","-122.171529"
"02/21/2020","AirNow","530611007","4","14.8","ug/m3 LC","57","MARYSVILLE - 7TH AVE (Marysville Junior High)","1","100.0000","88502","Acceptable PM2.5 AQI & Speciation Mass","42660","Seattle-Tacoma-Bellevue, WA","53","Washington","061","Snohomish","48.054315","-122.171529"
"02/22/2020","AirNow","530611007","4","8.2","ug/m3 LC","34","MARYSVILLE - 7TH AVE (Marysville Junior High)","1","100.0000","88502","Acceptable PM2.5 AQI & Speciation Mass","42660","Seattle-Tacoma-Bellevue, WA","53","Washington","061","Snohomish","48.054315","-122.171529"
"02/23/2020","AirNow","530611007","4","1.7","ug/m3 LC","7","MARYSVILLE - 7TH AVE (Marysville Junior High)","1","100.0000","88502","Acceptable PM2.5 AQI & Speciation Mass","42660","Seattle-Tacoma-Bellevue, WA","53","Washington","061","Snohomish","48.054315","-122.171529"
"02/24/2020","AirNow","530611007","4","4.5","ug/m3 LC","19","MARYSVILLE - 7TH AVE (Marysville Junior High)","1","100.0000","88502","Acceptable PM2.5 AQI & Speciation Mass","42660","Seattle-Tacoma-Bellevue, WA","53","Washington","061","Snohomish","48.054315","-122.171529"
"02/25/2020","AirNow","530611007","4","5.9","ug/m3 LC","25","MARYSVILLE - 7TH AVE (Marysville Junior High)","1","100.0000","88502","Acceptable PM2.5 AQI & Speciation Mass","42660","Seattle-Tacoma-Bellevue, WA","53","Washington","061","Snohomish","48.054315","-122.171529"
"02/26/2020","AirNow","530611007","4","6.8","ug/m3 LC","28","MARYSVILLE - 7TH AVE (Marysville Junior High)","1","100.0000","88502","Acceptable PM2.5 AQI & Speciation Mass","42660","Seattle-Tacoma-Bellevue, WA","53","Washington","061","Snohomish","48.054315","-122.171529"
"02/27/2020","AirNow","530611007","4","5.8","ug/m3 LC","24","MARYSVILLE - 7TH AVE (Marysville Junior High)","1","100.0000","88502","Acceptable PM2.5 AQI & Speciation Mass","42660","Seattle-Tacoma-Bellevue, WA","53","Washington","061","Snohomish","48.054315","-122.171529"
"02/28/2020","AirNow","530611007","4","6.9","ug/m3 LC","29","MARYSVILLE - 7TH AVE (Marysville Junior High)","1","100.0000","88502","Acceptable PM2.5 AQI & Speciation Mass","42660","Seattle-Tacoma-Bellevue, WA","53","Washington","061","Snohomish","48.054315","-122.171529"
"02/29/2020","AirNow","530611007","4","3.8","ug/m3 LC","16","MARYSVILLE - 7TH AVE (Marysville Junior High)","1","100.0000","88502","Acceptable PM2.5 AQI & Speciation Mass","42660","Seattle-Tacoma-Bellevue, WA","53","Washington","061","Snohomish","48.054315","-122.171529"
"03/01/2020","AirNow","530611007","4","6","ug/m3 LC","25","MARYSVILLE - 7TH AVE (Marysville Junior High)","1","100.0000","88502","Acceptable PM2.5 AQI & Speciation Mass","42660","Seattle-Tacoma-Bellevue, WA","53","Washington","061","Snohomish","48.054315","-122.171529"
"03/02/2020","AirNow","530611007","4","2.2","ug/m3 LC","9","MARYSVILLE - 7TH AVE (Marysville Junior High)","1","100.0000","88502","Acceptable PM2.5 AQI & Speciation Mass","42660","Seattle-Tacoma-Bellevue, WA","53","Washington","061","Snohomish","48.054315","-122.171529"
"03/03/2020","AirNow","530611007","4","1.3","ug/m3 LC","5","MARYSVILLE - 7TH AVE (Marysville Junior High)","1","100.0000","88502","Acceptable PM2.5 AQI & Speciation Mass","42660","Seattle-Tacoma-Bellevue, WA","53","Washington","061","Snohomish","48.054315","-122.171529"
"03/04/2020","AirNow","530611007","4","5.4","ug/m3 LC","23","MARYSVILLE - 7TH AVE (Marysville Junior High)","1","100.0000","88502","Acceptable PM2.5 AQI & Speciation Mass","42660","Seattle-Tacoma-Bellevue, WA","53","Washington","061","Snohomish","48.054315","-122.171529"
"03/05/2020","AirNow","530611007","4","3.6","ug/m3 LC","15","MARYSVILLE - 7TH AVE (Marysville Junior High)","1","100.0000","88502","Acceptable PM2.5 AQI & Speciation Mass","42660","Seattle-Tacoma-Bellevue, WA","53","Washington","061","Snohomish","48.054315","-122.171529"
"03/06/2020","AirNow","530611007","4","3.4","ug/m3 LC","14","MARYSVILLE - 7TH AVE (Marysville Junior High)","1","100.0000","88502","Acceptable PM2.5 AQI & Speciation Mass","42660","Seattle-Tacoma-Bellevue, WA","53","Washington","061","Snohomish","48.054315","-122.171529"
"03/07/2020","AirNow","530611007","4","5.4","ug/m3 LC","23","MARYSVILLE - 7TH AVE (Marysville Junior High)","1","100.0000","88502","Acceptable PM2.5 AQI & Speciation Mass","42660","Seattle-Tacoma-Bellevue, WA","53","Washington","061","Snohomish","48.054315","-122.171529"
"03/08/2020","AirNow","530611007","4","6.5","ug/m3 LC","27","MARYSVILLE - 7TH AVE (Marysville Junior High)","1","100.0000","88502","Acceptable PM2.5 AQI & Speciation Mass","42660","Seattle-Tacoma-Bellevue, WA","53","Washington","061","Snohomish","48.054315","-122.171529"
"03/09/2020","AirNow","530611007","4","8.5","ug/m3 LC","35","MARYSVILLE - 7TH AVE (Marysville Junior High)","1","100.0000","88502","Acceptable PM2.5 AQI & Speciation Mass","42660","Seattle-Tacoma-Bellevue, WA","53","Washington","061","Snohomish","48.054315","-122.171529"
"03/10/2020","AirNow","530611007","4","5.9","ug/m3 LC","25","MARYSVILLE - 7TH AVE (Marysville Junior High)","1","100.0000","88502","Acceptable PM2.5 AQI & Speciation Mass","42660","Seattle-Tacoma-Bellevue, WA","53","Washington","061","Snohomish","48.054315","-122.171529"
"03/11/2020","AirNow","530611007","4","3.3","ug/m3 LC","14","MARYSVILLE - 7TH AVE (Marysville Junior High)","1","100.0000","88502","Acceptable PM2.5 AQI & Speciation Mass","42660","Seattle-Tacoma-Bellevue, WA","53","Washington","061","Snohomish","48.054315","-122.171529"
"03/12/2020","AirNow","530611007","4","5.7","ug/m3 LC","24","MARYSVILLE - 7TH AVE (Marysville Junior High)","1","100.0000","88502","Acceptable PM2.5 AQI & Speciation Mass","42660","Seattle-Tacoma-Bellevue, WA","53","Washington","061","Snohomish","48.054315","-122.171529"
"03/13/2020","AirNow","530611007","4","4.3","ug/m3 LC","18","MARYSVILLE - 7TH AVE (Marysville Junior High)","1","100.0000","88502","Acceptable PM2.5 AQI & Speciation Mass","42660","Seattle-Tacoma-Bellevue, WA","53","Washington","061","Snohomish","48.054315","-122.171529"
"03/14/2020","AirNow","530611007","4","8.6","ug/m3 LC","36","MARYSVILLE - 7TH AVE (Marysville Junior High)","1","100.0000","88502","Acceptable PM2.5 AQI & Speciation Mass","42660","Seattle-Tacoma-Bellevue, WA","53","Washington","061","Snohomish","48.054315","-122.171529"
"03/15/2020","AirNow","530611007","4","9.9","ug/m3 LC","41","MARYSVILLE - 7TH AVE (Marysville Junior High)","1","100.0000","88502","Acceptable PM2.5 AQI & Speciation Mass","42660","Seattle-Tacoma-Bellevue, WA","53","Washington","061","Snohomish","48.054315","-122.171529"
"03/16/2020","AirNow","530611007","4","13.1","ug/m3 LC","53","MARYSVILLE - 7TH AVE (Marysville Junior High)","1","100.0000","88502","Acceptable PM2.5 AQI & Speciation Mass","42660","Seattle-Tacoma-Bellevue, WA","53","Washington","061","Snohomish","48.054315","-122.171529"
"03/17/2020","AirNow","530611007","4","13.3","ug/m3 LC","54","MARYSVILLE - 7TH AVE (Marysville Junior High)","1","100.0000","88502","Acceptable PM2.5 AQI & Speciation Mass","42660","Seattle-Tacoma-Bellevue, WA","53","Washington","061","Snohomish","48.054315","-122.171529"
"03/18/2020","AirNow","530611007","4","14.4","ug/m3 LC","56","MARYSVILLE - 7TH AVE (Marysville Junior High)","1","100.0000","88502","Acceptable PM2.5 AQI & Speciation Mass","42660","Seattle-Tacoma-Bellevue, WA","53","Washington","061","Snohomish","48.054315","-122.171529"
"03/19/2020","AirNow","530611007","4","15","ug/m3 LC","57","MARYSVILLE - 7TH AVE (Marysville Junior High)","1","100.0000","88502","Acceptable PM2.5 AQI & Speciation Mass","42660","Seattle-Tacoma-Bellevue, WA","53","Washington","061","Snohomish","48.054315","-122.171529"
"03/20/2020","AirNow","530611007","4","12.6","ug/m3 LC","52","MARYSVILLE - 7TH AVE (Marysville Junior High)","1","100.0000","88502","Acceptable PM2.5 AQI & Speciation Mass","42660","Seattle-Tacoma-Bellevue, WA","53","Washington","061","Snohomish","48.054315","-122.171529"
"03/21/2020","AirNow","530611007","4","17.4","ug/m3 LC","62","MARYSVILLE - 7TH AVE (Marysville Junior High)","1","100.0000","88502","Acceptable PM2.5 AQI & Speciation Mass","42660","Seattle-Tacoma-Bellevue, WA","53","Washington","061","Snohomish","48.054315","-122.171529"
"03/22/2020","AirNow","530611007","4","17","ug/m3 LC","61","MARYSVILLE - 7TH AVE (Marysville Junior High)","1","100.0000","88502","Acceptable PM2.5 AQI & Speciation Mass","42660","Seattle-Tacoma-Bellevue, WA","53","Washington","061","Snohomish","48.054315","-122.171529"
"03/23/2020","AirNow","530611007","4","1.8","ug/m3 LC","8","MARYSVILLE - 7TH AVE (Marysville Junior High)","1","100.0000","88502","Acceptable PM2.5 AQI & Speciation Mass","42660","Seattle-Tacoma-Bellevue, WA","53","Washington","061","Snohomish","48.054315","-122.171529"
"03/24/2020","AirNow","530611007","4","1.7","ug/m3 LC","7","MARYSVILLE - 7TH AVE (Marysville Junior High)","1","100.0000","88502","Acceptable PM2.5 AQI & Speciation Mass","42660","Seattle-Tacoma-Bellevue, WA","53","Washington","061","Snohomish","48.054315","-122.171529"
"03/25/2020","AirNow","530611007","4","4.6","ug/m3 LC","19","MARYSVILLE - 7TH AVE (Marysville Junior High)","1","100.0000","88502","Acceptable PM2.5 AQI & Speciation Mass","42660","Seattle-Tacoma-Bellevue, WA","53","Washington","061","Snohomish","48.054315","-122.171529"
"03/26/2020","AirNow","530611007","4","5.6","ug/m3 LC","23","MARYSVILLE - 7TH AVE (Marysville Junior High)","1","100.0000","88502","Acceptable PM2.5 AQI & Speciation Mass","42660","Seattle-Tacoma-Bellevue, WA","53","Washington","061","Snohomish","48.054315","-122.171529"
"03/27/2020","AirNow","530611007","4","4.5","ug/m3 LC","19","MARYSVILLE - 7TH AVE (Marysville Junior High)","1","100.0000","88502","Acceptable PM2.5 AQI & Speciation Mass","42660","Seattle-Tacoma-Bellevue, WA","53","Washington","061","Snohomish","48.054315","-122.171529"
"03/28/2020","AirNow","530611007","4","1.1","ug/m3 LC","5","MARYSVILLE - 7TH AVE (Marysville Junior High)","1","100.0000","88502","Acceptable PM2.5 AQI & Speciation Mass","42660","Seattle-Tacoma-Bellevue, WA","53","Washington","061","Snohomish","48.054315","-122.171529"
"03/29/2020","AirNow","530611007","4","0.9","ug/m3 LC","4","MARYSVILLE - 7TH AVE (Marysville Junior High)","1","100.0000","88502","Acceptable PM2.5 AQI & Speciation Mass","42660","Seattle-Tacoma-Bellevue, WA","53","Washington","061","Snohomish","48.054315","-122.171529"
"03/30/2020","AirNow","530611007","4","1.3","ug/m3 LC","5","MARYSVILLE - 7TH AVE (Marysville Junior High)","1","100.0000","88502","Acceptable PM2.5 AQI & Speciation Mass","42660","Seattle-Tacoma-Bellevue, WA","53","Washington","061","Snohomish","48.054315","-122.171529"
"03/31/2020","AirNow","530611007","4","1.5","ug/m3 LC","6","MARYSVILLE - 7TH AVE (Marysville Junior High)","1","100.0000","88502","Acceptable PM2.5 AQI & Speciation Mass","42660","Seattle-Tacoma-Bellevue, WA","53","Washington","061","Snohomish","48.054315","-122.171529"
"04/01/2020","AirNow","530611007","4","3.9","ug/m3 LC","16","MARYSVILLE - 7TH AVE (Marysville Junior High)","1","100.0000","88502","Acceptable PM2.5 AQI & Speciation Mass","42660","Seattle-Tacoma-Bellevue, WA","53","Washington","061","Snohomish","48.054315","-122.171529"
"04/02/2020","AirNow","530611007","4","4.7","ug/m3 LC","20","MARYSVILLE - 7TH AVE (Marysville Junior High)","1","100.0000","88502","Acceptable PM2.5 AQI & Speciation Mass","42660","Seattle-Tacoma-Bellevue, WA","53","Washington","061","Snohomish","48.054315","-122.171529"
"04/03/2020","AirNow","530611007","4","2.1","ug/m3 LC","9","MARYSVILLE - 7TH AVE (Marysville Junior High)","1","100.0000","88502","Acceptable PM2.5 AQI & Speciation Mass","42660","Seattle-Tacoma-Bellevue, WA","53","Washington","061","Snohomish","48.054315","-122.171529"
"04/04/2020","AirNow","530611007","4","4.1","ug/m3 LC","17","MARYSVILLE - 7TH AVE (Marysville Junior High)","1","100.0000","88502","Acceptable PM2.5 AQI & Speciation Mass","42660","Seattle-Tacoma-Bellevue, WA","53","Washington","061","Snohomish","48.054315","-122.171529"
"04/05/2020","AirNow","530611007","4","4","ug/m3 LC","17","MARYSVILLE - 7TH AVE (Marysville Junior High)","1","100.0000","88502","Acceptable PM2.5 AQI & Speciation Mass","42660","Seattle-Tacoma-Bellevue, WA","53","Washington","061","Snohomish","48.054315","-122.171529"
"04/06/2020","AirNow","530611007","4","4.7","ug/m3 LC","20","MARYSVILLE - 7TH AVE (Marysville Junior High)","1","100.0000","88502","Acceptable PM2.5 AQI & Speciation Mass","42660","Seattle-Tacoma-Bellevue, WA","53","Washington","061","Snohomish","48.054315","-122.171529"
"04/07/2020","AirNow","530611007","4","8.3","ug/m3 LC","35","MARYSVILLE - 7TH AVE (Marysville Junior High)","1","100.0000","88502","Acceptable PM2.5 AQI & Speciation Mass","42660","Seattle-Tacoma-Bellevue, WA","53","Washington","061","Snohomish","48.054315","-122.171529"
"04/08/2020","AirNow","530611007","4","10.8","ug/m3 LC","45","MARYSVILLE - 7TH AVE (Marysville Junior High)","1","100.0000","88502","Acceptable PM2.5 AQI & Speciation Mass","42660","Seattle-Tacoma-Bellevue, WA","53","Washington","061","Snohomish","48.054315","-122.171529"
"04/09/2020","AirNow","530611007","4","10","ug/m3 LC","42","MARYSVILLE - 7TH AVE (Marysville Junior High)","1","100.0000","88502","Acceptable PM2.5 AQI & Speciation Mass","42660","Seattle-Tacoma-Bellevue, WA","53","Washington","061","Snohomish","48.054315","-122.171529"
"04/10/2020","AirNow","530611007","4","8.6","ug/m3 LC","36","MARYSVILLE - 7TH AVE (Marysville Junior High)","1","100.0000","88502","Acceptable PM2.5 AQI & Speciation Mass","42660","Seattle-Tacoma-Bellevue, WA","53","Washington","061","Snohomish","48.054315","-122.171529"
"04/11/2020","AirNow","530611007","4","6.2","ug/m3 LC","26","MARYSVILLE - 7TH AVE (Marysville Junior High)","1","100.0000","88502","Acceptable PM2.5 AQI & Speciation Mass","42660","Seattle-Tacoma-Bellevue, WA","53","Washington","061","Snohomish","48.054315","-122.171529"
"04/12/2020","AirNow","530611007","4","6.6","ug/m3 LC","28","MARYSVILLE - 7TH AVE (Marysville Junior High)","1","100.0000","88502","Acceptable PM2.5 AQI & Speciation Mass","42660","Seattle-Tacoma-Bellevue, WA","53","Washington","061","Snohomish","48.054315","-122.171529"
"04/13/2020","AirNow","530611007","4","5.3","ug/m3 LC","22","MARYSVILLE - 7TH AVE (Marysville Junior High)","1","100.0000","88502","Acceptable PM2.5 AQI & Speciation Mass","42660","Seattle-Tacoma-Bellevue, WA","53","Washington","061","Snohomish","48.054315","-122.171529"
"04/14/2020","AirNow","530611007","4","5.8","ug/m3 LC","24","MARYSVILLE - 7TH AVE (Marysville Junior High)","1","100.0000","88502","Acceptable PM2.5 AQI & Speciation Mass","42660","Seattle-Tacoma-Bellevue, WA","53","Washington","061","Snohomish","48.054315","-122.171529"
"04/15/2020","AirNow","530611007","4","3","ug/m3 LC","13","MARYSVILLE - 7TH AVE (Marysville Junior High)","1","100.0000","88502","Acceptable PM2.5 AQI & Speciation Mass","42660","Seattle-Tacoma-Bellevue, WA","53","Washington","061","Snohomish","48.054315","-122.171529"
"04/16/2020","AirNow","530611007","4","5.4","ug/m3 LC","23","MARYSVILLE - 7TH AVE (Marysville Junior High)","1","100.0000","88502","Acceptable PM2.5 AQI & Speciation Mass","42660","Seattle-Tacoma-Bellevue, WA","53","Washington","061","Snohomish","48.054315","-122.171529"
"04/17/2020","AirNow","530611007","4","6.1","ug/m3 LC","25","MARYSVILLE - 7TH AVE (Marysville Junior High)","1","100.0000","88502","Acceptable PM2.5 AQI & Speciation Mass","42660","Seattle-Tacoma-Bellevue, WA","53","Washington","061","Snohomish","48.054315","-122.171529"
"04/18/2020","AirNow","530611007","4","6.1","ug/m3 LC","25","MARYSVILLE - 7TH AVE (Marysville Junior High)","1","100.0000","88502","Acceptable PM2.5 AQI & Speciation Mass","42660","Seattle-Tacoma-Bellevue, WA","53","Washington","061","Snohomish","48.054315","-122.171529"
"04/19/2020","AirNow","530611007","4","4.6","ug/m3 LC","19","MARYSVILLE - 7TH AVE (Marysville Junior High)","1","100.0000","88502","Acceptable PM2.5 AQI & Speciation Mass","42660","Seattle-Tacoma-Bellevue, WA","53","Washington","061","Snohomish","48.054315","-122.171529"
"04/20/2020","AirNow","530611007","4","4.6","ug/m3 LC","19","MARYSVILLE - 7TH AVE (Marysville Junior High)","1","100.0000","88502","Acceptable PM2.5 AQI & Speciation Mass","42660","Seattle-Tacoma-Bellevue, WA","53","Washington","061","Snohomish","48.054315","-122.171529"
"04/21/2020","AirNow","530611007","4","2.8","ug/m3 LC","12","MARYSVILLE - 7TH AVE (Marysville Junior High)","1","100.0000","88502","Acceptable PM2.5 AQI & Speciation Mass","42660","Seattle-Tacoma-Bellevue, WA","53","Washington","061","Snohomish","48.054315","-122.171529"
"04/22/2020","AirNow","530611007","4","2.8","ug/m3 LC","12","MARYSVILLE - 7TH AVE (Marysville Junior High)","1","100.0000","88502","Acceptable PM2.5 AQI & Speciation Mass","42660","Seattle-Tacoma-Bellevue, WA","53","Washington","061","Snohomish","48.054315","-122.171529"
"04/23/2020","AirNow","530611007","4","3.4","ug/m3 LC","14","MARYSVILLE - 7TH AVE (Marysville Junior High)","1","100.0000","88502","Acceptable PM2.5 AQI & Speciation Mass","42660","Seattle-Tacoma-Bellevue, WA","53","Washington","061","Snohomish","48.054315","-122.171529"
"04/24/2020","AirNow","530611007","4","3.7","ug/m3 LC","15","MARYSVILLE - 7TH AVE (Marysville Junior High)","1","100.0000","88502","Acceptable PM2.5 AQI & Speciation Mass","42660","Seattle-Tacoma-Bellevue, WA","53","Washington","061","Snohomish","48.054315","-122.171529"
"04/25/2020","AirNow","530611007","4","3.3","ug/m3 LC","14","MARYSVILLE - 7TH AVE (Marysville Junior High)","1","100.0000","88502","Acceptable PM2.5 AQI & Speciation Mass","42660","Seattle-Tacoma-Bellevue, WA","53","Washington","061","Snohomish","48.054315","-122.171529"
"04/26/2020","AirNow","530611007","4","4.4","ug/m3 LC","18","MARYSVILLE - 7TH AVE (Marysville Junior High)","1","100.0000","88502","Acceptable PM2.5 AQI & Speciation Mass","42660","Seattle-Tacoma-Bellevue, WA","53","Washington","061","Snohomish","48.054315","-122.171529"
"04/27/2020","AirNow","530611007","4","2.9","ug/m3 LC","12","MARYSVILLE - 7TH AVE (Marysville Junior High)","1","100.0000","88502","Acceptable PM2.5 AQI & Speciation Mass","42660","Seattle-Tacoma-Bellevue, WA","53","Washington","061","Snohomish","48.054315","-122.171529"
"04/28/2020","AirNow","530611007","4","4.8","ug/m3 LC","20","MARYSVILLE - 7TH AVE (Marysville Junior High)","1","100.0000","88502","Acceptable PM2.5 AQI & Speciation Mass","42660","Seattle-Tacoma-Bellevue, WA","53","Washington","061","Snohomish","48.054315","-122.171529"
"04/29/2020","AirNow","530611007","4","3.6","ug/m3 LC","15","MARYSVILLE - 7TH AVE (Marysville Junior High)","1","100.0000","88502","Acceptable PM2.5 AQI & Speciation Mass","42660","Seattle-Tacoma-Bellevue, WA","53","Washington","061","Snohomish","48.054315","-122.171529"
"04/30/2020","AirNow","530611007","4","1.8","ug/m3 LC","8","MARYSVILLE - 7TH AVE (Marysville Junior High)","1","100.0000","88502","Acceptable PM2.5 AQI & Speciation Mass","42660","Seattle-Tacoma-Bellevue, WA","53","Washington","061","Snohomish","48.054315","-122.171529"
"05/01/2020","AirNow","530611007","4","4.6","ug/m3 LC","19","MARYSVILLE - 7TH AVE (Marysville Junior High)","1","100.0000","88502","Acceptable PM2.5 AQI & Speciation Mass","42660","Seattle-Tacoma-Bellevue, WA","53","Washington","061","Snohomish","48.054315","-122.171529"
"05/02/2020","AirNow","530611007","4","3.9","ug/m3 LC","16","MARYSVILLE - 7TH AVE (Marysville Junior High)","1","100.0000","88502","Acceptable PM2.5 AQI & Speciation Mass","42660","Seattle-Tacoma-Bellevue, WA","53","Washington","061","Snohomish","48.054315","-122.171529"
"01/01/2020","AQS","530611007","5","6.2","ug/m3 LC","26","MARYSVILLE - 7TH AVE (Marysville Junior High)","1","100.0000","88101","PM2.5 - Local Conditions","42660","Seattle-Tacoma-Bellevue, WA","53","Washington","061","Snohomish","48.054315","-122.171529"
"01/02/2020","AQS","530611007","5","4.7","ug/m3 LC","20","MARYSVILLE - 7TH AVE (Marysville Junior High)","1","100.0000","88101","PM2.5 - Local Conditions","42660","Seattle-Tacoma-Bellevue, WA","53","Washington","061","Snohomish","48.054315","-122.171529"
"01/03/2020","AQS","530611007","5","3.8","ug/m3 LC","16","MARYSVILLE - 7TH AVE (Marysville Junior High)","1","100.0000","88101","PM2.5 - Local Conditions","42660","Seattle-Tacoma-Bellevue, WA","53","Washington","061","Snohomish","48.054315","-122.171529"
"01/04/2020","AQS","530611007","5","4.7","ug/m3 LC","20","MARYSVILLE - 7TH AVE (Marysville Junior High)","1","100.0000","88101","PM2.5 - Local Conditions","42660","Seattle-Tacoma-Bellevue, WA","53","Washington","061","Snohomish","48.054315","-122.171529"
"01/05/2020","AQS","530611007","5","5.5","ug/m3 LC","23","MARYSVILLE - 7TH AVE (Marysville Junior High)","1","100.0000","88101","PM2.5 - Local Conditions","42660","Seattle-Tacoma-Bellevue, WA","53","Washington","061","Snohomish","48.054315","-122.171529"
"01/06/2020","AQS","530611007","5","3.4","ug/m3 LC","14","MARYSVILLE - 7TH AVE (Marysville Junior High)","1","100.0000","88101","PM2.5 - Local Conditions","42660","Seattle-Tacoma-Bellevue, WA","53","Washington","061","Snohomish","48.054315","-122.171529"
"01/07/2020","AQS","530611007","5","2.7","ug/m3 LC","11","MARYSVILLE - 7TH AVE (Marysville Junior High)","1","100.0000","88101","PM2.5 - Local Conditions","42660","Seattle-Tacoma-Bellevue, WA","53","Washington","061","Snohomish","48.054315","-122.171529"
"01/08/2020","AQS","530611007","5","5.8","ug/m3 LC","24","MARYSVILLE - 7TH AVE (Marysville Junior High)","1","100.0000","88101","PM2.5 - Local Conditions","42660","Seattle-Tacoma-Bellevue, WA","53","Washington","061","Snohomish","48.054315","-122.171529"
"01/09/2020","AQS","530611007","5","9.3","ug/m3 LC","39","MARYSVILLE - 7TH AVE (Marysville Junior High)","1","100.0000","88101","PM2.5 - Local Conditions","42660","Seattle-Tacoma-Bellevue, WA","53","Washington","061","Snohomish","48.054315","-122.171529"
"01/10/2020","AQS","530611007","5","4.1","ug/m3 LC","17","MARYSVILLE - 7TH AVE (Marysville Junior High)","1","100.0000","88101","PM2.5 - Local Conditions","42660","Seattle-Tacoma-Bellevue, WA","53","Washington","061","Snohomish","48.054315","-122.171529"
"01/11/2020","AQS","530611007","5","5.5","ug/m3 LC","23","MARYSVILLE - 7TH AVE (Marysville Junior High)","1","100.0000","88101","PM2.5 - Local Conditions","42660","Seattle-Tacoma-Bellevue, WA","53","Washington","061","Snohomish","48.054315","-122.171529"
"01/12/2020","AQS","530611007","5","5.2","ug/m3 LC","22","MARYSVILLE - 7TH AVE (Marysville Junior High)","1","100.0000","88101","PM2.5 - Local Conditions","42660","Seattle-Tacoma-Bellevue, WA","53","Washington","061","Snohomish","48.054315","-122.171529"
"01/13/2020","AQS","530611007","5","8.4","ug/m3 LC","35","MARYSVILLE - 7TH AVE (Marysville Junior High)","1","100.0000","88101","PM2.5 - Local Conditions","42660","Seattle-Tacoma-Bellevue, WA","53","Washington","061","Snohomish","48.054315","-122.171529"
"01/14/2020","AQS","530611007","5","7.3","ug/m3 LC","30","MARYSVILLE - 7TH AVE (Marysville Junior High)","1","100.0000","88101","PM2.5 - Local Conditions","42660","Seattle-Tacoma-Bellevue, WA","53","Washington","061","Snohomish","48.054315","-122.171529"
"01/15/2020","AQS","530611007","5","4","ug/m3 LC","17","MARYSVILLE - 7TH AVE (Marysville Junior High)","1","100.0000","88101","PM2.5 - Local Conditions","42660","Seattle-Tacoma-Bellevue, WA","53","Washington","061","Snohomish","48.054315","-122.171529"
"01/16/2020","AQS","530611007","5","9.1","ug/m3 LC","38","MARYSVILLE - 7TH AVE (Marysville Junior High)","1","100.0000","88101","PM2.5 - Local Conditions","42660","Seattle-Tacoma-Bellevue, WA","53","Washington","061","Snohomish","48.054315","-122.171529"
"01/17/2020","AQS","530611007","5","8.5","ug/m3 LC","35","MARYSVILLE - 7TH AVE (Marysville Junior High)","1","100.0000","88101","PM2.5 - Local Conditions","42660","Seattle-Tacoma-Bellevue, WA","53","Washington","061","Snohomish","48.054315","-122.171529"
"01/18/2020","AQS","530611007","5","3.1","ug/m3 LC","13","MARYSVILLE - 7TH AVE (Marysville Junior High)","1","100.0000","88101","PM2.5 - Local Conditions","42660","Seattle-Tacoma-Bellevue, WA","53","Washington","061","Snohomish","48.054315","-122.171529"
"01/19/2020","AQS","530611007","5","7.9","ug/m3 LC","33","MARYSVILLE - 7TH AVE (Marysville Junior High)","1","100.0000","88101","PM2.5 - Local Conditions","42660","Seattle-Tacoma-Bellevue, WA","53","Washington","061","Snohomish","48.054315","-122.171529"
"01/20/2020","AQS","530611007","5","10","ug/m3 LC","42","MARYSVILLE - 7TH AVE (Marysville Junior High)","1","100.0000","88101","PM2.5 - Local Conditions","42660","Seattle-Tacoma-Bellevue, WA","53","Washington","061","Snohomish","48.054315","-122.171529"
"01/21/2020","AQS","530611007","5","5.5","ug/m3 LC","23","MARYSVILLE - 7TH AVE (Marysville Junior High)","1","100.0000","88101","PM2.5 - Local Conditions","42660","Seattle-Tacoma-Bellevue, WA","53","Washington","061","Snohomish","48.054315","-122.171529"
"01/22/2020","AQS","530611007","5","4.4","ug/m3 LC","18","MARYSVILLE - 7TH AVE (Marysville Junior High)","1","100.0000","88101","PM2.5 - Local Conditions","42660","Seattle-Tacoma-Bellevue, WA","53","Washington","061","Snohomish","48.054315","-122.171529"
"01/23/2020","AQS","530611007","5","3.2","ug/m3 LC","13","MARYSVILLE - 7TH AVE (Marysville Junior High)","1","100.0000","88101","PM2.5 - Local Conditions","42660","Seattle-Tacoma-Bellevue, WA","53","Washington","061","Snohomish","48.054315","-122.171529"
"01/24/2020","AQS","530611007","5","4.1","ug/m3 LC","17","MARYSVILLE - 7TH AVE (Marysville Junior High)","1","100.0000","88101","PM2.5 - Local Conditions","42660","Seattle-Tacoma-Bellevue, WA","53","Washington","061","Snohomish","48.054315","-122.171529"
"01/25/2020","AQS","530611007","5","6.2","ug/m3 LC","26","MARYSVILLE - 7TH AVE (Marysville Junior High)","1","100.0000","88101","PM2.5 - Local Conditions","42660","Seattle-Tacoma-Bellevue, WA","53","Washington","061","Snohomish","48.054315","-122.171529"
"01/26/2020","AQS","530611007","5","5.2","ug/m3 LC","22","MARYSVILLE - 7TH AVE (Marysville Junior High)","1","100.0000","88101","PM2.5 - Local Conditions","42660","Seattle-Tacoma-Bellevue, WA","53","Washington","061","Snohomish","48.054315","-122.171529"
"01/27/2020","AQS","530611007","5","4.1","ug/m3 LC","17","MARYSVILLE - 7TH AVE (Marysville Junior High)","1","100.0000","88101","PM2.5 - Local Conditions","42660","Seattle-Tacoma-Bellevue, WA","53","Washington","061","Snohomish","48.054315","-122.171529"
"01/28/2020","AQS","530611007","5","5.8","ug/m3 LC","24","MARYSVILLE - 7TH AVE (Marysville Junior High)","1","100.0000","88101","PM2.5 - Local Conditions","42660","Seattle-Tacoma-Bellevue, WA","53","Washington","061","Snohomish","48.054315","-122.171529"
"01/29/2020","AQS","530611007","5","7.2","ug/m3 LC","30","MARYSVILLE - 7TH AVE (Marysville Junior High)","1","100.0000","88101","PM2.5 - Local Conditions","42660","Seattle-Tacoma-Bellevue, WA","53","Washington","061","Snohomish","48.054315","-122.171529"
"01/30/2020","AQS","530611007","5","6.8","ug/m3 LC","28","MARYSVILLE - 7TH AVE (Marysville Junior High)","1","100.0000","88101","PM2.5 - Local Conditions","42660","Seattle-Tacoma-Bellevue, WA","53","Washington","061","Snohomish","48.054315","-122.171529"
"01/31/2020","AQS","530611007","5","2","ug/m3 LC","8","MARYSVILLE - 7TH AVE (Marysville Junior High)","1","100.0000","88101","PM2.5 - Local Conditions","42660","Seattle-Tacoma-Bellevue, WA","53","Washington","061","Snohomish","48.054315","-122.171529"
"02/01/2020","AirNow","530611007","5","5.9","ug/m3 LC","25","MARYSVILLE - 7TH AVE (Marysville Junior High)","1","100.0000","88101","PM2.5 - Local Conditions","42660","Seattle-Tacoma-Bellevue, WA","53","Washington","061","Snohomish","48.054315","-122.171529"
"02/02/2020","AirNow","530611007","5","10.1","ug/m3 LC","42","MARYSVILLE - 7TH AVE (Marysville Junior High)","1","100.0000","88101","PM2.5 - Local Conditions","42660","Seattle-Tacoma-Bellevue, WA","53","Washington","061","Snohomish","48.054315","-122.171529"
"02/03/2020","AirNow","530611007","5","12.7","ug/m3 LC","52","MARYSVILLE - 7TH AVE (Marysville Junior High)","1","100.0000","88101","PM2.5 - Local Conditions","42660","Seattle-Tacoma-Bellevue, WA","53","Washington","061","Snohomish","48.054315","-122.171529"
"02/04/2020","AirNow","530611007","5","8.7","ug/m3 LC","36","MARYSVILLE - 7TH AVE (Marysville Junior High)","1","100.0000","88101","PM2.5 - Local Conditions","42660","Seattle-Tacoma-Bellevue, WA","53","Washington","061","Snohomish","48.054315","-122.171529"
"02/05/2020","AirNow","530611007","5","5.4","ug/m3 LC","23","MARYSVILLE - 7TH AVE (Marysville Junior High)","1","100.0000","88101","PM2.5 - Local Conditions","42660","Seattle-Tacoma-Bellevue, WA","53","Washington","061","Snohomish","48.054315","-122.171529"
"02/06/2020","AirNow","530611007","5","6.1","ug/m3 LC","25","MARYSVILLE - 7TH AVE (Marysville Junior High)","1","100.0000","88101","PM2.5 - Local Conditions","42660","Seattle-Tacoma-Bellevue, WA","53","Washington","061","Snohomish","48.054315","-122.171529"
"02/07/2020","AirNow","530611007","5","5.1","ug/m3 LC","21","MARYSVILLE - 7TH AVE (Marysville Junior High)","1","100.0000","88101","PM2.5 - Local Conditions","42660","Seattle-Tacoma-Bellevue, WA","53","Washington","061","Snohomish","48.054315","-122.171529"
"02/08/2020","AirNow","530611007","5","8.7","ug/m3 LC","36","MARYSVILLE - 7TH AVE (Marysville Junior High)","1","100.0000","88101","PM2.5 - Local Conditions","42660","Seattle-Tacoma-Bellevue, WA","53","Washington","061","Snohomish","48.054315","-122.171529"
"02/09/2020","AirNow","530611007","5","13.3","ug/m3 LC","54","MARYSVILLE - 7TH AVE (Marysville Junior High)","1","100.0000","88101","PM2.5 - Local Conditions","42660","Seattle-Tacoma-Bellevue, WA","53","Washington","061","Snohomish","48.054315","-122.171529"
"02/10/2020","AirNow","530611007","5","15.4","ug/m3 LC","58","MARYSVILLE - 7TH AVE (Marysville Junior High)","1","100.0000","88101","PM2.5 - Local Conditions","42660","Seattle-Tacoma-Bellevue, WA","53","Washington","061","Snohomish","48.054315","-122.171529"
"02/11/2020","AirNow","530611007","5","14.4","ug/m3 LC","56","MARYSVILLE - 7TH AVE (Marysville Junior High)","1","100.0000","88101","PM2.5 - Local Conditions","42660","Seattle-Tacoma-Bellevue, WA","53","Washington","061","Snohomish","48.054315","-122.171529"
"02/12/2020","AirNow","530611007","5","12","ug/m3 LC","50","MARYSVILLE - 7TH AVE (Marysville Junior High)","1","100.0000","88101","PM2.5 - Local Conditions","42660","Seattle-Tacoma-Bellevue, WA","53","Washington","061","Snohomish","48.054315","-122.171529"
"02/13/2020","AirNow","530611007","5","7.9","ug/m3 LC","33","MARYSVILLE - 7TH AVE (Marysville Junior High)","1","100.0000","88101","PM2.5 - Local Conditions","42660","Seattle-Tacoma-Bellevue, WA","53","Washington","061","Snohomish","48.054315","-122.171529"
"02/14/2020","AirNow","530611007","5","6","ug/m3 LC","25","MARYSVILLE - 7TH AVE (Marysville Junior High)","1","100.0000","88101","PM2.5 - Local Conditions","42660","Seattle-Tacoma-Bellevue, WA","53","Washington","061","Snohomish","48.054315","-122.171529"
"02/15/2020","AirNow","530611007","5","3.7","ug/m3 LC","15","MARYSVILLE - 7TH AVE (Marysville Junior High)","1","100.0000","88101","PM2.5 - Local Conditions","42660","Seattle-Tacoma-Bellevue, WA","53","Washington","061","Snohomish","48.054315","-122.171529"
"02/16/2020","AirNow","530611007","5","6.4","ug/m3 LC","27","MARYSVILLE - 7TH AVE (Marysville Junior High)","1","100.0000","88101","PM2.5 - Local Conditions","42660","Seattle-Tacoma-Bellevue, WA","53","Washington","061","Snohomish","48.054315","-122.171529"
"02/17/2020","AirNow","530611007","5","8.7","ug/m3 LC","36","MARYSVILLE - 7TH AVE (Marysville Junior High)","1","100.0000","88101","PM2.5 - Local Conditions","42660","Seattle-Tacoma-Bellevue, WA","53","Washington","061","Snohomish","48.054315","-122.171529"
"02/18/2020","AirNow","530611007","5","12.6","ug/m3 LC","52","MARYSVILLE - 7TH AVE (Marysville Junior High)","1","100.0000","88101","PM2.5 - Local Conditions","42660","Seattle-Tacoma-Bellevue, WA","53","Washington","061","Snohomish","48.054315","-122.171529"
"02/19/2020","AirNow","530611007","5","12.2","ug/m3 LC","51","MARYSVILLE - 7TH AVE (Marysville Junior High)","1","100.0000","88101","PM2.5 - Local Conditions","42660","Seattle-Tacoma-Bellevue, WA","53","Washington","061","Snohomish","48.054315","-122.171529"
"02/20/2020","AirNow","530611007","5","16.3","ug/m3 LC","60","MARYSVILLE - 7TH AVE (Marysville Junior High)","1","100.0000","88101","PM2.5 - Local Conditions","42660","Seattle-Tacoma-Bellevue, WA","53","Washington","061","Snohomish","48.054315","-122.171529"
"02/21/2020","AirNow","530611007","5","19.5","ug/m3 LC","67","MARYSVILLE - 7TH AVE (Marysville Junior High)","1","100.0000","88101","PM2.5 - Local Conditions","42660","Seattle-Tacoma-Bellevue, WA","53","Washington","061","Snohomish","48.054315","-122.171529"
"02/22/2020","AirNow","530611007","5","11.8","ug/m3 LC","49","MARYSVILLE - 7TH AVE (Marysville Junior High)","1","100.0000","88101","PM2.5 - Local Conditions","42660","Seattle-Tacoma-Bellevue, WA","53","Washington","061","Snohomish","48.054315","-122.171529"
"02/23/2020","AirNow","530611007","5","4.4","ug/m3 LC","18","MARYSVILLE - 7TH AVE (Marysville Junior High)","1","100.0000","88101","PM2.5 - Local Conditions","42660","Seattle-Tacoma-Bellevue, WA","53","Washington","061","Snohomish","48.054315","-122.171529"
"02/24/2020","AirNow","530611007","5","8.7","ug/m3 LC","36","MARYSVILLE - 7TH AVE (Marysville Junior High)","1","100.0000","88101","PM2.5 - Local Conditions","42660","Seattle-Tacoma-Bellevue, WA","53","Washington","061","Snohomish","48.054315","-122.171529"
"02/25/2020","AirNow","530611007","5","9.3","ug/m3 LC","39","MARYSVILLE - 7TH AVE (Marysville Junior High)","1","100.0000","88101","PM2.5 - Local Conditions","42660","Seattle-Tacoma-Bellevue, WA","53","Washington","061","Snohomish","48.054315","-122.171529"
"02/26/2020","AirNow","530611007","5","9.7","ug/m3 LC","40","MARYSVILLE - 7TH AVE (Marysville Junior High)","1","100.0000","88101","PM2.5 - Local Conditions","42660","Seattle-Tacoma-Bellevue, WA","53","Washington","061","Snohomish","48.054315","-122.171529"
"02/27/2020","AirNow","530611007","5","8.3","ug/m3 LC","35","MARYSVILLE - 7TH AVE (Marysville Junior High)","1","100.0000","88101","PM2.5 - Local Conditions","42660","Seattle-Tacoma-Bellevue, WA","53","Washington","061","Snohomish","48.054315","-122.171529"
"02/28/2020","AirNow","530611007","5","10.2","ug/m3 LC","43","MARYSVILLE - 7TH AVE (Marysville Junior High)","1","100.0000","88101","PM2.5 - Local Conditions","42660","Seattle-Tacoma-Bellevue, WA","53","Washington","061","Snohomish","48.054315","-122.171529"
"02/29/2020","AirNow","530611007","5","6.7","ug/m3 LC","28","MARYSVILLE - 7TH AVE (Marysville Junior High)","1","100.0000","88101","PM2.5 - Local Conditions","42660","Seattle-Tacoma-Bellevue, WA","53","Washington","061","Snohomish","48.054315","-122.171529"
"03/01/2020","AirNow","530611007","5","9.4","ug/m3 LC","39","MARYSVILLE - 7TH AVE (Marysville Junior High)","1","100.0000","88101","PM2.5 - Local Conditions","42660","Seattle-Tacoma-Bellevue, WA","53","Washington","061","Snohomish","48.054315","-122.171529"
"03/02/2020","AirNow","530611007","5","4.8","ug/m3 LC","20","MARYSVILLE - 7TH AVE (Marysville Junior High)","1","100.0000","88101","PM2.5 - Local Conditions","42660","Seattle-Tacoma-Bellevue, WA","53","Washington","061","Snohomish","48.054315","-122.171529"
"03/03/2020","AirNow","530611007","5","4.1","ug/m3 LC","17","MARYSVILLE - 7TH AVE (Marysville Junior High)","1","100.0000","88101","PM2.5 - Local Conditions","42660","Seattle-Tacoma-Bellevue, WA","53","Washington","061","Snohomish","48.054315","-122.171529"
"03/04/2020","AirNow","530611007","5","11.9","ug/m3 LC","50","MARYSVILLE - 7TH AVE (Marysville Junior High)","1","100.0000","88101","PM2.5 - Local Conditions","42660","Seattle-Tacoma-Bellevue, WA","53","Washington","061","Snohomish","48.054315","-122.171529"
"03/05/2020","AirNow","530611007","5","6.9","ug/m3 LC","29","MARYSVILLE - 7TH AVE (Marysville Junior High)","1","100.0000","88101","PM2.5 - Local Conditions","42660","Seattle-Tacoma-Bellevue, WA","53","Washington","061","Snohomish","48.054315","-122.171529"
"03/06/2020","AirNow","530611007","5","6.3","ug/m3 LC","26","MARYSVILLE - 7TH AVE (Marysville Junior High)","1","100.0000","88101","PM2.5 - Local Conditions","42660","Seattle-Tacoma-Bellevue, WA","53","Washington","061","Snohomish","48.054315","-122.171529"
"03/07/2020","AirNow","530611007","5","7.6","ug/m3 LC","32","MARYSVILLE - 7TH AVE (Marysville Junior High)","1","100.0000","88101","PM2.5 - Local Conditions","42660","Seattle-Tacoma-Bellevue, WA","53","Washington","061","Snohomish","48.054315","-122.171529"
"03/08/2020","AirNow","530611007","5","9.2","ug/m3 LC","38","MARYSVILLE - 7TH AVE (Marysville Junior High)","1","100.0000","88101","PM2.5 - Local Conditions","42660","Seattle-Tacoma-Bellevue, WA","53","Washington","061","Snohomish","48.054315","-122.171529"
"03/09/2020","AirNow","530611007","5","12.7","ug/m3 LC","52","MARYSVILLE - 7TH AVE (Marysville Junior High)","1","100.0000","88101","PM2.5 - Local Conditions","42660","Seattle-Tacoma-Bellevue, WA","53","Washington","061","Snohomish","48.054315","-122.171529"
"03/10/2020","AirNow","530611007","5","9.3","ug/m3 LC","39","MARYSVILLE - 7TH AVE (Marysville Junior High)","1","100.0000","88101","PM2.5 - Local Conditions","42660","Seattle-Tacoma-Bellevue, WA","53","Washington","061","Snohomish","48.054315","-122.171529"
"03/11/2020","AirNow","530611007","5","7.1","ug/m3 LC","30","MARYSVILLE - 7TH AVE (Marysville Junior High)","1","100.0000","88101","PM2.5 - Local Conditions","42660","Seattle-Tacoma-Bellevue, WA","53","Washington","061","Snohomish","48.054315","-122.171529"
"03/12/2020","AirNow","530611007","5","9.6","ug/m3 LC","40","MARYSVILLE - 7TH AVE (Marysville Junior High)","1","100.0000","88101","PM2.5 - Local Conditions","42660","Seattle-Tacoma-Bellevue, WA","53","Washington","061","Snohomish","48.054315","-122.171529"
"03/13/2020","AirNow","530611007","5","7.2","ug/m3 LC","30","MARYSVILLE - 7TH AVE (Marysville Junior High)","1","100.0000","88101","PM2.5 - Local Conditions","42660","Seattle-Tacoma-Bellevue, WA","53","Washington","061","Snohomish","48.054315","-122.171529"
"03/14/2020","AirNow","530611007","5","14","ug/m3 LC","55","MARYSVILLE - 7TH AVE (Marysville Junior High)","1","100.0000","88101","PM2.5 - Local Conditions","42660","Seattle-Tacoma-Bellevue, WA","53","Washington","061","Snohomish","48.054315","-122.171529"
"03/15/2020","AirNow","530611007","5","14","ug/m3 LC","55","MARYSVILLE - 7TH AVE (Marysville Junior High)","1","100.0000","88101","PM2.5 - Local Conditions","42660","Seattle-Tacoma-Bellevue, WA","53","Washington","061","Snohomish","48.054315","-122.171529"
"03/16/2020","AirNow","530611007","5","18.1","ug/m3 LC","64","MARYSVILLE - 7TH AVE (Marysville Junior High)","1","100.0000","88101","PM2.5 - Local Conditions","42660","Seattle-Tacoma-Bellevue, WA","53","Washington","061","Snohomish","48.054315","-122.171529"
"03/17/2020","AirNow","530611007","5","18.6","ug/m3 LC","65","MARYSVILLE - 7TH AVE (Marysville Junior High)","1","100.0000","88101","PM2.5 - Local Conditions","42660","Seattle-Tacoma-Bellevue, WA","53","Washington","061","Snohomish","48.054315","-122.171529"
"03/18/2020","AirNow","530611007","5","21.5","ug/m3 LC","71","MARYSVILLE - 7TH AVE (Marysville Junior High)","1","100.0000","88101","PM2.5 - Local Conditions","42660","Seattle-Tacoma-Bellevue, WA","53","Washington","061","Snohomish","48.054315","-122.171529"
"03/19/2020","AirNow","530611007","5","22","ug/m3 LC","72","MARYSVILLE - 7TH AVE (Marysville Junior High)","1","100.0000","88101","PM2.5 - Local Conditions","42660","Seattle-Tacoma-Bellevue, WA","53","Washington","061","Snohomish","48.054315","-122.171529"
"03/20/2020","AirNow","530611007","5","17.8","ug/m3 LC","63","MARYSVILLE - 7TH AVE (Marysville Junior High)","1","100.0000","88101","PM2.5 - Local Conditions","42660","Seattle-Tacoma-Bellevue, WA","53","Washington","061","Snohomish","48.054315","-122.171529"
"03/21/2020","AirNow","530611007","5","25","ug/m3 LC","78","MARYSVILLE - 7TH AVE (Marysville Junior High)","1","100.0000","88101","PM2.5 - Local Conditions","42660","Seattle-Tacoma-Bellevue, WA","53","Washington","061","Snohomish","48.054315","-122.171529"
"03/22/2020","AirNow","530611007","5","23","ug/m3 LC","74","MARYSVILLE - 7TH AVE (Marysville Junior High)","1","100.0000","88101","PM2.5 - Local Conditions","42660","Seattle-Tacoma-Bellevue, WA","53","Washington","061","Snohomish","48.054315","-122.171529"
"03/23/2020","AirNow","530611007","5","5.6","ug/m3 LC","23","MARYSVILLE - 7TH AVE (Marysville Junior High)","1","100.0000","88101","PM2.5 - Local Conditions","42660","Seattle-Tacoma-Bellevue, WA","53","Washington","061","Snohomish","48.054315","-122.171529"
"03/24/2020","AirNow","530611007","5","5.7","ug/m3 LC","24","MARYSVILLE - 7TH AVE (Marysville Junior High)","1","100.0000","88101","PM2.5 - Local Conditions","42660","Seattle-Tacoma-Bellevue, WA","53","Washington","061","Snohomish","48.054315","-122.171529"
"03/25/2020","AirNow","530611007","5","9.4","ug/m3 LC","39","MARYSVILLE - 7TH AVE (Marysville Junior High)","1","100.0000","88101","PM2.5 - Local Conditions","42660","Seattle-Tacoma-Bellevue, WA","53","Washington","061","Snohomish","48.054315","-122.171529"
"03/26/2020","AirNow","530611007","5","10.6","ug/m3 LC","44","MARYSVILLE - 7TH AVE (Marysville Junior High)","1","100.0000","88101","PM2.5 - Local Conditions","42660","Seattle-Tacoma-Bellevue, WA","53","Washington","061","Snohomish","48.054315","-122.171529"
"03/27/2020","AirNow","530611007","5","8.8","ug/m3 LC","37","MARYSVILLE - 7TH AVE (Marysville Junior High)","1","100.0000","88101","PM2.5 - Local Conditions","42660","Seattle-Tacoma-Bellevue, WA","53","Washington","061","Snohomish","48.054315","-122.171529"
"03/28/2020","AirNow","530611007","5","3.5","ug/m3 LC","15","MARYSVILLE - 7TH AVE (Marysville Junior High)","1","100.0000","88101","PM2.5 - Local Conditions","42660","Seattle-Tacoma-Bellevue, WA","53","Washington","061","Snohomish","48.054315","-122.171529"
"03/29/2020","AirNow","530611007","5","4.2","ug/m3 LC","18","MARYSVILLE - 7TH AVE (Marysville Junior High)","1","100.0000","88101","PM2.5 - Local Conditions","42660","Seattle-Tacoma-Bellevue, WA","53","Washington","061","Snohomish","48.054315","-122.171529"
"03/30/2020","AirNow","530611007","5","6.1","ug/m3 LC","25","MARYSVILLE - 7TH AVE (Marysville Junior High)","1","100.0000","88101","PM2.5 - Local Conditions","42660","Seattle-Tacoma-Bellevue, WA","53","Washington","061","Snohomish","48.054315","-122.171529"
"03/31/2020","AirNow","530611007","5","5.8","ug/m3 LC","24","MARYSVILLE - 7TH AVE (Marysville Junior High)","1","100.0000","88101","PM2.5 - Local Conditions","42660","Seattle-Tacoma-Bellevue, WA","53","Washington","061","Snohomish","48.054315","-122.171529"
"04/01/2020","AirNow","530611007","5","8.6","ug/m3 LC","36","MARYSVILLE - 7TH AVE (Marysville Junior High)","1","100.0000","88101","PM2.5 - Local Conditions","42660","Seattle-Tacoma-Bellevue, WA","53","Washington","061","Snohomish","48.054315","-122.171529"
"04/02/2020","AirNow","530611007","5","9.2","ug/m3 LC","38","MARYSVILLE - 7TH AVE (Marysville Junior High)","1","100.0000","88101","PM2.5 - Local Conditions","42660","Seattle-Tacoma-Bellevue, WA","53","Washington","061","Snohomish","48.054315","-122.171529"
"04/03/2020","AirNow","530611007","5","5.9","ug/m3 LC","25","MARYSVILLE - 7TH AVE (Marysville Junior High)","1","100.0000","88101","PM2.5 - Local Conditions","42660","Seattle-Tacoma-Bellevue, WA","53","Washington","061","Snohomish","48.054315","-122.171529"
"04/04/2020","AirNow","530611007","5","8.5","ug/m3 LC","35","MARYSVILLE - 7TH AVE (Marysville Junior High)","1","100.0000","88101","PM2.5 - Local Conditions","42660","Seattle-Tacoma-Bellevue, WA","53","Washington","061","Snohomish","48.054315","-122.171529"
"04/05/2020","AirNow","530611007","5","8.3","ug/m3 LC","35","MARYSVILLE - 7TH AVE (Marysville Junior High)","1","100.0000","88101","PM2.5 - Local Conditions","42660","Seattle-Tacoma-Bellevue, WA","53","Washington","061","Snohomish","48.054315","-122.171529"
"04/06/2020","AirNow","530611007","5","10.2","ug/m3 LC","43","MARYSVILLE - 7TH AVE (Marysville Junior High)","1","100.0000","88101","PM2.5 - Local Conditions","42660","Seattle-Tacoma-Bellevue, WA","53","Washington","061","Snohomish","48.054315","-122.171529"
"04/07/2020","AirNow","530611007","5","14.2","ug/m3 LC","55","MARYSVILLE - 7TH AVE (Marysville Junior High)","1","100.0000","88101","PM2.5 - Local Conditions","42660","Seattle-Tacoma-Bellevue, WA","53","Washington","061","Snohomish","48.054315","-122.171529"
"04/10/2020","AirNow","530611007","5","14.2","ug/m3 LC","55","MARYSVILLE - 7TH AVE (Marysville Junior High)","1","100.0000","88101","PM2.5 - Local Conditions","42660","Seattle-Tacoma-Bellevue, WA","53","Washington","061","Snohomish","48.054315","-122.171529"
"04/11/2020","AirNow","530611007","5","11.2","ug/m3 LC","47","MARYSVILLE - 7TH AVE (Marysville Junior High)","1","100.0000","88101","PM2.5 - Local Conditions","42660","Seattle-Tacoma-Bellevue, WA","53","Washington","061","Snohomish","48.054315","-122.171529"
"04/12/2020","AirNow","530611007","5","11.7","ug/m3 LC","49","MARYSVILLE - 7TH AVE (Marysville Junior High)","1","100.0000","88101","PM2.5 - Local Conditions","42660","Seattle-Tacoma-Bellevue, WA","53","Washington","061","Snohomish","48.054315","-122.171529"
"04/13/2020","AirNow","530611007","5","10.7","ug/m3 LC","45","MARYSVILLE - 7TH AVE (Marysville Junior High)","1","100.0000","88101","PM2.5 - Local Conditions","42660","Seattle-Tacoma-Bellevue, WA","53","Washington","061","Snohomish","48.054315","-122.171529"
"04/14/2020","AirNow","530611007","5","12","ug/m3 LC","50","MARYSVILLE - 7TH AVE (Marysville Junior High)","1","100.0000","88101","PM2.5 - Local Conditions","42660","Seattle-Tacoma-Bellevue, WA","53","Washington","061","Snohomish","48.054315","-122.171529"
"04/15/2020","AirNow","530611007","5","7","ug/m3 LC","29","MARYSVILLE - 7TH AVE (Marysville Junior High)","1","100.0000","88101","PM2.5 - Local Conditions","42660","Seattle-Tacoma-Bellevue, WA","53","Washington","061","Snohomish","48.054315","-122.171529"
"04/16/2020","AirNow","530611007","5","10","ug/m3 LC","42","MARYSVILLE - 7TH AVE (Marysville Junior High)","1","100.0000","88101","PM2.5 - Local Conditions","42660","Seattle-Tacoma-Bellevue, WA","53","Washington","061","Snohomish","48.054315","-122.171529"
"04/17/2020","AirNow","530611007","5","11.8","ug/m3 LC","49","MARYSVILLE - 7TH AVE (Marysville Junior High)","1","100.0000","88101","PM2.5 - Local Conditions","42660","Seattle-Tacoma-Bellevue, WA","53","Washington","061","Snohomish","48.054315","-122.171529"
"04/18/2020","AirNow","530611007","5","9.8","ug/m3 LC","41","MARYSVILLE - 7TH AVE (Marysville Junior High)","1","100.0000","88101","PM2.5 - Local Conditions","42660","Seattle-Tacoma-Bellevue, WA","53","Washington","061","Snohomish","48.054315","-122.171529"
"04/19/2020","AirNow","530611007","5","8.4","ug/m3 LC","35","MARYSVILLE - 7TH AVE (Marysville Junior High)","1","100.0000","88101","PM2.5 - Local Conditions","42660","Seattle-Tacoma-Bellevue, WA","53","Washington","061","Snohomish","48.054315","-122.171529"
"04/20/2020","AirNow","530611007","5","8.8","ug/m3 LC","37","MARYSVILLE - 7TH AVE (Marysville Junior High)","1","100.0000","88101","PM2.5 - Local Conditions","42660","Seattle-Tacoma-Bellevue, WA","53","Washington","061","Snohomish","48.054315","-122.171529"
"04/21/2020","AirNow","530611007","5","6.4","ug/m3 LC","27","MARYSVILLE - 7TH AVE (Marysville Junior High)","1","100.0000","88101","PM2.5 - Local Conditions","42660","Seattle-Tacoma-Bellevue, WA","53","Washington","061","Snohomish","48.054315","-122.171529"
"04/22/2020","AirNow","530611007","5","4.2","ug/m3 LC","18","MARYSVILLE - 7TH AVE (Marysville Junior High)","1","100.0000","88101","PM2.5 - Local Conditions","42660","Seattle-Tacoma-Bellevue, WA","53","Washington","061","Snohomish","48.054315","-122.171529"
"04/23/2020","AirNow","530611007","5","5.1","ug/m3 LC","21","MARYSVILLE - 7TH AVE (Marysville Junior High)","1","100.0000","88101","PM2.5 - Local Conditions","42660","Seattle-Tacoma-Bellevue, WA","53","Washington","061","Snohomish","48.054315","-122.171529"
"04/24/2020","AirNow","530611007","5","6.8","ug/m3 LC","28","MARYSVILLE - 7TH AVE (Marysville Junior High)","1","100.0000","88101","PM2.5 - Local Conditions","42660","Seattle-Tacoma-Bellevue, WA","53","Washington","061","Snohomish","48.054315","-122.171529"
"04/25/2020","AirNow","530611007","5","6.3","ug/m3 LC","26","MARYSVILLE - 7TH AVE (Marysville Junior High)","1","100.0000","88101","PM2.5 - Local Conditions","42660","Seattle-Tacoma-Bellevue, WA","53","Washington","061","Snohomish","48.054315","-122.171529"
"04/26/2020","AirNow","530611007","5","9.1","ug/m3 LC","38","MARYSVILLE - 7TH AVE (Marysville Junior High)","1","100.0000","88101","PM2.5 - Local Conditions","42660","Seattle-Tacoma-Bellevue, WA","53","Washington","061","Snohomish","48.054315","-122.171529"
"04/27/2020","AirNow","530611007","5","5.3","ug/m3 LC","22","MARYSVILLE - 7TH AVE (Marysville Junior High)","1","100.0000","88101","PM2.5 - Local Conditions","42660","Seattle-Tacoma-Bellevue, WA","53","Washington","061","Snohomish","48.054315","-122.171529"
"04/28/2020","AirNow","530611007","5","7.9","ug/m3 LC","33","MARYSVILLE - 7TH AVE (Marysville Junior High)","1","100.0000","88101","PM2.5 - Local Conditions","42660","Seattle-Tacoma-Bellevue, WA","53","Washington","061","Snohomish","48.054315","-122.171529"
"04/29/2020","AirNow","530611007","5","6.1","ug/m3 LC","25","MARYSVILLE - 7TH AVE (Marysville Junior High)","1","100.0000","88101","PM2.5 - Local Conditions","42660","Seattle-Tacoma-Bellevue, WA","53","Washington","061","Snohomish","48.054315","-122.171529"
"04/30/2020","AirNow","530611007","5","5.2","ug/m3 LC","22","MARYSVILLE - 7TH AVE (Marysville Junior High)","1","100.0000","88101","PM2.5 - Local Conditions","42660","Seattle-Tacoma-Bellevue, WA","53","Washington","061","Snohomish","48.054315","-122.171529"
"05/01/2020","AirNow","530611007","5","9","ug/m3 LC","38","MARYSVILLE - 7TH AVE (Marysville Junior High)","1","100.0000","88101","PM2.5 - Local Conditions","42660","Seattle-Tacoma-Bellevue, WA","53","Washington","061","Snohomish","48.054315","-122.171529"
"05/02/2020","AirNow","530611007","5","6.8","ug/m3 LC","28","MARYSVILLE - 7TH AVE (Marysville Junior High)","1","100.0000","88101","PM2.5 - Local Conditions","42660","Seattle-Tacoma-Bellevue, WA","53","Washington","061","Snohomish","48.054315","-122.171529"
"01/01/2020","AQS","530630021","5","1.3","ug/m3 LC","5","SPOKANE - AUGUSTA AVE","1","100.0000","88101","PM2.5 - Local Conditions","44060","Spokane-Spokane Valley, WA","53","Washington","063","Spokane","47.672482","-117.364852"
"01/02/2020","AQS","530630021","5","2.9","ug/m3 LC","12","SPOKANE - AUGUSTA AVE","1","100.0000","88101","PM2.5 - Local Conditions","44060","Spokane-Spokane Valley, WA","53","Washington","063","Spokane","47.672482","-117.364852"
"01/03/2020","AQS","530630021","5","1.7","ug/m3 LC","7","SPOKANE - AUGUSTA AVE","1","100.0000","88101","PM2.5 - Local Conditions","44060","Spokane-Spokane Valley, WA","53","Washington","063","Spokane","47.672482","-117.364852"
"01/04/2020","AQS","530630021","5","1.5","ug/m3 LC","6","SPOKANE - AUGUSTA AVE","1","100.0000","88101","PM2.5 - Local Conditions","44060","Spokane-Spokane Valley, WA","53","Washington","063","Spokane","47.672482","-117.364852"
"01/05/2020","AQS","530630021","5","0.7","ug/m3 LC","3","SPOKANE - AUGUSTA AVE","1","100.0000","88101","PM2.5 - Local Conditions","44060","Spokane-Spokane Valley, WA","53","Washington","063","Spokane","47.672482","-117.364852"
"01/06/2020","AQS","530630021","5","1.2","ug/m3 LC","5","SPOKANE - AUGUSTA AVE","1","100.0000","88101","PM2.5 - Local Conditions","44060","Spokane-Spokane Valley, WA","53","Washington","063","Spokane","47.672482","-117.364852"
"01/07/2020","AQS","530630021","5","1.3","ug/m3 LC","5","SPOKANE - AUGUSTA AVE","1","100.0000","88101","PM2.5 - Local Conditions","44060","Spokane-Spokane Valley, WA","53","Washington","063","Spokane","47.672482","-117.364852"
"01/08/2020","AQS","530630021","5","1.7","ug/m3 LC","7","SPOKANE - AUGUSTA AVE","1","100.0000","88101","PM2.5 - Local Conditions","44060","Spokane-Spokane Valley, WA","53","Washington","063","Spokane","47.672482","-117.364852"
"01/09/2020","AQS","530630021","5","6.2","ug/m3 LC","26","SPOKANE - AUGUSTA AVE","1","100.0000","88101","PM2.5 - Local Conditions","44060","Spokane-Spokane Valley, WA","53","Washington","063","Spokane","47.672482","-117.364852"
"01/10/2020","AQS","530630021","5","4.5","ug/m3 LC","19","SPOKANE - AUGUSTA AVE","1","100.0000","88101","PM2.5 - Local Conditions","44060","Spokane-Spokane Valley, WA","53","Washington","063","Spokane","47.672482","-117.364852"
"01/11/2020","AQS","530630021","5","1.5","ug/m3 LC","6","SPOKANE - AUGUSTA AVE","1","100.0000","88101","PM2.5 - Local Conditions","44060","Spokane-Spokane Valley, WA","53","Washington","063","Spokane","47.672482","-117.364852"
"01/12/2020","AQS","530630021","5","0","ug/m3 LC","0","SPOKANE - AUGUSTA AVE","1","100.0000","88101","PM2.5 - Local Conditions","44060","Spokane-Spokane Valley, WA","53","Washington","063","Spokane","47.672482","-117.364852"
"01/13/2020","AQS","530630021","5","3.5","ug/m3 LC","15","SPOKANE - AUGUSTA AVE","1","100.0000","88101","PM2.5 - Local Conditions","44060","Spokane-Spokane Valley, WA","53","Washington","063","Spokane","47.672482","-117.364852"
"01/14/2020","AQS","530630021","5","3","ug/m3 LC","13","SPOKANE - AUGUSTA AVE","1","100.0000","88101","PM2.5 - Local Conditions","44060","Spokane-Spokane Valley, WA","53","Washington","063","Spokane","47.672482","-117.364852"
"01/15/2020","AQS","530630021","5","4.2","ug/m3 LC","18","SPOKANE - AUGUSTA AVE","1","100.0000","88101","PM2.5 - Local Conditions","44060","Spokane-Spokane Valley, WA","53","Washington","063","Spokane","47.672482","-117.364852"
"01/16/2020","AQS","530630021","5","4.5","ug/m3 LC","19","SPOKANE - AUGUSTA AVE","1","100.0000","88101","PM2.5 - Local Conditions","44060","Spokane-Spokane Valley, WA","53","Washington","063","Spokane","47.672482","-117.364852"
"01/17/2020","AQS","530630021","5","8","ug/m3 LC","33","SPOKANE - AUGUSTA AVE","1","100.0000","88101","PM2.5 - Local Conditions","44060","Spokane-Spokane Valley, WA","53","Washington","063","Spokane","47.672482","-117.364852"
"01/18/2020","AQS","530630021","5","9","ug/m3 LC","38","SPOKANE - AUGUSTA AVE","1","100.0000","88101","PM2.5 - Local Conditions","44060","Spokane-Spokane Valley, WA","53","Washington","063","Spokane","47.672482","-117.364852"
"01/19/2020","AQS","530630021","5","6.8","ug/m3 LC","28","SPOKANE - AUGUSTA AVE","1","100.0000","88101","PM2.5 - Local Conditions","44060","Spokane-Spokane Valley, WA","53","Washington","063","Spokane","47.672482","-117.364852"
"01/20/2020","AQS","530630021","5","7.7","ug/m3 LC","32","SPOKANE - AUGUSTA AVE","1","100.0000","88101","PM2.5 - Local Conditions","44060","Spokane-Spokane Valley, WA","53","Washington","063","Spokane","47.672482","-117.364852"
"01/21/2020","AQS","530630021","5","6","ug/m3 LC","25","SPOKANE - AUGUSTA AVE","1","100.0000","88101","PM2.5 - Local Conditions","44060","Spokane-Spokane Valley, WA","53","Washington","063","Spokane","47.672482","-117.364852"
"01/22/2020","AQS","530630021","5","2.7","ug/m3 LC","11","SPOKANE - AUGUSTA AVE","1","100.0000","88101","PM2.5 - Local Conditions","44060","Spokane-Spokane Valley, WA","53","Washington","063","Spokane","47.672482","-117.364852"
"01/23/2020","AQS","530630021","5","3.5","ug/m3 LC","15","SPOKANE - AUGUSTA AVE","1","100.0000","88101","PM2.5 - Local Conditions","44060","Spokane-Spokane Valley, WA","53","Washington","063","Spokane","47.672482","-117.364852"
"01/24/2020","AQS","530630021","5","1.8","ug/m3 LC","8","SPOKANE - AUGUSTA AVE","1","100.0000","88101","PM2.5 - Local Conditions","44060","Spokane-Spokane Valley, WA","53","Washington","063","Spokane","47.672482","-117.364852"
"01/25/2020","AQS","530630021","5","6.2","ug/m3 LC","26","SPOKANE - AUGUSTA AVE","1","100.0000","88101","PM2.5 - Local Conditions","44060","Spokane-Spokane Valley, WA","53","Washington","063","Spokane","47.672482","-117.364852"
"01/26/2020","AQS","530630021","5","3.1","ug/m3 LC","13","SPOKANE - AUGUSTA AVE","1","100.0000","88101","PM2.5 - Local Conditions","44060","Spokane-Spokane Valley, WA","53","Washington","063","Spokane","47.672482","-117.364852"
"01/27/2020","AQS","530630021","5","4.5","ug/m3 LC","19","SPOKANE - AUGUSTA AVE","1","100.0000","88101","PM2.5 - Local Conditions","44060","Spokane-Spokane Valley, WA","53","Washington","063","Spokane","47.672482","-117.364852"
"01/28/2020","AQS","530630021","5","4.5","ug/m3 LC","19","SPOKANE - AUGUSTA AVE","1","100.0000","88101","PM2.5 - Local Conditions","44060","Spokane-Spokane Valley, WA","53","Washington","063","Spokane","47.672482","-117.364852"
"01/29/2020","AQS","530630021","5","2.3","ug/m3 LC","10","SPOKANE - AUGUSTA AVE","1","100.0000","88101","PM2.5 - Local Conditions","44060","Spokane-Spokane Valley, WA","53","Washington","063","Spokane","47.672482","-117.364852"
"01/30/2020","AQS","530630021","5","9.4","ug/m3 LC","39","SPOKANE - AUGUSTA AVE","1","100.0000","88101","PM2.5 - Local Conditions","44060","Spokane-Spokane Valley, WA","53","Washington","063","Spokane","47.672482","-117.364852"
"01/31/2020","AQS","530630021","5","2","ug/m3 LC","8","SPOKANE - AUGUSTA AVE","1","100.0000","88101","PM2.5 - Local Conditions","44060","Spokane-Spokane Valley, WA","53","Washington","063","Spokane","47.672482","-117.364852"
"02/01/2020","AirNow","530630021","5","0.7","ug/m3 LC","3","SPOKANE - AUGUSTA AVE","1","100.0000","88101","PM2.5 - Local Conditions","44060","Spokane-Spokane Valley, WA","53","Washington","063","Spokane","47.672482","-117.364852"
"02/02/2020","AirNow","530630021","5","6.8","ug/m3 LC","28","SPOKANE - AUGUSTA AVE","1","100.0000","88101","PM2.5 - Local Conditions","44060","Spokane-Spokane Valley, WA","53","Washington","063","Spokane","47.672482","-117.364852"
"02/03/2020","AirNow","530630021","5","11.5","ug/m3 LC","48","SPOKANE - AUGUSTA AVE","1","100.0000","88101","PM2.5 - Local Conditions","44060","Spokane-Spokane Valley, WA","53","Washington","063","Spokane","47.672482","-117.364852"
"02/04/2020","AirNow","530630021","5","5.3","ug/m3 LC","22","SPOKANE - AUGUSTA AVE","1","100.0000","88101","PM2.5 - Local Conditions","44060","Spokane-Spokane Valley, WA","53","Washington","063","Spokane","47.672482","-117.364852"
"02/05/2020","AirNow","530630021","5","5","ug/m3 LC","21","SPOKANE - AUGUSTA AVE","1","100.0000","88101","PM2.5 - Local Conditions","44060","Spokane-Spokane Valley, WA","53","Washington","063","Spokane","47.672482","-117.364852"
"02/06/2020","AirNow","530630021","5","7.8","ug/m3 LC","33","SPOKANE - AUGUSTA AVE","1","100.0000","88101","PM2.5 - Local Conditions","44060","Spokane-Spokane Valley, WA","53","Washington","063","Spokane","47.672482","-117.364852"
"02/07/2020","AirNow","530630021","5","6.8","ug/m3 LC","28","SPOKANE - AUGUSTA AVE","1","100.0000","88101","PM2.5 - Local Conditions","44060","Spokane-Spokane Valley, WA","53","Washington","063","Spokane","47.672482","-117.364852"
"02/08/2020","AirNow","530630021","5","2.6","ug/m3 LC","11","SPOKANE - AUGUSTA AVE","1","100.0000","88101","PM2.5 - Local Conditions","44060","Spokane-Spokane Valley, WA","53","Washington","063","Spokane","47.672482","-117.364852"
"02/09/2020","AirNow","530630021","5","5.4","ug/m3 LC","23","SPOKANE - AUGUSTA AVE","1","100.0000","88101","PM2.5 - Local Conditions","44060","Spokane-Spokane Valley, WA","53","Washington","063","Spokane","47.672482","-117.364852"
"02/10/2020","AirNow","530630021","5","7.3","ug/m3 LC","30","SPOKANE - AUGUSTA AVE","1","100.0000","88101","PM2.5 - Local Conditions","44060","Spokane-Spokane Valley, WA","53","Washington","063","Spokane","47.672482","-117.364852"
"02/11/2020","AirNow","530630021","5","7.8","ug/m3 LC","33","SPOKANE - AUGUSTA AVE","1","100.0000","88101","PM2.5 - Local Conditions","44060","Spokane-Spokane Valley, WA","53","Washington","063","Spokane","47.672482","-117.364852"
"02/12/2020","AirNow","530630021","5","8.6","ug/m3 LC","36","SPOKANE - AUGUSTA AVE","1","100.0000","88101","PM2.5 - Local Conditions","44060","Spokane-Spokane Valley, WA","53","Washington","063","Spokane","47.672482","-117.364852"
"02/13/2020","AirNow","530630021","5","6.8","ug/m3 LC","28","SPOKANE - AUGUSTA AVE","1","100.0000","88101","PM2.5 - Local Conditions","44060","Spokane-Spokane Valley, WA","53","Washington","063","Spokane","47.672482","-117.364852"
"02/14/2020","AirNow","530630021","5","1.7","ug/m3 LC","7","SPOKANE - AUGUSTA AVE","1","100.0000","88101","PM2.5 - Local Conditions","44060","Spokane-Spokane Valley, WA","53","Washington","063","Spokane","47.672482","-117.364852"
"02/15/2020","AirNow","530630021","5","1.7","ug/m3 LC","7","SPOKANE - AUGUSTA AVE","1","100.0000","88101","PM2.5 - Local Conditions","44060","Spokane-Spokane Valley, WA","53","Washington","063","Spokane","47.672482","-117.364852"
"02/16/2020","AirNow","530630021","5","1.7","ug/m3 LC","7","SPOKANE - AUGUSTA AVE","1","100.0000","88101","PM2.5 - Local Conditions","44060","Spokane-Spokane Valley, WA","53","Washington","063","Spokane","47.672482","-117.364852"
"02/17/2020","AirNow","530630021","5","5.6","ug/m3 LC","23","SPOKANE - AUGUSTA AVE","1","100.0000","88101","PM2.5 - Local Conditions","44060","Spokane-Spokane Valley, WA","53","Washington","063","Spokane","47.672482","-117.364852"
"02/18/2020","AirNow","530630021","5","8.3","ug/m3 LC","35","SPOKANE - AUGUSTA AVE","1","100.0000","88101","PM2.5 - Local Conditions","44060","Spokane-Spokane Valley, WA","53","Washington","063","Spokane","47.672482","-117.364852"
"02/19/2020","AirNow","530630021","5","9.3","ug/m3 LC","39","SPOKANE - AUGUSTA AVE","1","100.0000","88101","PM2.5 - Local Conditions","44060","Spokane-Spokane Valley, WA","53","Washington","063","Spokane","47.672482","-117.364852"
"02/20/2020","AirNow","530630021","5","10.2","ug/m3 LC","43","SPOKANE - AUGUSTA AVE","1","100.0000","88101","PM2.5 - Local Conditions","44060","Spokane-Spokane Valley, WA","53","Washington","063","Spokane","47.672482","-117.364852"
"02/21/2020","AirNow","530630021","5","9.9","ug/m3 LC","41","SPOKANE - AUGUSTA AVE","1","100.0000","88101","PM2.5 - Local Conditions","44060","Spokane-Spokane Valley, WA","53","Washington","063","Spokane","47.672482","-117.364852"
"02/22/2020","AirNow","530630021","5","10.8","ug/m3 LC","45","SPOKANE - AUGUSTA AVE","1","100.0000","88101","PM2.5 - Local Conditions","44060","Spokane-Spokane Valley, WA","53","Washington","063","Spokane","47.672482","-117.364852"
"02/23/2020","AirNow","530630021","5","5.6","ug/m3 LC","23","SPOKANE - AUGUSTA AVE","1","100.0000","88101","PM2.5 - Local Conditions","44060","Spokane-Spokane Valley, WA","53","Washington","063","Spokane","47.672482","-117.364852"
"02/24/2020","AirNow","530630021","5","12.4","ug/m3 LC","52","SPOKANE - AUGUSTA AVE","1","100.0000","88101","PM2.5 - Local Conditions","44060","Spokane-Spokane Valley, WA","53","Washington","063","Spokane","47.672482","-117.364852"
"02/25/2020","AirNow","530630021","5","7.3","ug/m3 LC","30","SPOKANE - AUGUSTA AVE","1","100.0000","88101","PM2.5 - Local Conditions","44060","Spokane-Spokane Valley, WA","53","Washington","063","Spokane","47.672482","-117.364852"
"02/26/2020","AirNow","530630021","5","9.3","ug/m3 LC","39","SPOKANE - AUGUSTA AVE","1","100.0000","88101","PM2.5 - Local Conditions","44060","Spokane-Spokane Valley, WA","53","Washington","063","Spokane","47.672482","-117.364852"
"02/27/2020","AirNow","530630021","5","7.9","ug/m3 LC","33","SPOKANE - AUGUSTA AVE","1","100.0000","88101","PM2.5 - Local Conditions","44060","Spokane-Spokane Valley, WA","53","Washington","063","Spokane","47.672482","-117.364852"
"02/28/2020","AirNow","530630021","5","6.3","ug/m3 LC","26","SPOKANE - AUGUSTA AVE","1","100.0000","88101","PM2.5 - Local Conditions","44060","Spokane-Spokane Valley, WA","53","Washington","063","Spokane","47.672482","-117.364852"
"02/29/2020","AirNow","530630021","5","4.5","ug/m3 LC","19","SPOKANE - AUGUSTA AVE","1","100.0000","88101","PM2.5 - Local Conditions","44060","Spokane-Spokane Valley, WA","53","Washington","063","Spokane","47.672482","-117.364852"
"03/01/2020","AirNow","530630021","5","4.8","ug/m3 LC","20","SPOKANE - AUGUSTA AVE","1","100.0000","88101","PM2.5 - Local Conditions","44060","Spokane-Spokane Valley, WA","53","Washington","063","Spokane","47.672482","-117.364852"
"03/02/2020","AirNow","530630021","5","3.6","ug/m3 LC","15","SPOKANE - AUGUSTA AVE","1","100.0000","88101","PM2.5 - Local Conditions","44060","Spokane-Spokane Valley, WA","53","Washington","063","Spokane","47.672482","-117.364852"
"03/03/2020","AirNow","530630021","5","2.3","ug/m3 LC","10","SPOKANE - AUGUSTA AVE","1","100.0000","88101","PM2.5 - Local Conditions","44060","Spokane-Spokane Valley, WA","53","Washington","063","Spokane","47.672482","-117.364852"
"03/04/2020","AirNow","530630021","5","2.9","ug/m3 LC","12","SPOKANE - AUGUSTA AVE","1","100.0000","88101","PM2.5 - Local Conditions","44060","Spokane-Spokane Valley, WA","53","Washington","063","Spokane","47.672482","-117.364852"
"03/05/2020","AirNow","530630021","5","7.8","ug/m3 LC","33","SPOKANE - AUGUSTA AVE","1","100.0000","88101","PM2.5 - Local Conditions","44060","Spokane-Spokane Valley, WA","53","Washington","063","Spokane","47.672482","-117.364852"
"03/06/2020","AirNow","530630021","5","9.5","ug/m3 LC","40","SPOKANE - AUGUSTA AVE","1","100.0000","88101","PM2.5 - Local Conditions","44060","Spokane-Spokane Valley, WA","53","Washington","063","Spokane","47.672482","-117.364852"
"03/07/2020","AirNow","530630021","5","4","ug/m3 LC","17","SPOKANE - AUGUSTA AVE","1","100.0000","88101","PM2.5 - Local Conditions","44060","Spokane-Spokane Valley, WA","53","Washington","063","Spokane","47.672482","-117.364852"
"03/08/2020","AirNow","530630021","5","4.1","ug/m3 LC","17","SPOKANE - AUGUSTA AVE","1","100.0000","88101","PM2.5 - Local Conditions","44060","Spokane-Spokane Valley, WA","53","Washington","063","Spokane","47.672482","-117.364852"
"03/09/2020","AirNow","530630021","5","8.6","ug/m3 LC","36","SPOKANE - AUGUSTA AVE","1","100.0000","88101","PM2.5 - Local Conditions","44060","Spokane-Spokane Valley, WA","53","Washington","063","Spokane","47.672482","-117.364852"
"03/10/2020","AirNow","530630021","5","5.8","ug/m3 LC","24","SPOKANE - AUGUSTA AVE","1","100.0000","88101","PM2.5 - Local Conditions","44060","Spokane-Spokane Valley, WA","53","Washington","063","Spokane","47.672482","-117.364852"
"03/11/2020","AirNow","530630021","5","2.9","ug/m3 LC","12","SPOKANE - AUGUSTA AVE","1","100.0000","88101","PM2.5 - Local Conditions","44060","Spokane-Spokane Valley, WA","53","Washington","063","Spokane","47.672482","-117.364852"
"03/12/2020","AirNow","530630021","5","5","ug/m3 LC","21","SPOKANE - AUGUSTA AVE","1","100.0000","88101","PM2.5 - Local Conditions","44060","Spokane-Spokane Valley, WA","53","Washington","063","Spokane","47.672482","-117.364852"
"03/13/2020","AirNow","530630021","5","4.2","ug/m3 LC","18","SPOKANE - AUGUSTA AVE","1","100.0000","88101","PM2.5 - Local Conditions","44060","Spokane-Spokane Valley, WA","53","Washington","063","Spokane","47.672482","-117.364852"
"03/14/2020","AirNow","530630021","5","4.3","ug/m3 LC","18","SPOKANE - AUGUSTA AVE","1","100.0000","88101","PM2.5 - Local Conditions","44060","Spokane-Spokane Valley, WA","53","Washington","063","Spokane","47.672482","-117.364852"
"03/15/2020","AirNow","530630021","5","4.1","ug/m3 LC","17","SPOKANE - AUGUSTA AVE","1","100.0000","88101","PM2.5 - Local Conditions","44060","Spokane-Spokane Valley, WA","53","Washington","063","Spokane","47.672482","-117.364852"
"03/16/2020","AirNow","530630021","5","5","ug/m3 LC","21","SPOKANE - AUGUSTA AVE","1","100.0000","88101","PM2.5 - Local Conditions","44060","Spokane-Spokane Valley, WA","53","Washington","063","Spokane","47.672482","-117.364852"
"03/17/2020","AirNow","530630021","5","10.1","ug/m3 LC","42","SPOKANE - AUGUSTA AVE","1","100.0000","88101","PM2.5 - Local Conditions","44060","Spokane-Spokane Valley, WA","53","Washington","063","Spokane","47.672482","-117.364852"
"03/18/2020","AirNow","530630021","5","8.8","ug/m3 LC","37","SPOKANE - AUGUSTA AVE","1","100.0000","88101","PM2.5 - Local Conditions","44060","Spokane-Spokane Valley, WA","53","Washington","063","Spokane","47.672482","-117.364852"
"03/19/2020","AirNow","530630021","5","10.5","ug/m3 LC","44","SPOKANE - AUGUSTA AVE","1","100.0000","88101","PM2.5 - Local Conditions","44060","Spokane-Spokane Valley, WA","53","Washington","063","Spokane","47.672482","-117.364852"
"03/20/2020","AirNow","530630021","5","10.8","ug/m3 LC","45","SPOKANE - AUGUSTA AVE","1","100.0000","88101","PM2.5 - Local Conditions","44060","Spokane-Spokane Valley, WA","53","Washington","063","Spokane","47.672482","-117.364852"
"03/21/2020","AirNow","530630021","5","8","ug/m3 LC","33","SPOKANE - AUGUSTA AVE","1","100.0000","88101","PM2.5 - Local Conditions","44060","Spokane-Spokane Valley, WA","53","Washington","063","Spokane","47.672482","-117.364852"
"03/22/2020","AirNow","530630021","5","6.5","ug/m3 LC","27","SPOKANE - AUGUSTA AVE","1","100.0000","88101","PM2.5 - Local Conditions","44060","Spokane-Spokane Valley, WA","53","Washington","063","Spokane","47.672482","-117.364852"
"03/23/2020","AirNow","530630021","5","3.2","ug/m3 LC","13","SPOKANE - AUGUSTA AVE","1","100.0000","88101","PM2.5 - Local Conditions","44060","Spokane-Spokane Valley, WA","53","Washington","063","Spokane","47.672482","-117.364852"
"03/24/2020","AirNow","530630021","5","2.9","ug/m3 LC","12","SPOKANE - AUGUSTA AVE","1","100.0000","88101","PM2.5 - Local Conditions","44060","Spokane-Spokane Valley, WA","53","Washington","063","Spokane","47.672482","-117.364852"
"03/25/2020","AirNow","530630021","5","3.7","ug/m3 LC","15","SPOKANE - AUGUSTA AVE","1","100.0000","88101","PM2.5 - Local Conditions","44060","Spokane-Spokane Valley, WA","53","Washington","063","Spokane","47.672482","-117.364852"
"03/26/2020","AirNow","530630021","5","3.3","ug/m3 LC","14","SPOKANE - AUGUSTA AVE","1","100.0000","88101","PM2.5 - Local Conditions","44060","Spokane-Spokane Valley, WA","53","Washington","063","Spokane","47.672482","-117.364852"
"03/27/2020","AirNow","530630021","5","3.6","ug/m3 LC","15","SPOKANE - AUGUSTA AVE","1","100.0000","88101","PM2.5 - Local Conditions","44060","Spokane-Spokane Valley, WA","53","Washington","063","Spokane","47.672482","-117.364852"
"03/28/2020","AirNow","530630021","5","1.6","ug/m3 LC","7","SPOKANE - AUGUSTA AVE","1","100.0000","88101","PM2.5 - Local Conditions","44060","Spokane-Spokane Valley, WA","53","Washington","063","Spokane","47.672482","-117.364852"
"03/29/2020","AirNow","530630021","5","0.5","ug/m3 LC","2","SPOKANE - AUGUSTA AVE","1","100.0000","88101","PM2.5 - Local Conditions","44060","Spokane-Spokane Valley, WA","53","Washington","063","Spokane","47.672482","-117.364852"
"03/30/2020","AirNow","530630021","5","1.2","ug/m3 LC","5","SPOKANE - AUGUSTA AVE","1","100.0000","88101","PM2.5 - Local Conditions","44060","Spokane-Spokane Valley, WA","53","Washington","063","Spokane","47.672482","-117.364852"
"03/31/2020","AirNow","530630021","5","1.7","ug/m3 LC","7","SPOKANE - AUGUSTA AVE","1","100.0000","88101","PM2.5 - Local Conditions","44060","Spokane-Spokane Valley, WA","53","Washington","063","Spokane","47.672482","-117.364852"
"04/01/2020","AirNow","530630021","5","0.8","ug/m3 LC","3","SPOKANE - AUGUSTA AVE","1","100.0000","88101","PM2.5 - Local Conditions","44060","Spokane-Spokane Valley, WA","53","Washington","063","Spokane","47.672482","-117.364852"
"04/02/2020","AirNow","530630021","5","2.8","ug/m3 LC","12","SPOKANE - AUGUSTA AVE","1","100.0000","88101","PM2.5 - Local Conditions","44060","Spokane-Spokane Valley, WA","53","Washington","063","Spokane","47.672482","-117.364852"
"04/03/2020","AirNow","530630021","5","1.6","ug/m3 LC","7","SPOKANE - AUGUSTA AVE","1","100.0000","88101","PM2.5 - Local Conditions","44060","Spokane-Spokane Valley, WA","53","Washington","063","Spokane","47.672482","-117.364852"
"04/04/2020","AirNow","530630021","5","4.6","ug/m3 LC","19","SPOKANE - AUGUSTA AVE","1","100.0000","88101","PM2.5 - Local Conditions","44060","Spokane-Spokane Valley, WA","53","Washington","063","Spokane","47.672482","-117.364852"
"04/05/2020","AirNow","530630021","5","5","ug/m3 LC","21","SPOKANE - AUGUSTA AVE","1","100.0000","88101","PM2.5 - Local Conditions","44060","Spokane-Spokane Valley, WA","53","Washington","063","Spokane","47.672482","-117.364852"
"04/06/2020","AirNow","530630021","5","6.4","ug/m3 LC","27","SPOKANE - AUGUSTA AVE","1","100.0000","88101","PM2.5 - Local Conditions","44060","Spokane-Spokane Valley, WA","53","Washington","063","Spokane","47.672482","-117.364852"
"04/07/2020","AirNow","530630021","5","6","ug/m3 LC","25","SPOKANE - AUGUSTA AVE","1","100.0000","88101","PM2.5 - Local Conditions","44060","Spokane-Spokane Valley, WA","53","Washington","063","Spokane","47.672482","-117.364852"
"04/08/2020","AirNow","530630021","5","9.8","ug/m3 LC","41","SPOKANE - AUGUSTA AVE","1","100.0000","88101","PM2.5 - Local Conditions","44060","Spokane-Spokane Valley, WA","53","Washington","063","Spokane","47.672482","-117.364852"
"04/09/2020","AirNow","530630021","5","8.8","ug/m3 LC","37","SPOKANE - AUGUSTA AVE","1","100.0000","88101","PM2.5 - Local Conditions","44060","Spokane-Spokane Valley, WA","53","Washington","063","Spokane","47.672482","-117.364852"
"04/10/2020","AirNow","530630021","5","7.9","ug/m3 LC","33","SPOKANE - AUGUSTA AVE","1","100.0000","88101","PM2.5 - Local Conditions","44060","Spokane-Spokane Valley, WA","53","Washington","063","Spokane","47.672482","-117.364852"
"04/11/2020","AirNow","530630021","5","3.8","ug/m3 LC","16","SPOKANE - AUGUSTA AVE","1","100.0000","88101","PM2.5 - Local Conditions","44060","Spokane-Spokane Valley, WA","53","Washington","063","Spokane","47.672482","-117.364852"
"04/12/2020","AirNow","530630021","5","6","ug/m3 LC","25","SPOKANE - AUGUSTA AVE","1","100.0000","88101","PM2.5 - Local Conditions","44060","Spokane-Spokane Valley, WA","53","Washington","063","Spokane","47.672482","-117.364852"
"04/13/2020","AirNow","530630021","5","6.7","ug/m3 LC","28","SPOKANE - AUGUSTA AVE","1","100.0000","88101","PM2.5 - Local Conditions","44060","Spokane-Spokane Valley, WA","53","Washington","063","Spokane","47.672482","-117.364852"
"04/14/2020","AirNow","530630021","5","3.5","ug/m3 LC","15","SPOKANE - AUGUSTA AVE","1","100.0000","88101","PM2.5 - Local Conditions","44060","Spokane-Spokane Valley, WA","53","Washington","063","Spokane","47.672482","-117.364852"
"04/15/2020","AirNow","530630021","5","4.8","ug/m3 LC","20","SPOKANE - AUGUSTA AVE","1","100.0000","88101","PM2.5 - Local Conditions","44060","Spokane-Spokane Valley, WA","53","Washington","063","Spokane","47.672482","-117.364852"
"04/16/2020","AirNow","530630021","5","4","ug/m3 LC","17","SPOKANE - AUGUSTA AVE","1","100.0000","88101","PM2.5 - Local Conditions","44060","Spokane-Spokane Valley, WA","53","Washington","063","Spokane","47.672482","-117.364852"
"04/17/2020","AirNow","530630021","5","6.1","ug/m3 LC","25","SPOKANE - AUGUSTA AVE","1","100.0000","88101","PM2.5 - Local Conditions","44060","Spokane-Spokane Valley, WA","53","Washington","063","Spokane","47.672482","-117.364852"
"04/18/2020","AirNow","530630021","5","7.4","ug/m3 LC","31","SPOKANE - AUGUSTA AVE","1","100.0000","88101","PM2.5 - Local Conditions","44060","Spokane-Spokane Valley, WA","53","Washington","063","Spokane","47.672482","-117.364852"
"04/19/2020","AirNow","530630021","5","4.9","ug/m3 LC","20","SPOKANE - AUGUSTA AVE","1","100.0000","88101","PM2.5 - Local Conditions","44060","Spokane-Spokane Valley, WA","53","Washington","063","Spokane","47.672482","-117.364852"
"04/20/2020","AirNow","530630021","5","7.4","ug/m3 LC","31","SPOKANE - AUGUSTA AVE","1","100.0000","88101","PM2.5 - Local Conditions","44060","Spokane-Spokane Valley, WA","53","Washington","063","Spokane","47.672482","-117.364852"
"04/21/2020","AirNow","530630021","5","4.2","ug/m3 LC","18","SPOKANE - AUGUSTA AVE","1","100.0000","88101","PM2.5 - Local Conditions","44060","Spokane-Spokane Valley, WA","53","Washington","063","Spokane","47.672482","-117.364852"
"04/22/2020","AirNow","530630021","5","2.2","ug/m3 LC","9","SPOKANE - AUGUSTA AVE","1","100.0000","88101","PM2.5 - Local Conditions","44060","Spokane-Spokane Valley, WA","53","Washington","063","Spokane","47.672482","-117.364852"
"04/23/2020","AirNow","530630021","5","2.6","ug/m3 LC","11","SPOKANE - AUGUSTA AVE","1","100.0000","88101","PM2.5 - Local Conditions","44060","Spokane-Spokane Valley, WA","53","Washington","063","Spokane","47.672482","-117.364852"
"04/24/2020","AirNow","530630021","5","1.2","ug/m3 LC","5","SPOKANE - AUGUSTA AVE","1","100.0000","88101","PM2.5 - Local Conditions","44060","Spokane-Spokane Valley, WA","53","Washington","063","Spokane","47.672482","-117.364852"
"04/25/2020","AirNow","530630021","5","3.5","ug/m3 LC","15","SPOKANE - AUGUSTA AVE","1","100.0000","88101","PM2.5 - Local Conditions","44060","Spokane-Spokane Valley, WA","53","Washington","063","Spokane","47.672482","-117.364852"
"04/26/2020","AirNow","530630021","5","3.8","ug/m3 LC","16","SPOKANE - AUGUSTA AVE","1","100.0000","88101","PM2.5 - Local Conditions","44060","Spokane-Spokane Valley, WA","53","Washington","063","Spokane","47.672482","-117.364852"
"04/27/2020","AirNow","530630021","5","1.7","ug/m3 LC","7","SPOKANE - AUGUSTA AVE","1","100.0000","88101","PM2.5 - Local Conditions","44060","Spokane-Spokane Valley, WA","53","Washington","063","Spokane","47.672482","-117.364852"
"04/28/2020","AirNow","530630021","5","4.3","ug/m3 LC","18","SPOKANE - AUGUSTA AVE","1","100.0000","88101","PM2.5 - Local Conditions","44060","Spokane-Spokane Valley, WA","53","Washington","063","Spokane","47.672482","-117.364852"
"04/29/2020","AirNow","530630021","5","6","ug/m3 LC","25","SPOKANE - AUGUSTA AVE","1","100.0000","88101","PM2.5 - Local Conditions","44060","Spokane-Spokane Valley, WA","53","Washington","063","Spokane","47.672482","-117.364852"
"04/30/2020","AirNow","530630021","5","3","ug/m3 LC","13","SPOKANE - AUGUSTA AVE","1","100.0000","88101","PM2.5 - Local Conditions","44060","Spokane-Spokane Valley, WA","53","Washington","063","Spokane","47.672482","-117.364852"
"05/01/2020","AirNow","530630021","5","4.3","ug/m3 LC","18","SPOKANE - AUGUSTA AVE","1","100.0000","88101","PM2.5 - Local Conditions","44060","Spokane-Spokane Valley, WA","53","Washington","063","Spokane","47.672482","-117.364852"
"05/02/2020","AirNow","530630021","5","8.6","ug/m3 LC","36","SPOKANE - AUGUSTA AVE","1","100.0000","88101","PM2.5 - Local Conditions","44060","Spokane-Spokane Valley, WA","53","Washington","063","Spokane","47.672482","-117.364852"
"01/01/2020","AQS","530630047","4","1.9","ug/m3 LC","8","SPOKANE - MONROE ST","1","100.0000","88502","Acceptable PM2.5 AQI & Speciation Mass","44060","Spokane-Spokane Valley, WA","53","Washington","063","Spokane","47.69978","-117.42635"
"01/02/2020","AQS","530630047","4","2.4","ug/m3 LC","10","SPOKANE - MONROE ST","1","100.0000","88502","Acceptable PM2.5 AQI & Speciation Mass","44060","Spokane-Spokane Valley, WA","53","Washington","063","Spokane","47.69978","-117.42635"
"01/03/2020","AQS","530630047","4","2.9","ug/m3 LC","12","SPOKANE - MONROE ST","1","100.0000","88502","Acceptable PM2.5 AQI & Speciation Mass","44060","Spokane-Spokane Valley, WA","53","Washington","063","Spokane","47.69978","-117.42635"
"01/04/2020","AQS","530630047","4","1.8","ug/m3 LC","8","SPOKANE - MONROE ST","1","100.0000","88502","Acceptable PM2.5 AQI & Speciation Mass","44060","Spokane-Spokane Valley, WA","53","Washington","063","Spokane","47.69978","-117.42635"
"01/05/2020","AQS","530630047","4","2.1","ug/m3 LC","9","SPOKANE - MONROE ST","1","100.0000","88502","Acceptable PM2.5 AQI & Speciation Mass","44060","Spokane-Spokane Valley, WA","53","Washington","063","Spokane","47.69978","-117.42635"
"01/06/2020","AQS","530630047","4","1.5","ug/m3 LC","6","SPOKANE - MONROE ST","1","100.0000","88502","Acceptable PM2.5 AQI & Speciation Mass","44060","Spokane-Spokane Valley, WA","53","Washington","063","Spokane","47.69978","-117.42635"
"01/07/2020","AQS","530630047","4","1.6","ug/m3 LC","7","SPOKANE - MONROE ST","1","100.0000","88502","Acceptable PM2.5 AQI & Speciation Mass","44060","Spokane-Spokane Valley, WA","53","Washington","063","Spokane","47.69978","-117.42635"
"01/08/2020","AQS","530630047","4","1.9","ug/m3 LC","8","SPOKANE - MONROE ST","1","100.0000","88502","Acceptable PM2.5 AQI & Speciation Mass","44060","Spokane-Spokane Valley, WA","53","Washington","063","Spokane","47.69978","-117.42635"
"01/09/2020","AQS","530630047","4","4.2","ug/m3 LC","18","SPOKANE - MONROE ST","1","100.0000","88502","Acceptable PM2.5 AQI & Speciation Mass","44060","Spokane-Spokane Valley, WA","53","Washington","063","Spokane","47.69978","-117.42635"
"01/10/2020","AQS","530630047","4","5","ug/m3 LC","21","SPOKANE - MONROE ST","1","100.0000","88502","Acceptable PM2.5 AQI & Speciation Mass","44060","Spokane-Spokane Valley, WA","53","Washington","063","Spokane","47.69978","-117.42635"
"01/11/2020","AQS","530630047","4","2.8","ug/m3 LC","12","SPOKANE - MONROE ST","1","100.0000","88502","Acceptable PM2.5 AQI & Speciation Mass","44060","Spokane-Spokane Valley, WA","53","Washington","063","Spokane","47.69978","-117.42635"
"01/12/2020","AQS","530630047","4","2","ug/m3 LC","8","SPOKANE - MONROE ST","1","100.0000","88502","Acceptable PM2.5 AQI & Speciation Mass","44060","Spokane-Spokane Valley, WA","53","Washington","063","Spokane","47.69978","-117.42635"
"01/13/2020","AQS","530630047","4","3.3","ug/m3 LC","14","SPOKANE - MONROE ST","1","100.0000","88502","Acceptable PM2.5 AQI & Speciation Mass","44060","Spokane-Spokane Valley, WA","53","Washington","063","Spokane","47.69978","-117.42635"
"01/14/2020","AQS","530630047","4","4.1","ug/m3 LC","17","SPOKANE - MONROE ST","1","100.0000","88502","Acceptable PM2.5 AQI & Speciation Mass","44060","Spokane-Spokane Valley, WA","53","Washington","063","Spokane","47.69978","-117.42635"
"01/15/2020","AQS","530630047","4","5.5","ug/m3 LC","23","SPOKANE - MONROE ST","1","100.0000","88502","Acceptable PM2.5 AQI & Speciation Mass","44060","Spokane-Spokane Valley, WA","53","Washington","063","Spokane","47.69978","-117.42635"
"01/16/2020","AQS","530630047","4","4.6","ug/m3 LC","19","SPOKANE - MONROE ST","1","100.0000","88502","Acceptable PM2.5 AQI & Speciation Mass","44060","Spokane-Spokane Valley, WA","53","Washington","063","Spokane","47.69978","-117.42635"
"01/17/2020","AQS","530630047","4","7.9","ug/m3 LC","33","SPOKANE - MONROE ST","1","100.0000","88502","Acceptable PM2.5 AQI & Speciation Mass","44060","Spokane-Spokane Valley, WA","53","Washington","063","Spokane","47.69978","-117.42635"
"01/18/2020","AQS","530630047","4","8.4","ug/m3 LC","35","SPOKANE - MONROE ST","1","100.0000","88502","Acceptable PM2.5 AQI & Speciation Mass","44060","Spokane-Spokane Valley, WA","53","Washington","063","Spokane","47.69978","-117.42635"
"01/19/2020","AQS","530630047","4","5.8","ug/m3 LC","24","SPOKANE - MONROE ST","1","100.0000","88502","Acceptable PM2.5 AQI & Speciation Mass","44060","Spokane-Spokane Valley, WA","53","Washington","063","Spokane","47.69978","-117.42635"
"01/20/2020","AQS","530630047","4","8.9","ug/m3 LC","37","SPOKANE - MONROE ST","1","100.0000","88502","Acceptable PM2.5 AQI & Speciation Mass","44060","Spokane-Spokane Valley, WA","53","Washington","063","Spokane","47.69978","-117.42635"
"01/21/2020","AQS","530630047","4","6.3","ug/m3 LC","26","SPOKANE - MONROE ST","1","100.0000","88502","Acceptable PM2.5 AQI & Speciation Mass","44060","Spokane-Spokane Valley, WA","53","Washington","063","Spokane","47.69978","-117.42635"
"01/22/2020","AQS","530630047","4","3.5","ug/m3 LC","15","SPOKANE - MONROE ST","1","100.0000","88502","Acceptable PM2.5 AQI & Speciation Mass","44060","Spokane-Spokane Valley, WA","53","Washington","063","Spokane","47.69978","-117.42635"
"01/23/2020","AQS","530630047","4","4.5","ug/m3 LC","19","SPOKANE - MONROE ST","1","100.0000","88502","Acceptable PM2.5 AQI & Speciation Mass","44060","Spokane-Spokane Valley, WA","53","Washington","063","Spokane","47.69978","-117.42635"
"01/24/2020","AQS","530630047","4","3.2","ug/m3 LC","13","SPOKANE - MONROE ST","1","100.0000","88502","Acceptable PM2.5 AQI & Speciation Mass","44060","Spokane-Spokane Valley, WA","53","Washington","063","Spokane","47.69978","-117.42635"
"01/25/2020","AQS","530630047","4","7.9","ug/m3 LC","33","SPOKANE - MONROE ST","1","100.0000","88502","Acceptable PM2.5 AQI & Speciation Mass","44060","Spokane-Spokane Valley, WA","53","Washington","063","Spokane","47.69978","-117.42635"
"01/26/2020","AQS","530630047","4","6.7","ug/m3 LC","28","SPOKANE - MONROE ST","1","100.0000","88502","Acceptable PM2.5 AQI & Speciation Mass","44060","Spokane-Spokane Valley, WA","53","Washington","063","Spokane","47.69978","-117.42635"
"01/27/2020","AQS","530630047","4","4.3","ug/m3 LC","18","SPOKANE - MONROE ST","1","100.0000","88502","Acceptable PM2.5 AQI & Speciation Mass","44060","Spokane-Spokane Valley, WA","53","Washington","063","Spokane","47.69978","-117.42635"
"01/28/2020","AQS","530630047","4","4.3","ug/m3 LC","18","SPOKANE - MONROE ST","1","100.0000","88502","Acceptable PM2.5 AQI & Speciation Mass","44060","Spokane-Spokane Valley, WA","53","Washington","063","Spokane","47.69978","-117.42635"
"01/29/2020","AQS","530630047","4","4.3","ug/m3 LC","18","SPOKANE - MONROE ST","1","100.0000","88502","Acceptable PM2.5 AQI & Speciation Mass","44060","Spokane-Spokane Valley, WA","53","Washington","063","Spokane","47.69978","-117.42635"
"01/30/2020","AQS","530630047","4","7.4","ug/m3 LC","31","SPOKANE - MONROE ST","1","100.0000","88502","Acceptable PM2.5 AQI & Speciation Mass","44060","Spokane-Spokane Valley, WA","53","Washington","063","Spokane","47.69978","-117.42635"
"01/31/2020","AQS","530630047","4","2.1","ug/m3 LC","9","SPOKANE - MONROE ST","1","100.0000","88502","Acceptable PM2.5 AQI & Speciation Mass","44060","Spokane-Spokane Valley, WA","53","Washington","063","Spokane","47.69978","-117.42635"
"02/01/2020","AirNow","530630047","4","1.9","ug/m3 LC","8","SPOKANE - MONROE ST","1","100.0000","88502","Acceptable PM2.5 AQI & Speciation Mass","44060","Spokane-Spokane Valley, WA","53","Washington","063","Spokane","47.69978","-117.42635"
"02/02/2020","AirNow","530630047","4","5.1","ug/m3 LC","21","SPOKANE - MONROE ST","1","100.0000","88502","Acceptable PM2.5 AQI & Speciation Mass","44060","Spokane-Spokane Valley, WA","53","Washington","063","Spokane","47.69978","-117.42635"
"02/03/2020","AirNow","530630047","4","6","ug/m3 LC","25","SPOKANE - MONROE ST","1","100.0000","88502","Acceptable PM2.5 AQI & Speciation Mass","44060","Spokane-Spokane Valley, WA","53","Washington","063","Spokane","47.69978","-117.42635"
"02/04/2020","AirNow","530630047","4","3.9","ug/m3 LC","16","SPOKANE - MONROE ST","1","100.0000","88502","Acceptable PM2.5 AQI & Speciation Mass","44060","Spokane-Spokane Valley, WA","53","Washington","063","Spokane","47.69978","-117.42635"
"02/05/2020","AirNow","530630047","4","5.5","ug/m3 LC","23","SPOKANE - MONROE ST","1","100.0000","88502","Acceptable PM2.5 AQI & Speciation Mass","44060","Spokane-Spokane Valley, WA","53","Washington","063","Spokane","47.69978","-117.42635"
"02/06/2020","AirNow","530630047","4","10.1","ug/m3 LC","42","SPOKANE - MONROE ST","1","100.0000","88502","Acceptable PM2.5 AQI & Speciation Mass","44060","Spokane-Spokane Valley, WA","53","Washington","063","Spokane","47.69978","-117.42635"
"02/07/2020","AirNow","530630047","4","8.9","ug/m3 LC","37","SPOKANE - MONROE ST","1","100.0000","88502","Acceptable PM2.5 AQI & Speciation Mass","44060","Spokane-Spokane Valley, WA","53","Washington","063","Spokane","47.69978","-117.42635"
"02/08/2020","AirNow","530630047","4","2.7","ug/m3 LC","11","SPOKANE - MONROE ST","1","100.0000","88502","Acceptable PM2.5 AQI & Speciation Mass","44060","Spokane-Spokane Valley, WA","53","Washington","063","Spokane","47.69978","-117.42635"
"02/09/2020","AirNow","530630047","4","4.3","ug/m3 LC","18","SPOKANE - MONROE ST","1","100.0000","88502","Acceptable PM2.5 AQI & Speciation Mass","44060","Spokane-Spokane Valley, WA","53","Washington","063","Spokane","47.69978","-117.42635"
"02/10/2020","AirNow","530630047","4","5","ug/m3 LC","21","SPOKANE - MONROE ST","1","100.0000","88502","Acceptable PM2.5 AQI & Speciation Mass","44060","Spokane-Spokane Valley, WA","53","Washington","063","Spokane","47.69978","-117.42635"
"02/11/2020","AirNow","530630047","4","3.7","ug/m3 LC","15","SPOKANE - MONROE ST","1","100.0000","88502","Acceptable PM2.5 AQI & Speciation Mass","44060","Spokane-Spokane Valley, WA","53","Washington","063","Spokane","47.69978","-117.42635"
"02/12/2020","AirNow","530630047","4","5.8","ug/m3 LC","24","SPOKANE - MONROE ST","1","100.0000","88502","Acceptable PM2.5 AQI & Speciation Mass","44060","Spokane-Spokane Valley, WA","53","Washington","063","Spokane","47.69978","-117.42635"
"02/13/2020","AirNow","530630047","4","6.3","ug/m3 LC","26","SPOKANE - MONROE ST","1","100.0000","88502","Acceptable PM2.5 AQI & Speciation Mass","44060","Spokane-Spokane Valley, WA","53","Washington","063","Spokane","47.69978","-117.42635"
"02/14/2020","AirNow","530630047","4","2.4","ug/m3 LC","10","SPOKANE - MONROE ST","1","100.0000","88502","Acceptable PM2.5 AQI & Speciation Mass","44060","Spokane-Spokane Valley, WA","53","Washington","063","Spokane","47.69978","-117.42635"
"02/15/2020","AirNow","530630047","4","2.6","ug/m3 LC","11","SPOKANE - MONROE ST","1","100.0000","88502","Acceptable PM2.5 AQI & Speciation Mass","44060","Spokane-Spokane Valley, WA","53","Washington","063","Spokane","47.69978","-117.42635"
"02/16/2020","AirNow","530630047","4","2.6","ug/m3 LC","11","SPOKANE - MONROE ST","1","100.0000","88502","Acceptable PM2.5 AQI & Speciation Mass","44060","Spokane-Spokane Valley, WA","53","Washington","063","Spokane","47.69978","-117.42635"
"02/17/2020","AirNow","530630047","4","3.5","ug/m3 LC","15","SPOKANE - MONROE ST","1","100.0000","88502","Acceptable PM2.5 AQI & Speciation Mass","44060","Spokane-Spokane Valley, WA","53","Washington","063","Spokane","47.69978","-117.42635"
"02/18/2020","AirNow","530630047","4","6.6","ug/m3 LC","28","SPOKANE - MONROE ST","1","100.0000","88502","Acceptable PM2.5 AQI & Speciation Mass","44060","Spokane-Spokane Valley, WA","53","Washington","063","Spokane","47.69978","-117.42635"
"02/19/2020","AirNow","530630047","4","8.9","ug/m3 LC","37","SPOKANE - MONROE ST","1","100.0000","88502","Acceptable PM2.5 AQI & Speciation Mass","44060","Spokane-Spokane Valley, WA","53","Washington","063","Spokane","47.69978","-117.42635"
"02/20/2020","AirNow","530630047","4","9.7","ug/m3 LC","40","SPOKANE - MONROE ST","1","100.0000","88502","Acceptable PM2.5 AQI & Speciation Mass","44060","Spokane-Spokane Valley, WA","53","Washington","063","Spokane","47.69978","-117.42635"
"02/21/2020","AirNow","530630047","4","10.4","ug/m3 LC","43","SPOKANE - MONROE ST","1","100.0000","88502","Acceptable PM2.5 AQI & Speciation Mass","44060","Spokane-Spokane Valley, WA","53","Washington","063","Spokane","47.69978","-117.42635"
"02/22/2020","AirNow","530630047","4","12","ug/m3 LC","50","SPOKANE - MONROE ST","1","100.0000","88502","Acceptable PM2.5 AQI & Speciation Mass","44060","Spokane-Spokane Valley, WA","53","Washington","063","Spokane","47.69978","-117.42635"
"02/23/2020","AirNow","530630047","4","5.5","ug/m3 LC","23","SPOKANE - MONROE ST","1","100.0000","88502","Acceptable PM2.5 AQI & Speciation Mass","44060","Spokane-Spokane Valley, WA","53","Washington","063","Spokane","47.69978","-117.42635"
"02/24/2020","AirNow","530630047","4","2.7","ug/m3 LC","11","SPOKANE - MONROE ST","1","100.0000","88502","Acceptable PM2.5 AQI & Speciation Mass","44060","Spokane-Spokane Valley, WA","53","Washington","063","Spokane","47.69978","-117.42635"
"02/25/2020","AirNow","530630047","4","5","ug/m3 LC","21","SPOKANE - MONROE ST","1","100.0000","88502","Acceptable PM2.5 AQI & Speciation Mass","44060","Spokane-Spokane Valley, WA","53","Washington","063","Spokane","47.69978","-117.42635"
"02/26/2020","AirNow","530630047","4","6.5","ug/m3 LC","27","SPOKANE - MONROE ST","1","100.0000","88502","Acceptable PM2.5 AQI & Speciation Mass","44060","Spokane-Spokane Valley, WA","53","Washington","063","Spokane","47.69978","-117.42635"
"02/27/2020","AirNow","530630047","4","8","ug/m3 LC","33","SPOKANE - MONROE ST","1","100.0000","88502","Acceptable PM2.5 AQI & Speciation Mass","44060","Spokane-Spokane Valley, WA","53","Washington","063","Spokane","47.69978","-117.42635"
"02/28/2020","AirNow","530630047","4","5.2","ug/m3 LC","22","SPOKANE - MONROE ST","1","100.0000","88502","Acceptable PM2.5 AQI & Speciation Mass","44060","Spokane-Spokane Valley, WA","53","Washington","063","Spokane","47.69978","-117.42635"
"02/29/2020","AirNow","530630047","4","3.2","ug/m3 LC","13","SPOKANE - MONROE ST","1","100.0000","88502","Acceptable PM2.5 AQI & Speciation Mass","44060","Spokane-Spokane Valley, WA","53","Washington","063","Spokane","47.69978","-117.42635"
"03/01/2020","AirNow","530630047","4","3.3","ug/m3 LC","14","SPOKANE - MONROE ST","1","100.0000","88502","Acceptable PM2.5 AQI & Speciation Mass","44060","Spokane-Spokane Valley, WA","53","Washington","063","Spokane","47.69978","-117.42635"
"03/02/2020","AirNow","530630047","4","3","ug/m3 LC","13","SPOKANE - MONROE ST","1","100.0000","88502","Acceptable PM2.5 AQI & Speciation Mass","44060","Spokane-Spokane Valley, WA","53","Washington","063","Spokane","47.69978","-117.42635"
"03/03/2020","AirNow","530630047","4","2.2","ug/m3 LC","9","SPOKANE - MONROE ST","1","100.0000","88502","Acceptable PM2.5 AQI & Speciation Mass","44060","Spokane-Spokane Valley, WA","53","Washington","063","Spokane","47.69978","-117.42635"
"03/04/2020","AirNow","530630047","4","3.8","ug/m3 LC","16","SPOKANE - MONROE ST","1","100.0000","88502","Acceptable PM2.5 AQI & Speciation Mass","44060","Spokane-Spokane Valley, WA","53","Washington","063","Spokane","47.69978","-117.42635"
"03/05/2020","AirNow","530630047","4","5.7","ug/m3 LC","24","SPOKANE - MONROE ST","1","100.0000","88502","Acceptable PM2.5 AQI & Speciation Mass","44060","Spokane-Spokane Valley, WA","53","Washington","063","Spokane","47.69978","-117.42635"
"03/06/2020","AirNow","530630047","4","6.6","ug/m3 LC","28","SPOKANE - MONROE ST","1","100.0000","88502","Acceptable PM2.5 AQI & Speciation Mass","44060","Spokane-Spokane Valley, WA","53","Washington","063","Spokane","47.69978","-117.42635"
"03/07/2020","AirNow","530630047","4","4.7","ug/m3 LC","20","SPOKANE - MONROE ST","1","100.0000","88502","Acceptable PM2.5 AQI & Speciation Mass","44060","Spokane-Spokane Valley, WA","53","Washington","063","Spokane","47.69978","-117.42635"
"03/08/2020","AirNow","530630047","4","4.2","ug/m3 LC","18","SPOKANE - MONROE ST","1","100.0000","88502","Acceptable PM2.5 AQI & Speciation Mass","44060","Spokane-Spokane Valley, WA","53","Washington","063","Spokane","47.69978","-117.42635"
"03/09/2020","AirNow","530630047","4","6.2","ug/m3 LC","26","SPOKANE - MONROE ST","1","100.0000","88502","Acceptable PM2.5 AQI & Speciation Mass","44060","Spokane-Spokane Valley, WA","53","Washington","063","Spokane","47.69978","-117.42635"
"03/10/2020","AirNow","530630047","4","5.3","ug/m3 LC","22","SPOKANE - MONROE ST","1","100.0000","88502","Acceptable PM2.5 AQI & Speciation Mass","44060","Spokane-Spokane Valley, WA","53","Washington","063","Spokane","47.69978","-117.42635"
"03/11/2020","AirNow","530630047","4","2.4","ug/m3 LC","10","SPOKANE - MONROE ST","1","100.0000","88502","Acceptable PM2.5 AQI & Speciation Mass","44060","Spokane-Spokane Valley, WA","53","Washington","063","Spokane","47.69978","-117.42635"
"03/12/2020","AirNow","530630047","4","4.4","ug/m3 LC","18","SPOKANE - MONROE ST","1","100.0000","88502","Acceptable PM2.5 AQI & Speciation Mass","44060","Spokane-Spokane Valley, WA","53","Washington","063","Spokane","47.69978","-117.42635"
"03/13/2020","AirNow","530630047","4","4.9","ug/m3 LC","20","SPOKANE - MONROE ST","1","100.0000","88502","Acceptable PM2.5 AQI & Speciation Mass","44060","Spokane-Spokane Valley, WA","53","Washington","063","Spokane","47.69978","-117.42635"
"03/14/2020","AirNow","530630047","4","3.5","ug/m3 LC","15","SPOKANE - MONROE ST","1","100.0000","88502","Acceptable PM2.5 AQI & Speciation Mass","44060","Spokane-Spokane Valley, WA","53","Washington","063","Spokane","47.69978","-117.42635"
"03/15/2020","AirNow","530630047","4","5.5","ug/m3 LC","23","SPOKANE - MONROE ST","1","100.0000","88502","Acceptable PM2.5 AQI & Speciation Mass","44060","Spokane-Spokane Valley, WA","53","Washington","063","Spokane","47.69978","-117.42635"
"03/16/2020","AirNow","530630047","4","6.5","ug/m3 LC","27","SPOKANE - MONROE ST","1","100.0000","88502","Acceptable PM2.5 AQI & Speciation Mass","44060","Spokane-Spokane Valley, WA","53","Washington","063","Spokane","47.69978","-117.42635"
"03/17/2020","AirNow","530630047","4","7.5","ug/m3 LC","31","SPOKANE - MONROE ST","1","100.0000","88502","Acceptable PM2.5 AQI & Speciation Mass","44060","Spokane-Spokane Valley, WA","53","Washington","063","Spokane","47.69978","-117.42635"
"03/18/2020","AirNow","530630047","4","5.7","ug/m3 LC","24","SPOKANE - MONROE ST","1","100.0000","88502","Acceptable PM2.5 AQI & Speciation Mass","44060","Spokane-Spokane Valley, WA","53","Washington","063","Spokane","47.69978","-117.42635"
"03/19/2020","AirNow","530630047","4","7.7","ug/m3 LC","32","SPOKANE - MONROE ST","1","100.0000","88502","Acceptable PM2.5 AQI & Speciation Mass","44060","Spokane-Spokane Valley, WA","53","Washington","063","Spokane","47.69978","-117.42635"
"03/20/2020","AirNow","530630047","4","8.2","ug/m3 LC","34","SPOKANE - MONROE ST","1","100.0000","88502","Acceptable PM2.5 AQI & Speciation Mass","44060","Spokane-Spokane Valley, WA","53","Washington","063","Spokane","47.69978","-117.42635"
"03/21/2020","AirNow","530630047","4","6.3","ug/m3 LC","26","SPOKANE - MONROE ST","1","100.0000","88502","Acceptable PM2.5 AQI & Speciation Mass","44060","Spokane-Spokane Valley, WA","53","Washington","063","Spokane","47.69978","-117.42635"
"03/22/2020","AirNow","530630047","4","5.1","ug/m3 LC","21","SPOKANE - MONROE ST","1","100.0000","88502","Acceptable PM2.5 AQI & Speciation Mass","44060","Spokane-Spokane Valley, WA","53","Washington","063","Spokane","47.69978","-117.42635"
"03/23/2020","AirNow","530630047","4","3.7","ug/m3 LC","15","SPOKANE - MONROE ST","1","100.0000","88502","Acceptable PM2.5 AQI & Speciation Mass","44060","Spokane-Spokane Valley, WA","53","Washington","063","Spokane","47.69978","-117.42635"
"03/24/2020","AirNow","530630047","4","3.2","ug/m3 LC","13","SPOKANE - MONROE ST","1","100.0000","88502","Acceptable PM2.5 AQI & Speciation Mass","44060","Spokane-Spokane Valley, WA","53","Washington","063","Spokane","47.69978","-117.42635"
"03/25/2020","AirNow","530630047","4","4.5","ug/m3 LC","19","SPOKANE - MONROE ST","1","100.0000","88502","Acceptable PM2.5 AQI & Speciation Mass","44060","Spokane-Spokane Valley, WA","53","Washington","063","Spokane","47.69978","-117.42635"
"03/26/2020","AirNow","530630047","4","3.6","ug/m3 LC","15","SPOKANE - MONROE ST","1","100.0000","88502","Acceptable PM2.5 AQI & Speciation Mass","44060","Spokane-Spokane Valley, WA","53","Washington","063","Spokane","47.69978","-117.42635"
"03/27/2020","AirNow","530630047","4","4.8","ug/m3 LC","20","SPOKANE - MONROE ST","1","100.0000","88502","Acceptable PM2.5 AQI & Speciation Mass","44060","Spokane-Spokane Valley, WA","53","Washington","063","Spokane","47.69978","-117.42635"
"03/28/2020","AirNow","530630047","4","2.5","ug/m3 LC","10","SPOKANE - MONROE ST","1","100.0000","88502","Acceptable PM2.5 AQI & Speciation Mass","44060","Spokane-Spokane Valley, WA","53","Washington","063","Spokane","47.69978","-117.42635"
"03/29/2020","AirNow","530630047","4","2.3","ug/m3 LC","10","SPOKANE - MONROE ST","1","100.0000","88502","Acceptable PM2.5 AQI & Speciation Mass","44060","Spokane-Spokane Valley, WA","53","Washington","063","Spokane","47.69978","-117.42635"
"03/30/2020","AirNow","530630047","4","2","ug/m3 LC","8","SPOKANE - MONROE ST","1","100.0000","88502","Acceptable PM2.5 AQI & Speciation Mass","44060","Spokane-Spokane Valley, WA","53","Washington","063","Spokane","47.69978","-117.42635"
"03/31/2020","AirNow","530630047","4","2.4","ug/m3 LC","10","SPOKANE - MONROE ST","1","100.0000","88502","Acceptable PM2.5 AQI & Speciation Mass","44060","Spokane-Spokane Valley, WA","53","Washington","063","Spokane","47.69978","-117.42635"
"04/01/2020","AirNow","530630047","4","3.1","ug/m3 LC","13","SPOKANE - MONROE ST","1","100.0000","88502","Acceptable PM2.5 AQI & Speciation Mass","44060","Spokane-Spokane Valley, WA","53","Washington","063","Spokane","47.69978","-117.42635"
"04/02/2020","AirNow","530630047","4","3.2","ug/m3 LC","13","SPOKANE - MONROE ST","1","100.0000","88502","Acceptable PM2.5 AQI & Speciation Mass","44060","Spokane-Spokane Valley, WA","53","Washington","063","Spokane","47.69978","-117.42635"
"04/03/2020","AirNow","530630047","4","2.5","ug/m3 LC","10","SPOKANE - MONROE ST","1","100.0000","88502","Acceptable PM2.5 AQI & Speciation Mass","44060","Spokane-Spokane Valley, WA","53","Washington","063","Spokane","47.69978","-117.42635"
"04/04/2020","AirNow","530630047","4","3.9","ug/m3 LC","16","SPOKANE - MONROE ST","1","100.0000","88502","Acceptable PM2.5 AQI & Speciation Mass","44060","Spokane-Spokane Valley, WA","53","Washington","063","Spokane","47.69978","-117.42635"
"04/05/2020","AirNow","530630047","4","5.4","ug/m3 LC","23","SPOKANE - MONROE ST","1","100.0000","88502","Acceptable PM2.5 AQI & Speciation Mass","44060","Spokane-Spokane Valley, WA","53","Washington","063","Spokane","47.69978","-117.42635"
"04/06/2020","AirNow","530630047","4","6.9","ug/m3 LC","29","SPOKANE - MONROE ST","1","100.0000","88502","Acceptable PM2.5 AQI & Speciation Mass","44060","Spokane-Spokane Valley, WA","53","Washington","063","Spokane","47.69978","-117.42635"
"04/07/2020","AirNow","530630047","4","4.8","ug/m3 LC","20","SPOKANE - MONROE ST","1","100.0000","88502","Acceptable PM2.5 AQI & Speciation Mass","44060","Spokane-Spokane Valley, WA","53","Washington","063","Spokane","47.69978","-117.42635"
"04/08/2020","AirNow","530630047","4","8.5","ug/m3 LC","35","SPOKANE - MONROE ST","1","100.0000","88502","Acceptable PM2.5 AQI & Speciation Mass","44060","Spokane-Spokane Valley, WA","53","Washington","063","Spokane","47.69978","-117.42635"
"04/09/2020","AirNow","530630047","4","8","ug/m3 LC","33","SPOKANE - MONROE ST","1","100.0000","88502","Acceptable PM2.5 AQI & Speciation Mass","44060","Spokane-Spokane Valley, WA","53","Washington","063","Spokane","47.69978","-117.42635"
"04/10/2020","AirNow","530630047","4","5.6","ug/m3 LC","23","SPOKANE - MONROE ST","1","100.0000","88502","Acceptable PM2.5 AQI & Speciation Mass","44060","Spokane-Spokane Valley, WA","53","Washington","063","Spokane","47.69978","-117.42635"
"04/11/2020","AirNow","530630047","4","3.2","ug/m3 LC","13","SPOKANE - MONROE ST","1","100.0000","88502","Acceptable PM2.5 AQI & Speciation Mass","44060","Spokane-Spokane Valley, WA","53","Washington","063","Spokane","47.69978","-117.42635"
"04/12/2020","AirNow","530630047","4","5.3","ug/m3 LC","22","SPOKANE - MONROE ST","1","100.0000","88502","Acceptable PM2.5 AQI & Speciation Mass","44060","Spokane-Spokane Valley, WA","53","Washington","063","Spokane","47.69978","-117.42635"
"04/13/2020","AirNow","530630047","4","6.5","ug/m3 LC","27","SPOKANE - MONROE ST","1","100.0000","88502","Acceptable PM2.5 AQI & Speciation Mass","44060","Spokane-Spokane Valley, WA","53","Washington","063","Spokane","47.69978","-117.42635"
"04/14/2020","AirNow","530630047","4","4.1","ug/m3 LC","17","SPOKANE - MONROE ST","1","100.0000","88502","Acceptable PM2.5 AQI & Speciation Mass","44060","Spokane-Spokane Valley, WA","53","Washington","063","Spokane","47.69978","-117.42635"
"04/15/2020","AirNow","530630047","4","3.1","ug/m3 LC","13","SPOKANE - MONROE ST","1","100.0000","88502","Acceptable PM2.5 AQI & Speciation Mass","44060","Spokane-Spokane Valley, WA","53","Washington","063","Spokane","47.69978","-117.42635"
"04/16/2020","AirNow","530630047","4","3.2","ug/m3 LC","13","SPOKANE - MONROE ST","1","100.0000","88502","Acceptable PM2.5 AQI & Speciation Mass","44060","Spokane-Spokane Valley, WA","53","Washington","063","Spokane","47.69978","-117.42635"
"04/17/2020","AirNow","530630047","4","5.8","ug/m3 LC","24","SPOKANE - MONROE ST","1","100.0000","88502","Acceptable PM2.5 AQI & Speciation Mass","44060","Spokane-Spokane Valley, WA","53","Washington","063","Spokane","47.69978","-117.42635"
"04/18/2020","AirNow","530630047","4","5.3","ug/m3 LC","22","SPOKANE - MONROE ST","1","100.0000","88502","Acceptable PM2.5 AQI & Speciation Mass","44060","Spokane-Spokane Valley, WA","53","Washington","063","Spokane","47.69978","-117.42635"
"04/19/2020","AirNow","530630047","4","3.9","ug/m3 LC","16","SPOKANE - MONROE ST","1","100.0000","88502","Acceptable PM2.5 AQI & Speciation Mass","44060","Spokane-Spokane Valley, WA","53","Washington","063","Spokane","47.69978","-117.42635"
"04/20/2020","AirNow","530630047","4","5.6","ug/m3 LC","23","SPOKANE - MONROE ST","1","100.0000","88502","Acceptable PM2.5 AQI & Speciation Mass","44060","Spokane-Spokane Valley, WA","53","Washington","063","Spokane","47.69978","-117.42635"
"04/21/2020","AirNow","530630047","4","3.9","ug/m3 LC","16","SPOKANE - MONROE ST","1","100.0000","88502","Acceptable PM2.5 AQI & Speciation Mass","44060","Spokane-Spokane Valley, WA","53","Washington","063","Spokane","47.69978","-117.42635"
"04/22/2020","AirNow","530630047","4","3.2","ug/m3 LC","13","SPOKANE - MONROE ST","1","100.0000","88502","Acceptable PM2.5 AQI & Speciation Mass","44060","Spokane-Spokane Valley, WA","53","Washington","063","Spokane","47.69978","-117.42635"
"04/23/2020","AirNow","530630047","4","3.1","ug/m3 LC","13","SPOKANE - MONROE ST","1","100.0000","88502","Acceptable PM2.5 AQI & Speciation Mass","44060","Spokane-Spokane Valley, WA","53","Washington","063","Spokane","47.69978","-117.42635"
"04/24/2020","AirNow","530630047","4","3.6","ug/m3 LC","15","SPOKANE - MONROE ST","1","100.0000","88502","Acceptable PM2.5 AQI & Speciation Mass","44060","Spokane-Spokane Valley, WA","53","Washington","063","Spokane","47.69978","-117.42635"
"04/25/2020","AirNow","530630047","4","3.6","ug/m3 LC","15","SPOKANE - MONROE ST","1","100.0000","88502","Acceptable PM2.5 AQI & Speciation Mass","44060","Spokane-Spokane Valley, WA","53","Washington","063","Spokane","47.69978","-117.42635"
"04/26/2020","AirNow","530630047","4","4.3","ug/m3 LC","18","SPOKANE - MONROE ST","1","100.0000","88502","Acceptable PM2.5 AQI & Speciation Mass","44060","Spokane-Spokane Valley, WA","53","Washington","063","Spokane","47.69978","-117.42635"
"04/27/2020","AirNow","530630047","4","2.4","ug/m3 LC","10","SPOKANE - MONROE ST","1","100.0000","88502","Acceptable PM2.5 AQI & Speciation Mass","44060","Spokane-Spokane Valley, WA","53","Washington","063","Spokane","47.69978","-117.42635"
"04/28/2020","AirNow","530630047","4","4.4","ug/m3 LC","18","SPOKANE - MONROE ST","1","100.0000","88502","Acceptable PM2.5 AQI & Speciation Mass","44060","Spokane-Spokane Valley, WA","53","Washington","063","Spokane","47.69978","-117.42635"
"04/29/2020","AirNow","530630047","4","5.5","ug/m3 LC","23","SPOKANE - MONROE ST","1","100.0000","88502","Acceptable PM2.5 AQI & Speciation Mass","44060","Spokane-Spokane Valley, WA","53","Washington","063","Spokane","47.69978","-117.42635"
"04/30/2020","AirNow","530630047","4","2.5","ug/m3 LC","10","SPOKANE - MONROE ST","1","100.0000","88502","Acceptable PM2.5 AQI & Speciation Mass","44060","Spokane-Spokane Valley, WA","53","Washington","063","Spokane","47.69978","-117.42635"
"05/01/2020","AirNow","530630047","4","5.6","ug/m3 LC","23","SPOKANE - MONROE ST","1","100.0000","88502","Acceptable PM2.5 AQI & Speciation Mass","44060","Spokane-Spokane Valley, WA","53","Washington","063","Spokane","47.69978","-117.42635"
"05/02/2020","AirNow","530630047","4","5.5","ug/m3 LC","23","SPOKANE - MONROE ST","1","100.0000","88502","Acceptable PM2.5 AQI & Speciation Mass","44060","Spokane-Spokane Valley, WA","53","Washington","063","Spokane","47.69978","-117.42635"
"01/01/2020","AQS","530650002","4","2","ug/m3 LC","8","SPOKANE - WELLPINIT  FORD RD (SPOKANE TRIBE)","1","100.0000","88502","Acceptable PM2.5 AQI & Speciation Mass","44060","Spokane-Spokane Valley, WA","53","Washington","065","Stevens","47.88528","-117.98865"
"01/02/2020","AQS","530650002","4","1.4","ug/m3 LC","6","SPOKANE - WELLPINIT  FORD RD (SPOKANE TRIBE)","1","100.0000","88502","Acceptable PM2.5 AQI & Speciation Mass","44060","Spokane-Spokane Valley, WA","53","Washington","065","Stevens","47.88528","-117.98865"
"01/03/2020","AQS","530650002","4","3.8","ug/m3 LC","16","SPOKANE - WELLPINIT  FORD RD (SPOKANE TRIBE)","1","100.0000","88502","Acceptable PM2.5 AQI & Speciation Mass","44060","Spokane-Spokane Valley, WA","53","Washington","065","Stevens","47.88528","-117.98865"
"01/04/2020","AQS","530650002","4","0.8","ug/m3 LC","3","SPOKANE - WELLPINIT  FORD RD (SPOKANE TRIBE)","1","100.0000","88502","Acceptable PM2.5 AQI & Speciation Mass","44060","Spokane-Spokane Valley, WA","53","Washington","065","Stevens","47.88528","-117.98865"
"01/05/2020","AQS","530650002","4","2.1","ug/m3 LC","9","SPOKANE - WELLPINIT  FORD RD (SPOKANE TRIBE)","1","100.0000","88502","Acceptable PM2.5 AQI & Speciation Mass","44060","Spokane-Spokane Valley, WA","53","Washington","065","Stevens","47.88528","-117.98865"
"01/06/2020","AQS","530650002","4","1","ug/m3 LC","4","SPOKANE - WELLPINIT  FORD RD (SPOKANE TRIBE)","1","100.0000","88502","Acceptable PM2.5 AQI & Speciation Mass","44060","Spokane-Spokane Valley, WA","53","Washington","065","Stevens","47.88528","-117.98865"
"01/07/2020","AQS","530650002","4","0.5","ug/m3 LC","2","SPOKANE - WELLPINIT  FORD RD (SPOKANE TRIBE)","1","100.0000","88502","Acceptable PM2.5 AQI & Speciation Mass","44060","Spokane-Spokane Valley, WA","53","Washington","065","Stevens","47.88528","-117.98865"
"01/08/2020","AQS","530650002","4","0.6","ug/m3 LC","3","SPOKANE - WELLPINIT  FORD RD (SPOKANE TRIBE)","1","100.0000","88502","Acceptable PM2.5 AQI & Speciation Mass","44060","Spokane-Spokane Valley, WA","53","Washington","065","Stevens","47.88528","-117.98865"
"01/09/2020","AQS","530650002","4","2.8","ug/m3 LC","12","SPOKANE - WELLPINIT  FORD RD (SPOKANE TRIBE)","1","100.0000","88502","Acceptable PM2.5 AQI & Speciation Mass","44060","Spokane-Spokane Valley, WA","53","Washington","065","Stevens","47.88528","-117.98865"
"01/17/2020","AQS","530650002","4","6.3","ug/m3 LC","26","SPOKANE - WELLPINIT  FORD RD (SPOKANE TRIBE)","1","100.0000","88502","Acceptable PM2.5 AQI & Speciation Mass","44060","Spokane-Spokane Valley, WA","53","Washington","065","Stevens","47.88528","-117.98865"
"01/18/2020","AQS","530650002","4","4.8","ug/m3 LC","20","SPOKANE - WELLPINIT  FORD RD (SPOKANE TRIBE)","1","100.0000","88502","Acceptable PM2.5 AQI & Speciation Mass","44060","Spokane-Spokane Valley, WA","53","Washington","065","Stevens","47.88528","-117.98865"
"01/19/2020","AQS","530650002","4","4","ug/m3 LC","17","SPOKANE - WELLPINIT  FORD RD (SPOKANE TRIBE)","1","100.0000","88502","Acceptable PM2.5 AQI & Speciation Mass","44060","Spokane-Spokane Valley, WA","53","Washington","065","Stevens","47.88528","-117.98865"
"01/20/2020","AQS","530650002","4","4.6","ug/m3 LC","19","SPOKANE - WELLPINIT  FORD RD (SPOKANE TRIBE)","1","100.0000","88502","Acceptable PM2.5 AQI & Speciation Mass","44060","Spokane-Spokane Valley, WA","53","Washington","065","Stevens","47.88528","-117.98865"
"01/21/2020","AQS","530650002","4","7","ug/m3 LC","29","SPOKANE - WELLPINIT  FORD RD (SPOKANE TRIBE)","1","100.0000","88502","Acceptable PM2.5 AQI & Speciation Mass","44060","Spokane-Spokane Valley, WA","53","Washington","065","Stevens","47.88528","-117.98865"
"01/22/2020","AQS","530650002","4","3.5","ug/m3 LC","15","SPOKANE - WELLPINIT  FORD RD (SPOKANE TRIBE)","1","100.0000","88502","Acceptable PM2.5 AQI & Speciation Mass","44060","Spokane-Spokane Valley, WA","53","Washington","065","Stevens","47.88528","-117.98865"
"01/23/2020","AQS","530650002","4","3.7","ug/m3 LC","15","SPOKANE - WELLPINIT  FORD RD (SPOKANE TRIBE)","1","100.0000","88502","Acceptable PM2.5 AQI & Speciation Mass","44060","Spokane-Spokane Valley, WA","53","Washington","065","Stevens","47.88528","-117.98865"
"01/24/2020","AQS","530650002","4","2.6","ug/m3 LC","11","SPOKANE - WELLPINIT  FORD RD (SPOKANE TRIBE)","1","100.0000","88502","Acceptable PM2.5 AQI & Speciation Mass","44060","Spokane-Spokane Valley, WA","53","Washington","065","Stevens","47.88528","-117.98865"
"01/25/2020","AQS","530650002","4","4.8","ug/m3 LC","20","SPOKANE - WELLPINIT  FORD RD (SPOKANE TRIBE)","1","100.0000","88502","Acceptable PM2.5 AQI & Speciation Mass","44060","Spokane-Spokane Valley, WA","53","Washington","065","Stevens","47.88528","-117.98865"
"01/26/2020","AQS","530650002","4","2.4","ug/m3 LC","10","SPOKANE - WELLPINIT  FORD RD (SPOKANE TRIBE)","1","100.0000","88502","Acceptable PM2.5 AQI & Speciation Mass","44060","Spokane-Spokane Valley, WA","53","Washington","065","Stevens","47.88528","-117.98865"
"01/27/2020","AQS","530650002","4","3","ug/m3 LC","13","SPOKANE - WELLPINIT  FORD RD (SPOKANE TRIBE)","1","100.0000","88502","Acceptable PM2.5 AQI & Speciation Mass","44060","Spokane-Spokane Valley, WA","53","Washington","065","Stevens","47.88528","-117.98865"
"01/28/2020","AQS","530650002","4","2.8","ug/m3 LC","12","SPOKANE - WELLPINIT  FORD RD (SPOKANE TRIBE)","1","100.0000","88502","Acceptable PM2.5 AQI & Speciation Mass","44060","Spokane-Spokane Valley, WA","53","Washington","065","Stevens","47.88528","-117.98865"
"01/29/2020","AQS","530650002","4","2.2","ug/m3 LC","9","SPOKANE - WELLPINIT  FORD RD (SPOKANE TRIBE)","1","100.0000","88502","Acceptable PM2.5 AQI & Speciation Mass","44060","Spokane-Spokane Valley, WA","53","Washington","065","Stevens","47.88528","-117.98865"
"01/30/2020","AQS","530650002","4","5","ug/m3 LC","21","SPOKANE - WELLPINIT  FORD RD (SPOKANE TRIBE)","1","100.0000","88502","Acceptable PM2.5 AQI & Speciation Mass","44060","Spokane-Spokane Valley, WA","53","Washington","065","Stevens","47.88528","-117.98865"
"01/31/2020","AQS","530650002","4","3.6","ug/m3 LC","15","SPOKANE - WELLPINIT  FORD RD (SPOKANE TRIBE)","1","100.0000","88502","Acceptable PM2.5 AQI & Speciation Mass","44060","Spokane-Spokane Valley, WA","53","Washington","065","Stevens","47.88528","-117.98865"
"02/01/2020","AirNow","530650002","4","0.9","ug/m3 LC","4","SPOKANE - WELLPINIT  FORD RD (SPOKANE TRIBE)","1","100.0000","88502","Acceptable PM2.5 AQI & Speciation Mass","44060","Spokane-Spokane Valley, WA","53","Washington","065","Stevens","47.88528","-117.98865"
"02/02/2020","AirNow","530650002","4","0.8","ug/m3 LC","3","SPOKANE - WELLPINIT  FORD RD (SPOKANE TRIBE)","1","100.0000","88502","Acceptable PM2.5 AQI & Speciation Mass","44060","Spokane-Spokane Valley, WA","53","Washington","065","Stevens","47.88528","-117.98865"
"02/03/2020","AirNow","530650002","4","3","ug/m3 LC","13","SPOKANE - WELLPINIT  FORD RD (SPOKANE TRIBE)","1","100.0000","88502","Acceptable PM2.5 AQI & Speciation Mass","44060","Spokane-Spokane Valley, WA","53","Washington","065","Stevens","47.88528","-117.98865"
"02/04/2020","AirNow","530650002","4","3.3","ug/m3 LC","14","SPOKANE - WELLPINIT  FORD RD (SPOKANE TRIBE)","1","100.0000","88502","Acceptable PM2.5 AQI & Speciation Mass","44060","Spokane-Spokane Valley, WA","53","Washington","065","Stevens","47.88528","-117.98865"
"02/05/2020","AirNow","530650002","4","5.3","ug/m3 LC","22","SPOKANE - WELLPINIT  FORD RD (SPOKANE TRIBE)","1","100.0000","88502","Acceptable PM2.5 AQI & Speciation Mass","44060","Spokane-Spokane Valley, WA","53","Washington","065","Stevens","47.88528","-117.98865"
"02/06/2020","AirNow","530650002","4","6.3","ug/m3 LC","26","SPOKANE - WELLPINIT  FORD RD (SPOKANE TRIBE)","1","100.0000","88502","Acceptable PM2.5 AQI & Speciation Mass","44060","Spokane-Spokane Valley, WA","53","Washington","065","Stevens","47.88528","-117.98865"
"02/08/2020","AirNow","530650002","4","0.9","ug/m3 LC","4","SPOKANE - WELLPINIT  FORD RD (SPOKANE TRIBE)","1","100.0000","88502","Acceptable PM2.5 AQI & Speciation Mass","44060","Spokane-Spokane Valley, WA","53","Washington","065","Stevens","47.88528","-117.98865"
"02/09/2020","AirNow","530650002","4","1.9","ug/m3 LC","8","SPOKANE - WELLPINIT  FORD RD (SPOKANE TRIBE)","1","100.0000","88502","Acceptable PM2.5 AQI & Speciation Mass","44060","Spokane-Spokane Valley, WA","53","Washington","065","Stevens","47.88528","-117.98865"
"02/10/2020","AirNow","530650002","4","3","ug/m3 LC","13","SPOKANE - WELLPINIT  FORD RD (SPOKANE TRIBE)","1","100.0000","88502","Acceptable PM2.5 AQI & Speciation Mass","44060","Spokane-Spokane Valley, WA","53","Washington","065","Stevens","47.88528","-117.98865"
"02/11/2020","AirNow","530650002","4","1.8","ug/m3 LC","8","SPOKANE - WELLPINIT  FORD RD (SPOKANE TRIBE)","1","100.0000","88502","Acceptable PM2.5 AQI & Speciation Mass","44060","Spokane-Spokane Valley, WA","53","Washington","065","Stevens","47.88528","-117.98865"
"02/12/2020","AirNow","530650002","4","1.6","ug/m3 LC","7","SPOKANE - WELLPINIT  FORD RD (SPOKANE TRIBE)","1","100.0000","88502","Acceptable PM2.5 AQI & Speciation Mass","44060","Spokane-Spokane Valley, WA","53","Washington","065","Stevens","47.88528","-117.98865"
"02/13/2020","AirNow","530650002","4","3.6","ug/m3 LC","15","SPOKANE - WELLPINIT  FORD RD (SPOKANE TRIBE)","1","100.0000","88502","Acceptable PM2.5 AQI & Speciation Mass","44060","Spokane-Spokane Valley, WA","53","Washington","065","Stevens","47.88528","-117.98865"
"02/14/2020","AirNow","530650002","4","0.9","ug/m3 LC","4","SPOKANE - WELLPINIT  FORD RD (SPOKANE TRIBE)","1","100.0000","88502","Acceptable PM2.5 AQI & Speciation Mass","44060","Spokane-Spokane Valley, WA","53","Washington","065","Stevens","47.88528","-117.98865"
"02/15/2020","AirNow","530650002","4","0.9","ug/m3 LC","4","SPOKANE - WELLPINIT  FORD RD (SPOKANE TRIBE)","1","100.0000","88502","Acceptable PM2.5 AQI & Speciation Mass","44060","Spokane-Spokane Valley, WA","53","Washington","065","Stevens","47.88528","-117.98865"
"02/16/2020","AirNow","530650002","4","0.8","ug/m3 LC","3","SPOKANE - WELLPINIT  FORD RD (SPOKANE TRIBE)","1","100.0000","88502","Acceptable PM2.5 AQI & Speciation Mass","44060","Spokane-Spokane Valley, WA","53","Washington","065","Stevens","47.88528","-117.98865"
"02/17/2020","AirNow","530650002","4","0.2","ug/m3 LC","1","SPOKANE - WELLPINIT  FORD RD (SPOKANE TRIBE)","1","100.0000","88502","Acceptable PM2.5 AQI & Speciation Mass","44060","Spokane-Spokane Valley, WA","53","Washington","065","Stevens","47.88528","-117.98865"
"02/18/2020","AirNow","530650002","4","0","ug/m3 LC","0","SPOKANE - WELLPINIT  FORD RD (SPOKANE TRIBE)","1","100.0000","88502","Acceptable PM2.5 AQI & Speciation Mass","44060","Spokane-Spokane Valley, WA","53","Washington","065","Stevens","47.88528","-117.98865"
"02/19/2020","AirNow","530650002","4","0.2","ug/m3 LC","1","SPOKANE - WELLPINIT  FORD RD (SPOKANE TRIBE)","1","100.0000","88502","Acceptable PM2.5 AQI & Speciation Mass","44060","Spokane-Spokane Valley, WA","53","Washington","065","Stevens","47.88528","-117.98865"
"02/20/2020","AirNow","530650002","4","1.7","ug/m3 LC","7","SPOKANE - WELLPINIT  FORD RD (SPOKANE TRIBE)","1","100.0000","88502","Acceptable PM2.5 AQI & Speciation Mass","44060","Spokane-Spokane Valley, WA","53","Washington","065","Stevens","47.88528","-117.98865"
"02/21/2020","AirNow","530650002","4","4.3","ug/m3 LC","18","SPOKANE - WELLPINIT  FORD RD (SPOKANE TRIBE)","1","100.0000","88502","Acceptable PM2.5 AQI & Speciation Mass","44060","Spokane-Spokane Valley, WA","53","Washington","065","Stevens","47.88528","-117.98865"
"02/22/2020","AirNow","530650002","4","6","ug/m3 LC","25","SPOKANE - WELLPINIT  FORD RD (SPOKANE TRIBE)","1","100.0000","88502","Acceptable PM2.5 AQI & Speciation Mass","44060","Spokane-Spokane Valley, WA","53","Washington","065","Stevens","47.88528","-117.98865"
"02/23/2020","AirNow","530650002","4","3.4","ug/m3 LC","14","SPOKANE - WELLPINIT  FORD RD (SPOKANE TRIBE)","1","100.0000","88502","Acceptable PM2.5 AQI & Speciation Mass","44060","Spokane-Spokane Valley, WA","53","Washington","065","Stevens","47.88528","-117.98865"
"02/24/2020","AirNow","530650002","4","0.6","ug/m3 LC","3","SPOKANE - WELLPINIT  FORD RD (SPOKANE TRIBE)","1","100.0000","88502","Acceptable PM2.5 AQI & Speciation Mass","44060","Spokane-Spokane Valley, WA","53","Washington","065","Stevens","47.88528","-117.98865"
"02/25/2020","AirNow","530650002","4","3.9","ug/m3 LC","16","SPOKANE - WELLPINIT  FORD RD (SPOKANE TRIBE)","1","100.0000","88502","Acceptable PM2.5 AQI & Speciation Mass","44060","Spokane-Spokane Valley, WA","53","Washington","065","Stevens","47.88528","-117.98865"
"02/26/2020","AirNow","530650002","4","3.7","ug/m3 LC","15","SPOKANE - WELLPINIT  FORD RD (SPOKANE TRIBE)","1","100.0000","88502","Acceptable PM2.5 AQI & Speciation Mass","44060","Spokane-Spokane Valley, WA","53","Washington","065","Stevens","47.88528","-117.98865"
"02/27/2020","AirNow","530650002","4","3.5","ug/m3 LC","15","SPOKANE - WELLPINIT  FORD RD (SPOKANE TRIBE)","1","100.0000","88502","Acceptable PM2.5 AQI & Speciation Mass","44060","Spokane-Spokane Valley, WA","53","Washington","065","Stevens","47.88528","-117.98865"
"02/28/2020","AirNow","530650002","4","2.6","ug/m3 LC","11","SPOKANE - WELLPINIT  FORD RD (SPOKANE TRIBE)","1","100.0000","88502","Acceptable PM2.5 AQI & Speciation Mass","44060","Spokane-Spokane Valley, WA","53","Washington","065","Stevens","47.88528","-117.98865"
"02/29/2020","AirNow","530650002","4","0.5","ug/m3 LC","2","SPOKANE - WELLPINIT  FORD RD (SPOKANE TRIBE)","1","100.0000","88502","Acceptable PM2.5 AQI & Speciation Mass","44060","Spokane-Spokane Valley, WA","53","Washington","065","Stevens","47.88528","-117.98865"
"03/01/2020","AirNow","530650002","4","0.8","ug/m3 LC","3","SPOKANE - WELLPINIT  FORD RD (SPOKANE TRIBE)","1","100.0000","88502","Acceptable PM2.5 AQI & Speciation Mass","44060","Spokane-Spokane Valley, WA","53","Washington","065","Stevens","47.88528","-117.98865"
"03/02/2020","AirNow","530650002","4","1.3","ug/m3 LC","5","SPOKANE - WELLPINIT  FORD RD (SPOKANE TRIBE)","1","100.0000","88502","Acceptable PM2.5 AQI & Speciation Mass","44060","Spokane-Spokane Valley, WA","53","Washington","065","Stevens","47.88528","-117.98865"
"03/03/2020","AirNow","530650002","4","1.4","ug/m3 LC","6","SPOKANE - WELLPINIT  FORD RD (SPOKANE TRIBE)","1","100.0000","88502","Acceptable PM2.5 AQI & Speciation Mass","44060","Spokane-Spokane Valley, WA","53","Washington","065","Stevens","47.88528","-117.98865"
"03/04/2020","AirNow","530650002","4","1.3","ug/m3 LC","5","SPOKANE - WELLPINIT  FORD RD (SPOKANE TRIBE)","1","100.0000","88502","Acceptable PM2.5 AQI & Speciation Mass","44060","Spokane-Spokane Valley, WA","53","Washington","065","Stevens","47.88528","-117.98865"
"03/05/2020","AirNow","530650002","4","2.9","ug/m3 LC","12","SPOKANE - WELLPINIT  FORD RD (SPOKANE TRIBE)","1","100.0000","88502","Acceptable PM2.5 AQI & Speciation Mass","44060","Spokane-Spokane Valley, WA","53","Washington","065","Stevens","47.88528","-117.98865"
"03/06/2020","AirNow","530650002","4","3.3","ug/m3 LC","14","SPOKANE - WELLPINIT  FORD RD (SPOKANE TRIBE)","1","100.0000","88502","Acceptable PM2.5 AQI & Speciation Mass","44060","Spokane-Spokane Valley, WA","53","Washington","065","Stevens","47.88528","-117.98865"
"03/07/2020","AirNow","530650002","4","1.3","ug/m3 LC","5","SPOKANE - WELLPINIT  FORD RD (SPOKANE TRIBE)","1","100.0000","88502","Acceptable PM2.5 AQI & Speciation Mass","44060","Spokane-Spokane Valley, WA","53","Washington","065","Stevens","47.88528","-117.98865"
"03/08/2020","AirNow","530650002","4","1.6","ug/m3 LC","7","SPOKANE - WELLPINIT  FORD RD (SPOKANE TRIBE)","1","100.0000","88502","Acceptable PM2.5 AQI & Speciation Mass","44060","Spokane-Spokane Valley, WA","53","Washington","065","Stevens","47.88528","-117.98865"
"03/09/2020","AirNow","530650002","4","2.7","ug/m3 LC","11","SPOKANE - WELLPINIT  FORD RD (SPOKANE TRIBE)","1","100.0000","88502","Acceptable PM2.5 AQI & Speciation Mass","44060","Spokane-Spokane Valley, WA","53","Washington","065","Stevens","47.88528","-117.98865"
"03/10/2020","AirNow","530650002","4","3.9","ug/m3 LC","16","SPOKANE - WELLPINIT  FORD RD (SPOKANE TRIBE)","1","100.0000","88502","Acceptable PM2.5 AQI & Speciation Mass","44060","Spokane-Spokane Valley, WA","53","Washington","065","Stevens","47.88528","-117.98865"
"03/11/2020","AirNow","530650002","4","1.8","ug/m3 LC","8","SPOKANE - WELLPINIT  FORD RD (SPOKANE TRIBE)","1","100.0000","88502","Acceptable PM2.5 AQI & Speciation Mass","44060","Spokane-Spokane Valley, WA","53","Washington","065","Stevens","47.88528","-117.98865"
"03/12/2020","AirNow","530650002","4","2.5","ug/m3 LC","10","SPOKANE - WELLPINIT  FORD RD (SPOKANE TRIBE)","1","100.0000","88502","Acceptable PM2.5 AQI & Speciation Mass","44060","Spokane-Spokane Valley, WA","53","Washington","065","Stevens","47.88528","-117.98865"
"03/13/2020","AirNow","530650002","4","2.9","ug/m3 LC","12","SPOKANE - WELLPINIT  FORD RD (SPOKANE TRIBE)","1","100.0000","88502","Acceptable PM2.5 AQI & Speciation Mass","44060","Spokane-Spokane Valley, WA","53","Washington","065","Stevens","47.88528","-117.98865"
"03/14/2020","AirNow","530650002","4","2.5","ug/m3 LC","10","SPOKANE - WELLPINIT  FORD RD (SPOKANE TRIBE)","1","100.0000","88502","Acceptable PM2.5 AQI & Speciation Mass","44060","Spokane-Spokane Valley, WA","53","Washington","065","Stevens","47.88528","-117.98865"
"03/15/2020","AirNow","530650002","4","3.2","ug/m3 LC","13","SPOKANE - WELLPINIT  FORD RD (SPOKANE TRIBE)","1","100.0000","88502","Acceptable PM2.5 AQI & Speciation Mass","44060","Spokane-Spokane Valley, WA","53","Washington","065","Stevens","47.88528","-117.98865"
"03/16/2020","AirNow","530650002","4","2.7","ug/m3 LC","11","SPOKANE - WELLPINIT  FORD RD (SPOKANE TRIBE)","1","100.0000","88502","Acceptable PM2.5 AQI & Speciation Mass","44060","Spokane-Spokane Valley, WA","53","Washington","065","Stevens","47.88528","-117.98865"
"03/17/2020","AirNow","530650002","4","5.9","ug/m3 LC","25","SPOKANE - WELLPINIT  FORD RD (SPOKANE TRIBE)","1","100.0000","88502","Acceptable PM2.5 AQI & Speciation Mass","44060","Spokane-Spokane Valley, WA","53","Washington","065","Stevens","47.88528","-117.98865"
"03/18/2020","AirNow","530650002","4","3.4","ug/m3 LC","14","SPOKANE - WELLPINIT  FORD RD (SPOKANE TRIBE)","1","100.0000","88502","Acceptable PM2.5 AQI & Speciation Mass","44060","Spokane-Spokane Valley, WA","53","Washington","065","Stevens","47.88528","-117.98865"
"03/19/2020","AirNow","530650002","4","5.8","ug/m3 LC","24","SPOKANE - WELLPINIT  FORD RD (SPOKANE TRIBE)","1","100.0000","88502","Acceptable PM2.5 AQI & Speciation Mass","44060","Spokane-Spokane Valley, WA","53","Washington","065","Stevens","47.88528","-117.98865"
"03/20/2020","AirNow","530650002","4","4.3","ug/m3 LC","18","SPOKANE - WELLPINIT  FORD RD (SPOKANE TRIBE)","1","100.0000","88502","Acceptable PM2.5 AQI & Speciation Mass","44060","Spokane-Spokane Valley, WA","53","Washington","065","Stevens","47.88528","-117.98865"
"03/21/2020","AirNow","530650002","4","4.2","ug/m3 LC","18","SPOKANE - WELLPINIT  FORD RD (SPOKANE TRIBE)","1","100.0000","88502","Acceptable PM2.5 AQI & Speciation Mass","44060","Spokane-Spokane Valley, WA","53","Washington","065","Stevens","47.88528","-117.98865"
"03/22/2020","AirNow","530650002","4","2.5","ug/m3 LC","10","SPOKANE - WELLPINIT  FORD RD (SPOKANE TRIBE)","1","100.0000","88502","Acceptable PM2.5 AQI & Speciation Mass","44060","Spokane-Spokane Valley, WA","53","Washington","065","Stevens","47.88528","-117.98865"
"03/23/2020","AirNow","530650002","4","2.3","ug/m3 LC","10","SPOKANE - WELLPINIT  FORD RD (SPOKANE TRIBE)","1","100.0000","88502","Acceptable PM2.5 AQI & Speciation Mass","44060","Spokane-Spokane Valley, WA","53","Washington","065","Stevens","47.88528","-117.98865"
"03/24/2020","AirNow","530650002","4","1.1","ug/m3 LC","5","SPOKANE - WELLPINIT  FORD RD (SPOKANE TRIBE)","1","100.0000","88502","Acceptable PM2.5 AQI & Speciation Mass","44060","Spokane-Spokane Valley, WA","53","Washington","065","Stevens","47.88528","-117.98865"
"03/25/2020","AirNow","530650002","4","2.2","ug/m3 LC","9","SPOKANE - WELLPINIT  FORD RD (SPOKANE TRIBE)","1","100.0000","88502","Acceptable PM2.5 AQI & Speciation Mass","44060","Spokane-Spokane Valley, WA","53","Washington","065","Stevens","47.88528","-117.98865"
"03/26/2020","AirNow","530650002","4","2.9","ug/m3 LC","12","SPOKANE - WELLPINIT  FORD RD (SPOKANE TRIBE)","1","100.0000","88502","Acceptable PM2.5 AQI & Speciation Mass","44060","Spokane-Spokane Valley, WA","53","Washington","065","Stevens","47.88528","-117.98865"
"03/27/2020","AirNow","530650002","4","4.8","ug/m3 LC","20","SPOKANE - WELLPINIT  FORD RD (SPOKANE TRIBE)","1","100.0000","88502","Acceptable PM2.5 AQI & Speciation Mass","44060","Spokane-Spokane Valley, WA","53","Washington","065","Stevens","47.88528","-117.98865"
"03/28/2020","AirNow","530650002","4","2.6","ug/m3 LC","11","SPOKANE - WELLPINIT  FORD RD (SPOKANE TRIBE)","1","100.0000","88502","Acceptable PM2.5 AQI & Speciation Mass","44060","Spokane-Spokane Valley, WA","53","Washington","065","Stevens","47.88528","-117.98865"
"03/29/2020","AirNow","530650002","4","0.3","ug/m3 LC","1","SPOKANE - WELLPINIT  FORD RD (SPOKANE TRIBE)","1","100.0000","88502","Acceptable PM2.5 AQI & Speciation Mass","44060","Spokane-Spokane Valley, WA","53","Washington","065","Stevens","47.88528","-117.98865"
"03/30/2020","AirNow","530650002","4","0.6","ug/m3 LC","3","SPOKANE - WELLPINIT  FORD RD (SPOKANE TRIBE)","1","100.0000","88502","Acceptable PM2.5 AQI & Speciation Mass","44060","Spokane-Spokane Valley, WA","53","Washington","065","Stevens","47.88528","-117.98865"
"03/31/2020","AirNow","530650002","4","0.9","ug/m3 LC","4","SPOKANE - WELLPINIT  FORD RD (SPOKANE TRIBE)","1","100.0000","88502","Acceptable PM2.5 AQI & Speciation Mass","44060","Spokane-Spokane Valley, WA","53","Washington","065","Stevens","47.88528","-117.98865"
"04/01/2020","AirNow","530650002","4","2.7","ug/m3 LC","11","SPOKANE - WELLPINIT  FORD RD (SPOKANE TRIBE)","1","100.0000","88502","Acceptable PM2.5 AQI & Speciation Mass","44060","Spokane-Spokane Valley, WA","53","Washington","065","Stevens","47.88528","-117.98865"
"04/02/2020","AirNow","530650002","4","1.9","ug/m3 LC","8","SPOKANE - WELLPINIT  FORD RD (SPOKANE TRIBE)","1","100.0000","88502","Acceptable PM2.5 AQI & Speciation Mass","44060","Spokane-Spokane Valley, WA","53","Washington","065","Stevens","47.88528","-117.98865"
"04/03/2020","AirNow","530650002","4","1.6","ug/m3 LC","7","SPOKANE - WELLPINIT  FORD RD (SPOKANE TRIBE)","1","100.0000","88502","Acceptable PM2.5 AQI & Speciation Mass","44060","Spokane-Spokane Valley, WA","53","Washington","065","Stevens","47.88528","-117.98865"
"04/04/2020","AirNow","530650002","4","2.7","ug/m3 LC","11","SPOKANE - WELLPINIT  FORD RD (SPOKANE TRIBE)","1","100.0000","88502","Acceptable PM2.5 AQI & Speciation Mass","44060","Spokane-Spokane Valley, WA","53","Washington","065","Stevens","47.88528","-117.98865"
"04/05/2020","AirNow","530650002","4","2.5","ug/m3 LC","10","SPOKANE - WELLPINIT  FORD RD (SPOKANE TRIBE)","1","100.0000","88502","Acceptable PM2.5 AQI & Speciation Mass","44060","Spokane-Spokane Valley, WA","53","Washington","065","Stevens","47.88528","-117.98865"
"04/06/2020","AirNow","530650002","4","4.9","ug/m3 LC","20","SPOKANE - WELLPINIT  FORD RD (SPOKANE TRIBE)","1","100.0000","88502","Acceptable PM2.5 AQI & Speciation Mass","44060","Spokane-Spokane Valley, WA","53","Washington","065","Stevens","47.88528","-117.98865"
"04/07/2020","AirNow","530650002","4","4.3","ug/m3 LC","18","SPOKANE - WELLPINIT  FORD RD (SPOKANE TRIBE)","1","100.0000","88502","Acceptable PM2.5 AQI & Speciation Mass","44060","Spokane-Spokane Valley, WA","53","Washington","065","Stevens","47.88528","-117.98865"
"04/08/2020","AirNow","530650002","4","3.5","ug/m3 LC","15","SPOKANE - WELLPINIT  FORD RD (SPOKANE TRIBE)","1","100.0000","88502","Acceptable PM2.5 AQI & Speciation Mass","44060","Spokane-Spokane Valley, WA","53","Washington","065","Stevens","47.88528","-117.98865"
"04/09/2020","AirNow","530650002","4","5","ug/m3 LC","21","SPOKANE - WELLPINIT  FORD RD (SPOKANE TRIBE)","1","100.0000","88502","Acceptable PM2.5 AQI & Speciation Mass","44060","Spokane-Spokane Valley, WA","53","Washington","065","Stevens","47.88528","-117.98865"
"04/10/2020","AirNow","530650002","4","3.5","ug/m3 LC","15","SPOKANE - WELLPINIT  FORD RD (SPOKANE TRIBE)","1","100.0000","88502","Acceptable PM2.5 AQI & Speciation Mass","44060","Spokane-Spokane Valley, WA","53","Washington","065","Stevens","47.88528","-117.98865"
"04/11/2020","AirNow","530650002","4","2.7","ug/m3 LC","11","SPOKANE - WELLPINIT  FORD RD (SPOKANE TRIBE)","1","100.0000","88502","Acceptable PM2.5 AQI & Speciation Mass","44060","Spokane-Spokane Valley, WA","53","Washington","065","Stevens","47.88528","-117.98865"
"04/12/2020","AirNow","530650002","4","2.5","ug/m3 LC","10","SPOKANE - WELLPINIT  FORD RD (SPOKANE TRIBE)","1","100.0000","88502","Acceptable PM2.5 AQI & Speciation Mass","44060","Spokane-Spokane Valley, WA","53","Washington","065","Stevens","47.88528","-117.98865"
"04/13/2020","AirNow","530650002","4","3.5","ug/m3 LC","15","SPOKANE - WELLPINIT  FORD RD (SPOKANE TRIBE)","1","100.0000","88502","Acceptable PM2.5 AQI & Speciation Mass","44060","Spokane-Spokane Valley, WA","53","Washington","065","Stevens","47.88528","-117.98865"
"04/14/2020","AirNow","530650002","4","3.1","ug/m3 LC","13","SPOKANE - WELLPINIT  FORD RD (SPOKANE TRIBE)","1","100.0000","88502","Acceptable PM2.5 AQI & Speciation Mass","44060","Spokane-Spokane Valley, WA","53","Washington","065","Stevens","47.88528","-117.98865"
"04/15/2020","AirNow","530650002","4","1.2","ug/m3 LC","5","SPOKANE - WELLPINIT  FORD RD (SPOKANE TRIBE)","1","100.0000","88502","Acceptable PM2.5 AQI & Speciation Mass","44060","Spokane-Spokane Valley, WA","53","Washington","065","Stevens","47.88528","-117.98865"
"04/16/2020","AirNow","530650002","4","1.6","ug/m3 LC","7","SPOKANE - WELLPINIT  FORD RD (SPOKANE TRIBE)","1","100.0000","88502","Acceptable PM2.5 AQI & Speciation Mass","44060","Spokane-Spokane Valley, WA","53","Washington","065","Stevens","47.88528","-117.98865"
"04/17/2020","AirNow","530650002","4","2.8","ug/m3 LC","12","SPOKANE - WELLPINIT  FORD RD (SPOKANE TRIBE)","1","100.0000","88502","Acceptable PM2.5 AQI & Speciation Mass","44060","Spokane-Spokane Valley, WA","53","Washington","065","Stevens","47.88528","-117.98865"
"04/18/2020","AirNow","530650002","4","3.7","ug/m3 LC","15","SPOKANE - WELLPINIT  FORD RD (SPOKANE TRIBE)","1","100.0000","88502","Acceptable PM2.5 AQI & Speciation Mass","44060","Spokane-Spokane Valley, WA","53","Washington","065","Stevens","47.88528","-117.98865"
"04/19/2020","AirNow","530650002","4","2.9","ug/m3 LC","12","SPOKANE - WELLPINIT  FORD RD (SPOKANE TRIBE)","1","100.0000","88502","Acceptable PM2.5 AQI & Speciation Mass","44060","Spokane-Spokane Valley, WA","53","Washington","065","Stevens","47.88528","-117.98865"
"04/20/2020","AirNow","530650002","4","3.6","ug/m3 LC","15","SPOKANE - WELLPINIT  FORD RD (SPOKANE TRIBE)","1","100.0000","88502","Acceptable PM2.5 AQI & Speciation Mass","44060","Spokane-Spokane Valley, WA","53","Washington","065","Stevens","47.88528","-117.98865"
"04/21/2020","AirNow","530650002","4","2.3","ug/m3 LC","10","SPOKANE - WELLPINIT  FORD RD (SPOKANE TRIBE)","1","100.0000","88502","Acceptable PM2.5 AQI & Speciation Mass","44060","Spokane-Spokane Valley, WA","53","Washington","065","Stevens","47.88528","-117.98865"
"04/22/2020","AirNow","530650002","4","2.3","ug/m3 LC","10","SPOKANE - WELLPINIT  FORD RD (SPOKANE TRIBE)","1","100.0000","88502","Acceptable PM2.5 AQI & Speciation Mass","44060","Spokane-Spokane Valley, WA","53","Washington","065","Stevens","47.88528","-117.98865"
"04/23/2020","AirNow","530650002","4","1.7","ug/m3 LC","7","SPOKANE - WELLPINIT  FORD RD (SPOKANE TRIBE)","1","100.0000","88502","Acceptable PM2.5 AQI & Speciation Mass","44060","Spokane-Spokane Valley, WA","53","Washington","065","Stevens","47.88528","-117.98865"
"04/24/2020","AirNow","530650002","4","1.6","ug/m3 LC","7","SPOKANE - WELLPINIT  FORD RD (SPOKANE TRIBE)","1","100.0000","88502","Acceptable PM2.5 AQI & Speciation Mass","44060","Spokane-Spokane Valley, WA","53","Washington","065","Stevens","47.88528","-117.98865"
"04/25/2020","AirNow","530650002","4","3","ug/m3 LC","13","SPOKANE - WELLPINIT  FORD RD (SPOKANE TRIBE)","1","100.0000","88502","Acceptable PM2.5 AQI & Speciation Mass","44060","Spokane-Spokane Valley, WA","53","Washington","065","Stevens","47.88528","-117.98865"
"04/26/2020","AirNow","530650002","4","2.9","ug/m3 LC","12","SPOKANE - WELLPINIT  FORD RD (SPOKANE TRIBE)","1","100.0000","88502","Acceptable PM2.5 AQI & Speciation Mass","44060","Spokane-Spokane Valley, WA","53","Washington","065","Stevens","47.88528","-117.98865"
"04/27/2020","AirNow","530650002","4","1.2","ug/m3 LC","5","SPOKANE - WELLPINIT  FORD RD (SPOKANE TRIBE)","1","100.0000","88502","Acceptable PM2.5 AQI & Speciation Mass","44060","Spokane-Spokane Valley, WA","53","Washington","065","Stevens","47.88528","-117.98865"
"04/28/2020","AirNow","530650002","4","1.9","ug/m3 LC","8","SPOKANE - WELLPINIT  FORD RD (SPOKANE TRIBE)","1","100.0000","88502","Acceptable PM2.5 AQI & Speciation Mass","44060","Spokane-Spokane Valley, WA","53","Washington","065","Stevens","47.88528","-117.98865"
"04/29/2020","AirNow","530650002","4","4.1","ug/m3 LC","17","SPOKANE - WELLPINIT  FORD RD (SPOKANE TRIBE)","1","100.0000","88502","Acceptable PM2.5 AQI & Speciation Mass","44060","Spokane-Spokane Valley, WA","53","Washington","065","Stevens","47.88528","-117.98865"
"04/30/2020","AirNow","530650002","4","1.3","ug/m3 LC","5","SPOKANE - WELLPINIT  FORD RD (SPOKANE TRIBE)","1","100.0000","88502","Acceptable PM2.5 AQI & Speciation Mass","44060","Spokane-Spokane Valley, WA","53","Washington","065","Stevens","47.88528","-117.98865"
"05/01/2020","AirNow","530650002","4","3.3","ug/m3 LC","14","SPOKANE - WELLPINIT  FORD RD (SPOKANE TRIBE)","1","100.0000","88502","Acceptable PM2.5 AQI & Speciation Mass","44060","Spokane-Spokane Valley, WA","53","Washington","065","Stevens","47.88528","-117.98865"
"05/02/2020","AirNow","530650002","4","3.2","ug/m3 LC","13","SPOKANE - WELLPINIT  FORD RD (SPOKANE TRIBE)","1","100.0000","88502","Acceptable PM2.5 AQI & Speciation Mass","44060","Spokane-Spokane Valley, WA","53","Washington","065","Stevens","47.88528","-117.98865"
"01/01/2020","AQS","530650005","5","14.2","ug/m3 LC","55","Colville-E 1St","1","100.0000","88101","PM2.5 - Local Conditions","44060","Spokane-Spokane Valley, WA","53","Washington","065","Stevens","48.544448","-117.903425"
"01/02/2020","AQS","530650005","5","16.6","ug/m3 LC","60","Colville-E 1St","1","100.0000","88101","PM2.5 - Local Conditions","44060","Spokane-Spokane Valley, WA","53","Washington","065","Stevens","48.544448","-117.903425"
"01/04/2020","AQS","530650005","5","8.7","ug/m3 LC","36","Colville-E 1St","1","100.0000","88101","PM2.5 - Local Conditions","44060","Spokane-Spokane Valley, WA","53","Washington","065","Stevens","48.544448","-117.903425"
"01/05/2020","AQS","530650005","5","7.2","ug/m3 LC","30","Colville-E 1St","1","100.0000","88101","PM2.5 - Local Conditions","44060","Spokane-Spokane Valley, WA","53","Washington","065","Stevens","48.544448","-117.903425"
"01/06/2020","AQS","530650005","5","9.7","ug/m3 LC","40","Colville-E 1St","1","100.0000","88101","PM2.5 - Local Conditions","44060","Spokane-Spokane Valley, WA","53","Washington","065","Stevens","48.544448","-117.903425"
"01/07/2020","AQS","530650005","5","15.3","ug/m3 LC","58","Colville-E 1St","1","100.0000","88101","PM2.5 - Local Conditions","44060","Spokane-Spokane Valley, WA","53","Washington","065","Stevens","48.544448","-117.903425"
"01/08/2020","AQS","530650005","5","5.5","ug/m3 LC","23","Colville-E 1St","1","100.0000","88101","PM2.5 - Local Conditions","44060","Spokane-Spokane Valley, WA","53","Washington","065","Stevens","48.544448","-117.903425"
"01/09/2020","AQS","530650005","5","11.3","ug/m3 LC","47","Colville-E 1St","1","100.0000","88101","PM2.5 - Local Conditions","44060","Spokane-Spokane Valley, WA","53","Washington","065","Stevens","48.544448","-117.903425"
"01/10/2020","AQS","530650005","5","14.5","ug/m3 LC","56","Colville-E 1St","1","100.0000","88101","PM2.5 - Local Conditions","44060","Spokane-Spokane Valley, WA","53","Washington","065","Stevens","48.544448","-117.903425"
"01/11/2020","AQS","530650005","5","14.4","ug/m3 LC","56","Colville-E 1St","1","100.0000","88101","PM2.5 - Local Conditions","44060","Spokane-Spokane Valley, WA","53","Washington","065","Stevens","48.544448","-117.903425"
"01/12/2020","AQS","530650005","5","12.2","ug/m3 LC","51","Colville-E 1St","1","100.0000","88101","PM2.5 - Local Conditions","44060","Spokane-Spokane Valley, WA","53","Washington","065","Stevens","48.544448","-117.903425"
"01/13/2020","AQS","530650005","5","6.4","ug/m3 LC","27","Colville-E 1St","1","100.0000","88101","PM2.5 - Local Conditions","44060","Spokane-Spokane Valley, WA","53","Washington","065","Stevens","48.544448","-117.903425"
"01/14/2020","AQS","530650005","5","6.7","ug/m3 LC","28","Colville-E 1St","1","100.0000","88101","PM2.5 - Local Conditions","44060","Spokane-Spokane Valley, WA","53","Washington","065","Stevens","48.544448","-117.903425"
"01/15/2020","AQS","530650005","5","9.9","ug/m3 LC","41","Colville-E 1St","1","100.0000","88101","PM2.5 - Local Conditions","44060","Spokane-Spokane Valley, WA","53","Washington","065","Stevens","48.544448","-117.903425"
"01/16/2020","AQS","530650005","5","16","ug/m3 LC","59","Colville-E 1St","1","100.0000","88101","PM2.5 - Local Conditions","44060","Spokane-Spokane Valley, WA","53","Washington","065","Stevens","48.544448","-117.903425"
"01/17/2020","AQS","530650005","5","10.4","ug/m3 LC","43","Colville-E 1St","1","100.0000","88101","PM2.5 - Local Conditions","44060","Spokane-Spokane Valley, WA","53","Washington","065","Stevens","48.544448","-117.903425"
"01/18/2020","AQS","530650005","5","14.2","ug/m3 LC","55","Colville-E 1St","1","100.0000","88101","PM2.5 - Local Conditions","44060","Spokane-Spokane Valley, WA","53","Washington","065","Stevens","48.544448","-117.903425"
"01/19/2020","AQS","530650005","5","16.6","ug/m3 LC","60","Colville-E 1St","1","100.0000","88101","PM2.5 - Local Conditions","44060","Spokane-Spokane Valley, WA","53","Washington","065","Stevens","48.544448","-117.903425"
"01/21/2020","AQS","530650005","5","11.9","ug/m3 LC","50","Colville-E 1St","1","100.0000","88101","PM2.5 - Local Conditions","44060","Spokane-Spokane Valley, WA","53","Washington","065","Stevens","48.544448","-117.903425"
"01/22/2020","AQS","530650005","5","9.8","ug/m3 LC","41","Colville-E 1St","1","100.0000","88101","PM2.5 - Local Conditions","44060","Spokane-Spokane Valley, WA","53","Washington","065","Stevens","48.544448","-117.903425"
"01/23/2020","AQS","530650005","5","13.6","ug/m3 LC","54","Colville-E 1St","1","100.0000","88101","PM2.5 - Local Conditions","44060","Spokane-Spokane Valley, WA","53","Washington","065","Stevens","48.544448","-117.903425"
"01/24/2020","AQS","530650005","5","12.7","ug/m3 LC","52","Colville-E 1St","1","100.0000","88101","PM2.5 - Local Conditions","44060","Spokane-Spokane Valley, WA","53","Washington","065","Stevens","48.544448","-117.903425"
"01/25/2020","AQS","530650005","5","17.2","ug/m3 LC","62","Colville-E 1St","1","100.0000","88101","PM2.5 - Local Conditions","44060","Spokane-Spokane Valley, WA","53","Washington","065","Stevens","48.544448","-117.903425"
"01/26/2020","AQS","530650005","5","15.7","ug/m3 LC","59","Colville-E 1St","1","100.0000","88101","PM2.5 - Local Conditions","44060","Spokane-Spokane Valley, WA","53","Washington","065","Stevens","48.544448","-117.903425"
"01/27/2020","AQS","530650005","5","12.7","ug/m3 LC","52","Colville-E 1St","1","100.0000","88101","PM2.5 - Local Conditions","44060","Spokane-Spokane Valley, WA","53","Washington","065","Stevens","48.544448","-117.903425"
"01/28/2020","AQS","530650005","5","12.7","ug/m3 LC","52","Colville-E 1St","1","100.0000","88101","PM2.5 - Local Conditions","44060","Spokane-Spokane Valley, WA","53","Washington","065","Stevens","48.544448","-117.903425"
"01/29/2020","AQS","530650005","5","12.7","ug/m3 LC","52","Colville-E 1St","1","100.0000","88101","PM2.5 - Local Conditions","44060","Spokane-Spokane Valley, WA","53","Washington","065","Stevens","48.544448","-117.903425"
"01/30/2020","AQS","530650005","5","11.2","ug/m3 LC","47","Colville-E 1St","1","100.0000","88101","PM2.5 - Local Conditions","44060","Spokane-Spokane Valley, WA","53","Washington","065","Stevens","48.544448","-117.903425"
"01/31/2020","AQS","530650005","5","11.2","ug/m3 LC","47","Colville-E 1St","1","100.0000","88101","PM2.5 - Local Conditions","44060","Spokane-Spokane Valley, WA","53","Washington","065","Stevens","48.544448","-117.903425"
"02/01/2020","AirNow","530650005","5","4.3","ug/m3 LC","18","Colville-E 1St","1","100.0000","88101","PM2.5 - Local Conditions","44060","Spokane-Spokane Valley, WA","53","Washington","065","Stevens","48.544448","-117.903425"
"02/03/2020","AirNow","530650005","5","14.9","ug/m3 LC","57","Colville-E 1St","1","100.0000","88101","PM2.5 - Local Conditions","44060","Spokane-Spokane Valley, WA","53","Washington","065","Stevens","48.544448","-117.903425"
"02/04/2020","AirNow","530650005","5","9.2","ug/m3 LC","38","Colville-E 1St","1","100.0000","88101","PM2.5 - Local Conditions","44060","Spokane-Spokane Valley, WA","53","Washington","065","Stevens","48.544448","-117.903425"
"02/05/2020","AirNow","530650005","5","10","ug/m3 LC","42","Colville-E 1St","1","100.0000","88101","PM2.5 - Local Conditions","44060","Spokane-Spokane Valley, WA","53","Washington","065","Stevens","48.544448","-117.903425"
"02/06/2020","AirNow","530650005","5","18.3","ug/m3 LC","64","Colville-E 1St","1","100.0000","88101","PM2.5 - Local Conditions","44060","Spokane-Spokane Valley, WA","53","Washington","065","Stevens","48.544448","-117.903425"
"02/07/2020","AirNow","530650005","5","15","ug/m3 LC","57","Colville-E 1St","1","100.0000","88101","PM2.5 - Local Conditions","44060","Spokane-Spokane Valley, WA","53","Washington","065","Stevens","48.544448","-117.903425"
"02/08/2020","AirNow","530650005","5","10.5","ug/m3 LC","44","Colville-E 1St","1","100.0000","88101","PM2.5 - Local Conditions","44060","Spokane-Spokane Valley, WA","53","Washington","065","Stevens","48.544448","-117.903425"
"02/09/2020","AirNow","530650005","5","10.2","ug/m3 LC","43","Colville-E 1St","1","100.0000","88101","PM2.5 - Local Conditions","44060","Spokane-Spokane Valley, WA","53","Washington","065","Stevens","48.544448","-117.903425"
"02/10/2020","AirNow","530650005","5","16.5","ug/m3 LC","60","Colville-E 1St","1","100.0000","88101","PM2.5 - Local Conditions","44060","Spokane-Spokane Valley, WA","53","Washington","065","Stevens","48.544448","-117.903425"
"02/11/2020","AirNow","530650005","5","12.8","ug/m3 LC","52","Colville-E 1St","1","100.0000","88101","PM2.5 - Local Conditions","44060","Spokane-Spokane Valley, WA","53","Washington","065","Stevens","48.544448","-117.903425"
"02/12/2020","AirNow","530650005","5","18","ug/m3 LC","63","Colville-E 1St","1","100.0000","88101","PM2.5 - Local Conditions","44060","Spokane-Spokane Valley, WA","53","Washington","065","Stevens","48.544448","-117.903425"
"02/13/2020","AirNow","530650005","5","17.6","ug/m3 LC","63","Colville-E 1St","1","100.0000","88101","PM2.5 - Local Conditions","44060","Spokane-Spokane Valley, WA","53","Washington","065","Stevens","48.544448","-117.903425"
"02/14/2020","AirNow","530650005","5","14.3","ug/m3 LC","56","Colville-E 1St","1","100.0000","88101","PM2.5 - Local Conditions","44060","Spokane-Spokane Valley, WA","53","Washington","065","Stevens","48.544448","-117.903425"
"02/15/2020","AirNow","530650005","5","8","ug/m3 LC","33","Colville-E 1St","1","100.0000","88101","PM2.5 - Local Conditions","44060","Spokane-Spokane Valley, WA","53","Washington","065","Stevens","48.544448","-117.903425"
"02/16/2020","AirNow","530650005","5","11.4","ug/m3 LC","48","Colville-E 1St","1","100.0000","88101","PM2.5 - Local Conditions","44060","Spokane-Spokane Valley, WA","53","Washington","065","Stevens","48.544448","-117.903425"
"02/17/2020","AirNow","530650005","5","12.5","ug/m3 LC","52","Colville-E 1St","1","100.0000","88101","PM2.5 - Local Conditions","44060","Spokane-Spokane Valley, WA","53","Washington","065","Stevens","48.544448","-117.903425"
"02/18/2020","AirNow","530650005","5","17.5","ug/m3 LC","62","Colville-E 1St","1","100.0000","88101","PM2.5 - Local Conditions","44060","Spokane-Spokane Valley, WA","53","Washington","065","Stevens","48.544448","-117.903425"
"02/19/2020","AirNow","530650005","5","19.5","ug/m3 LC","67","Colville-E 1St","1","100.0000","88101","PM2.5 - Local Conditions","44060","Spokane-Spokane Valley, WA","53","Washington","065","Stevens","48.544448","-117.903425"
"02/20/2020","AirNow","530650005","5","18.1","ug/m3 LC","64","Colville-E 1St","1","100.0000","88101","PM2.5 - Local Conditions","44060","Spokane-Spokane Valley, WA","53","Washington","065","Stevens","48.544448","-117.903425"
"02/21/2020","AirNow","530650005","5","18.8","ug/m3 LC","65","Colville-E 1St","1","100.0000","88101","PM2.5 - Local Conditions","44060","Spokane-Spokane Valley, WA","53","Washington","065","Stevens","48.544448","-117.903425"
"02/22/2020","AirNow","530650005","5","18.3","ug/m3 LC","64","Colville-E 1St","1","100.0000","88101","PM2.5 - Local Conditions","44060","Spokane-Spokane Valley, WA","53","Washington","065","Stevens","48.544448","-117.903425"
"02/23/2020","AirNow","530650005","5","11.9","ug/m3 LC","50","Colville-E 1St","1","100.0000","88101","PM2.5 - Local Conditions","44060","Spokane-Spokane Valley, WA","53","Washington","065","Stevens","48.544448","-117.903425"
"02/24/2020","AirNow","530650005","5","11.7","ug/m3 LC","49","Colville-E 1St","1","100.0000","88101","PM2.5 - Local Conditions","44060","Spokane-Spokane Valley, WA","53","Washington","065","Stevens","48.544448","-117.903425"
"02/25/2020","AirNow","530650005","5","14.4","ug/m3 LC","56","Colville-E 1St","1","100.0000","88101","PM2.5 - Local Conditions","44060","Spokane-Spokane Valley, WA","53","Washington","065","Stevens","48.544448","-117.903425"
"02/26/2020","AirNow","530650005","5","14.7","ug/m3 LC","56","Colville-E 1St","1","100.0000","88101","PM2.5 - Local Conditions","44060","Spokane-Spokane Valley, WA","53","Washington","065","Stevens","48.544448","-117.903425"
"02/27/2020","AirNow","530650005","5","14.2","ug/m3 LC","55","Colville-E 1St","1","100.0000","88101","PM2.5 - Local Conditions","44060","Spokane-Spokane Valley, WA","53","Washington","065","Stevens","48.544448","-117.903425"
"02/28/2020","AirNow","530650005","5","10.4","ug/m3 LC","43","Colville-E 1St","1","100.0000","88101","PM2.5 - Local Conditions","44060","Spokane-Spokane Valley, WA","53","Washington","065","Stevens","48.544448","-117.903425"
"02/29/2020","AirNow","530650005","5","6.9","ug/m3 LC","29","Colville-E 1St","1","100.0000","88101","PM2.5 - Local Conditions","44060","Spokane-Spokane Valley, WA","53","Washington","065","Stevens","48.544448","-117.903425"
"03/01/2020","AirNow","530650005","5","7.5","ug/m3 LC","31","Colville-E 1St","1","100.0000","88101","PM2.5 - Local Conditions","44060","Spokane-Spokane Valley, WA","53","Washington","065","Stevens","48.544448","-117.903425"
"03/02/2020","AirNow","530650005","5","6.2","ug/m3 LC","26","Colville-E 1St","1","100.0000","88101","PM2.5 - Local Conditions","44060","Spokane-Spokane Valley, WA","53","Washington","065","Stevens","48.544448","-117.903425"
"03/03/2020","AirNow","530650005","5","8.2","ug/m3 LC","34","Colville-E 1St","1","100.0000","88101","PM2.5 - Local Conditions","44060","Spokane-Spokane Valley, WA","53","Washington","065","Stevens","48.544448","-117.903425"
"03/04/2020","AirNow","530650005","5","6.8","ug/m3 LC","28","Colville-E 1St","1","100.0000","88101","PM2.5 - Local Conditions","44060","Spokane-Spokane Valley, WA","53","Washington","065","Stevens","48.544448","-117.903425"
"03/05/2020","AirNow","530650005","5","13.2","ug/m3 LC","53","Colville-E 1St","1","100.0000","88101","PM2.5 - Local Conditions","44060","Spokane-Spokane Valley, WA","53","Washington","065","Stevens","48.544448","-117.903425"
"03/06/2020","AirNow","530650005","5","14.9","ug/m3 LC","57","Colville-E 1St","1","100.0000","88101","PM2.5 - Local Conditions","44060","Spokane-Spokane Valley, WA","53","Washington","065","Stevens","48.544448","-117.903425"
"03/07/2020","AirNow","530650005","5","6.8","ug/m3 LC","28","Colville-E 1St","1","100.0000","88101","PM2.5 - Local Conditions","44060","Spokane-Spokane Valley, WA","53","Washington","065","Stevens","48.544448","-117.903425"
"03/08/2020","AirNow","530650005","5","7.1","ug/m3 LC","30","Colville-E 1St","1","100.0000","88101","PM2.5 - Local Conditions","44060","Spokane-Spokane Valley, WA","53","Washington","065","Stevens","48.544448","-117.903425"
"03/09/2020","AirNow","530650005","5","9.3","ug/m3 LC","39","Colville-E 1St","1","100.0000","88101","PM2.5 - Local Conditions","44060","Spokane-Spokane Valley, WA","53","Washington","065","Stevens","48.544448","-117.903425"
"03/10/2020","AirNow","530650005","5","14.6","ug/m3 LC","56","Colville-E 1St","1","100.0000","88101","PM2.5 - Local Conditions","44060","Spokane-Spokane Valley, WA","53","Washington","065","Stevens","48.544448","-117.903425"
"03/11/2020","AirNow","530650005","5","9.7","ug/m3 LC","40","Colville-E 1St","1","100.0000","88101","PM2.5 - Local Conditions","44060","Spokane-Spokane Valley, WA","53","Washington","065","Stevens","48.544448","-117.903425"
"03/12/2020","AirNow","530650005","5","12.5","ug/m3 LC","52","Colville-E 1St","1","100.0000","88101","PM2.5 - Local Conditions","44060","Spokane-Spokane Valley, WA","53","Washington","065","Stevens","48.544448","-117.903425"
"03/13/2020","AirNow","530650005","5","7.3","ug/m3 LC","30","Colville-E 1St","1","100.0000","88101","PM2.5 - Local Conditions","44060","Spokane-Spokane Valley, WA","53","Washington","065","Stevens","48.544448","-117.903425"
"03/14/2020","AirNow","530650005","5","6.7","ug/m3 LC","28","Colville-E 1St","1","100.0000","88101","PM2.5 - Local Conditions","44060","Spokane-Spokane Valley, WA","53","Washington","065","Stevens","48.544448","-117.903425"
"03/15/2020","AirNow","530650005","5","6.6","ug/m3 LC","28","Colville-E 1St","1","100.0000","88101","PM2.5 - Local Conditions","44060","Spokane-Spokane Valley, WA","53","Washington","065","Stevens","48.544448","-117.903425"
"03/16/2020","AirNow","530650005","5","10","ug/m3 LC","42","Colville-E 1St","1","100.0000","88101","PM2.5 - Local Conditions","44060","Spokane-Spokane Valley, WA","53","Washington","065","Stevens","48.544448","-117.903425"
"03/17/2020","AirNow","530650005","5","13.2","ug/m3 LC","53","Colville-E 1St","1","100.0000","88101","PM2.5 - Local Conditions","44060","Spokane-Spokane Valley, WA","53","Washington","065","Stevens","48.544448","-117.903425"
"03/18/2020","AirNow","530650005","5","13.7","ug/m3 LC","54","Colville-E 1St","1","100.0000","88101","PM2.5 - Local Conditions","44060","Spokane-Spokane Valley, WA","53","Washington","065","Stevens","48.544448","-117.903425"
"03/19/2020","AirNow","530650005","5","11.7","ug/m3 LC","49","Colville-E 1St","1","100.0000","88101","PM2.5 - Local Conditions","44060","Spokane-Spokane Valley, WA","53","Washington","065","Stevens","48.544448","-117.903425"
"03/20/2020","AirNow","530650005","5","10.8","ug/m3 LC","45","Colville-E 1St","1","100.0000","88101","PM2.5 - Local Conditions","44060","Spokane-Spokane Valley, WA","53","Washington","065","Stevens","48.544448","-117.903425"
"03/21/2020","AirNow","530650005","5","10.1","ug/m3 LC","42","Colville-E 1St","1","100.0000","88101","PM2.5 - Local Conditions","44060","Spokane-Spokane Valley, WA","53","Washington","065","Stevens","48.544448","-117.903425"
"03/22/2020","AirNow","530650005","5","8.3","ug/m3 LC","35","Colville-E 1St","1","100.0000","88101","PM2.5 - Local Conditions","44060","Spokane-Spokane Valley, WA","53","Washington","065","Stevens","48.544448","-117.903425"
"03/23/2020","AirNow","530650005","5","7.6","ug/m3 LC","32","Colville-E 1St","1","100.0000","88101","PM2.5 - Local Conditions","44060","Spokane-Spokane Valley, WA","53","Washington","065","Stevens","48.544448","-117.903425"
"03/24/2020","AirNow","530650005","5","6.8","ug/m3 LC","28","Colville-E 1St","1","100.0000","88101","PM2.5 - Local Conditions","44060","Spokane-Spokane Valley, WA","53","Washington","065","Stevens","48.544448","-117.903425"
"03/25/2020","AirNow","530650005","5","8.7","ug/m3 LC","36","Colville-E 1St","1","100.0000","88101","PM2.5 - Local Conditions","44060","Spokane-Spokane Valley, WA","53","Washington","065","Stevens","48.544448","-117.903425"
"03/26/2020","AirNow","530650005","5","8.9","ug/m3 LC","37","Colville-E 1St","1","100.0000","88101","PM2.5 - Local Conditions","44060","Spokane-Spokane Valley, WA","53","Washington","065","Stevens","48.544448","-117.903425"
"03/27/2020","AirNow","530650005","5","8.2","ug/m3 LC","34","Colville-E 1St","1","100.0000","88101","PM2.5 - Local Conditions","44060","Spokane-Spokane Valley, WA","53","Washington","065","Stevens","48.544448","-117.903425"
"03/28/2020","AirNow","530650005","5","6.2","ug/m3 LC","26","Colville-E 1St","1","100.0000","88101","PM2.5 - Local Conditions","44060","Spokane-Spokane Valley, WA","53","Washington","065","Stevens","48.544448","-117.903425"
"03/29/2020","AirNow","530650005","5","5","ug/m3 LC","21","Colville-E 1St","1","100.0000","88101","PM2.5 - Local Conditions","44060","Spokane-Spokane Valley, WA","53","Washington","065","Stevens","48.544448","-117.903425"
"03/30/2020","AirNow","530650005","5","4.4","ug/m3 LC","18","Colville-E 1St","1","100.0000","88101","PM2.5 - Local Conditions","44060","Spokane-Spokane Valley, WA","53","Washington","065","Stevens","48.544448","-117.903425"
"03/31/2020","AirNow","530650005","5","5.3","ug/m3 LC","22","Colville-E 1St","1","100.0000","88101","PM2.5 - Local Conditions","44060","Spokane-Spokane Valley, WA","53","Washington","065","Stevens","48.544448","-117.903425"
"04/01/2020","AirNow","530650005","5","6.2","ug/m3 LC","26","Colville-E 1St","1","100.0000","88101","PM2.5 - Local Conditions","44060","Spokane-Spokane Valley, WA","53","Washington","065","Stevens","48.544448","-117.903425"
"04/02/2020","AirNow","530650005","5","5.9","ug/m3 LC","25","Colville-E 1St","1","100.0000","88101","PM2.5 - Local Conditions","44060","Spokane-Spokane Valley, WA","53","Washington","065","Stevens","48.544448","-117.903425"
"04/03/2020","AirNow","530650005","5","6.6","ug/m3 LC","28","Colville-E 1St","1","100.0000","88101","PM2.5 - Local Conditions","44060","Spokane-Spokane Valley, WA","53","Washington","065","Stevens","48.544448","-117.903425"
"04/04/2020","AirNow","530650005","5","8.5","ug/m3 LC","35","Colville-E 1St","1","100.0000","88101","PM2.5 - Local Conditions","44060","Spokane-Spokane Valley, WA","53","Washington","065","Stevens","48.544448","-117.903425"
"04/05/2020","AirNow","530650005","5","5.3","ug/m3 LC","22","Colville-E 1St","1","100.0000","88101","PM2.5 - Local Conditions","44060","Spokane-Spokane Valley, WA","53","Washington","065","Stevens","48.544448","-117.903425"
"04/06/2020","AirNow","530650005","5","6.9","ug/m3 LC","29","Colville-E 1St","1","100.0000","88101","PM2.5 - Local Conditions","44060","Spokane-Spokane Valley, WA","53","Washington","065","Stevens","48.544448","-117.903425"
"04/07/2020","AirNow","530650005","5","7.6","ug/m3 LC","32","Colville-E 1St","1","100.0000","88101","PM2.5 - Local Conditions","44060","Spokane-Spokane Valley, WA","53","Washington","065","Stevens","48.544448","-117.903425"
"04/08/2020","AirNow","530650005","5","7.8","ug/m3 LC","33","Colville-E 1St","1","100.0000","88101","PM2.5 - Local Conditions","44060","Spokane-Spokane Valley, WA","53","Washington","065","Stevens","48.544448","-117.903425"
"04/09/2020","AirNow","530650005","5","7.8","ug/m3 LC","33","Colville-E 1St","1","100.0000","88101","PM2.5 - Local Conditions","44060","Spokane-Spokane Valley, WA","53","Washington","065","Stevens","48.544448","-117.903425"
"04/10/2020","AirNow","530650005","5","8.2","ug/m3 LC","34","Colville-E 1St","1","100.0000","88101","PM2.5 - Local Conditions","44060","Spokane-Spokane Valley, WA","53","Washington","065","Stevens","48.544448","-117.903425"
"04/11/2020","AirNow","530650005","5","6.4","ug/m3 LC","27","Colville-E 1St","1","100.0000","88101","PM2.5 - Local Conditions","44060","Spokane-Spokane Valley, WA","53","Washington","065","Stevens","48.544448","-117.903425"
"04/12/2020","AirNow","530650005","5","5.6","ug/m3 LC","23","Colville-E 1St","1","100.0000","88101","PM2.5 - Local Conditions","44060","Spokane-Spokane Valley, WA","53","Washington","065","Stevens","48.544448","-117.903425"
"04/13/2020","AirNow","530650005","5","7.6","ug/m3 LC","32","Colville-E 1St","1","100.0000","88101","PM2.5 - Local Conditions","44060","Spokane-Spokane Valley, WA","53","Washington","065","Stevens","48.544448","-117.903425"
"04/14/2020","AirNow","530650005","5","7.5","ug/m3 LC","31","Colville-E 1St","1","100.0000","88101","PM2.5 - Local Conditions","44060","Spokane-Spokane Valley, WA","53","Washington","065","Stevens","48.544448","-117.903425"
"04/15/2020","AirNow","530650005","5","5.5","ug/m3 LC","23","Colville-E 1St","1","100.0000","88101","PM2.5 - Local Conditions","44060","Spokane-Spokane Valley, WA","53","Washington","065","Stevens","48.544448","-117.903425"
"04/16/2020","AirNow","530650005","5","5.6","ug/m3 LC","23","Colville-E 1St","1","100.0000","88101","PM2.5 - Local Conditions","44060","Spokane-Spokane Valley, WA","53","Washington","065","Stevens","48.544448","-117.903425"
"04/17/2020","AirNow","530650005","5","6.6","ug/m3 LC","28","Colville-E 1St","1","100.0000","88101","PM2.5 - Local Conditions","44060","Spokane-Spokane Valley, WA","53","Washington","065","Stevens","48.544448","-117.903425"
"04/18/2020","AirNow","530650005","5","6.2","ug/m3 LC","26","Colville-E 1St","1","100.0000","88101","PM2.5 - Local Conditions","44060","Spokane-Spokane Valley, WA","53","Washington","065","Stevens","48.544448","-117.903425"
"04/19/2020","AirNow","530650005","5","6","ug/m3 LC","25","Colville-E 1St","1","100.0000","88101","PM2.5 - Local Conditions","44060","Spokane-Spokane Valley, WA","53","Washington","065","Stevens","48.544448","-117.903425"
"04/20/2020","AirNow","530650005","5","6.6","ug/m3 LC","28","Colville-E 1St","1","100.0000","88101","PM2.5 - Local Conditions","44060","Spokane-Spokane Valley, WA","53","Washington","065","Stevens","48.544448","-117.903425"
"04/21/2020","AirNow","530650005","5","6.9","ug/m3 LC","29","Colville-E 1St","1","100.0000","88101","PM2.5 - Local Conditions","44060","Spokane-Spokane Valley, WA","53","Washington","065","Stevens","48.544448","-117.903425"
"04/22/2020","AirNow","530650005","5","5.9","ug/m3 LC","25","Colville-E 1St","1","100.0000","88101","PM2.5 - Local Conditions","44060","Spokane-Spokane Valley, WA","53","Washington","065","Stevens","48.544448","-117.903425"
"04/23/2020","AirNow","530650005","5","5.7","ug/m3 LC","24","Colville-E 1St","1","100.0000","88101","PM2.5 - Local Conditions","44060","Spokane-Spokane Valley, WA","53","Washington","065","Stevens","48.544448","-117.903425"
"04/24/2020","AirNow","530650005","5","6.4","ug/m3 LC","27","Colville-E 1St","1","100.0000","88101","PM2.5 - Local Conditions","44060","Spokane-Spokane Valley, WA","53","Washington","065","Stevens","48.544448","-117.903425"
"04/25/2020","AirNow","530650005","5","6.1","ug/m3 LC","25","Colville-E 1St","1","100.0000","88101","PM2.5 - Local Conditions","44060","Spokane-Spokane Valley, WA","53","Washington","065","Stevens","48.544448","-117.903425"
"04/26/2020","AirNow","530650005","5","7","ug/m3 LC","29","Colville-E 1St","1","100.0000","88101","PM2.5 - Local Conditions","44060","Spokane-Spokane Valley, WA","53","Washington","065","Stevens","48.544448","-117.903425"
"04/27/2020","AirNow","530650005","5","5.5","ug/m3 LC","23","Colville-E 1St","1","100.0000","88101","PM2.5 - Local Conditions","44060","Spokane-Spokane Valley, WA","53","Washington","065","Stevens","48.544448","-117.903425"
"04/28/2020","AirNow","530650005","5","6.2","ug/m3 LC","26","Colville-E 1St","1","100.0000","88101","PM2.5 - Local Conditions","44060","Spokane-Spokane Valley, WA","53","Washington","065","Stevens","48.544448","-117.903425"
"04/29/2020","AirNow","530650005","5","7.7","ug/m3 LC","32","Colville-E 1St","1","100.0000","88101","PM2.5 - Local Conditions","44060","Spokane-Spokane Valley, WA","53","Washington","065","Stevens","48.544448","-117.903425"
"04/30/2020","AirNow","530650005","5","5.5","ug/m3 LC","23","Colville-E 1St","1","100.0000","88101","PM2.5 - Local Conditions","44060","Spokane-Spokane Valley, WA","53","Washington","065","Stevens","48.544448","-117.903425"
"05/01/2020","AirNow","530650005","5","5","ug/m3 LC","21","Colville-E 1St","1","100.0000","88101","PM2.5 - Local Conditions","44060","Spokane-Spokane Valley, WA","53","Washington","065","Stevens","48.544448","-117.903425"
"05/02/2020","AirNow","530650005","5","7.1","ug/m3 LC","30","Colville-E 1St","1","100.0000","88101","PM2.5 - Local Conditions","44060","Spokane-Spokane Valley, WA","53","Washington","065","Stevens","48.544448","-117.903425"
"01/01/2020","AQS","530670013","4","2.7","ug/m3 LC","11","LACEY - COLLEGE ST","1","100.0000","88502","Acceptable PM2.5 AQI & Speciation Mass","36500","Olympia-Tumwater, WA","53","Washington","067","Thurston","47.029396","-122.821548"
"01/02/2020","AQS","530670013","4","3.3","ug/m3 LC","14","LACEY - COLLEGE ST","1","100.0000","88502","Acceptable PM2.5 AQI & Speciation Mass","36500","Olympia-Tumwater, WA","53","Washington","067","Thurston","47.029396","-122.821548"
"01/03/2020","AQS","530670013","4","2.3","ug/m3 LC","10","LACEY - COLLEGE ST","1","100.0000","88502","Acceptable PM2.5 AQI & Speciation Mass","36500","Olympia-Tumwater, WA","53","Washington","067","Thurston","47.029396","-122.821548"
"01/04/2020","AQS","530670013","4","2.5","ug/m3 LC","10","LACEY - COLLEGE ST","1","100.0000","88502","Acceptable PM2.5 AQI & Speciation Mass","36500","Olympia-Tumwater, WA","53","Washington","067","Thurston","47.029396","-122.821548"
"01/05/2020","AQS","530670013","4","2.4","ug/m3 LC","10","LACEY - COLLEGE ST","1","100.0000","88502","Acceptable PM2.5 AQI & Speciation Mass","36500","Olympia-Tumwater, WA","53","Washington","067","Thurston","47.029396","-122.821548"
"01/06/2020","AQS","530670013","4","0.7","ug/m3 LC","3","LACEY - COLLEGE ST","1","100.0000","88502","Acceptable PM2.5 AQI & Speciation Mass","36500","Olympia-Tumwater, WA","53","Washington","067","Thurston","47.029396","-122.821548"
"01/07/2020","AQS","530670013","4","1.3","ug/m3 LC","5","LACEY - COLLEGE ST","1","100.0000","88502","Acceptable PM2.5 AQI & Speciation Mass","36500","Olympia-Tumwater, WA","53","Washington","067","Thurston","47.029396","-122.821548"
"01/08/2020","AQS","530670013","4","3.3","ug/m3 LC","14","LACEY - COLLEGE ST","1","100.0000","88502","Acceptable PM2.5 AQI & Speciation Mass","36500","Olympia-Tumwater, WA","53","Washington","067","Thurston","47.029396","-122.821548"
"01/09/2020","AQS","530670013","4","6.3","ug/m3 LC","26","LACEY - COLLEGE ST","1","100.0000","88502","Acceptable PM2.5 AQI & Speciation Mass","36500","Olympia-Tumwater, WA","53","Washington","067","Thurston","47.029396","-122.821548"
"01/10/2020","AQS","530670013","4","1.8","ug/m3 LC","8","LACEY - COLLEGE ST","1","100.0000","88502","Acceptable PM2.5 AQI & Speciation Mass","36500","Olympia-Tumwater, WA","53","Washington","067","Thurston","47.029396","-122.821548"
"01/11/2020","AQS","530670013","4","3.2","ug/m3 LC","13","LACEY - COLLEGE ST","1","100.0000","88502","Acceptable PM2.5 AQI & Speciation Mass","36500","Olympia-Tumwater, WA","53","Washington","067","Thurston","47.029396","-122.821548"
"01/12/2020","AQS","530670013","4","2.6","ug/m3 LC","11","LACEY - COLLEGE ST","1","100.0000","88502","Acceptable PM2.5 AQI & Speciation Mass","36500","Olympia-Tumwater, WA","53","Washington","067","Thurston","47.029396","-122.821548"
"01/13/2020","AQS","530670013","4","4.6","ug/m3 LC","19","LACEY - COLLEGE ST","1","100.0000","88502","Acceptable PM2.5 AQI & Speciation Mass","36500","Olympia-Tumwater, WA","53","Washington","067","Thurston","47.029396","-122.821548"
"01/14/2020","AQS","530670013","4","4.1","ug/m3 LC","17","LACEY - COLLEGE ST","1","100.0000","88502","Acceptable PM2.5 AQI & Speciation Mass","36500","Olympia-Tumwater, WA","53","Washington","067","Thurston","47.029396","-122.821548"
"01/15/2020","AQS","530670013","4","4.7","ug/m3 LC","20","LACEY - COLLEGE ST","1","100.0000","88502","Acceptable PM2.5 AQI & Speciation Mass","36500","Olympia-Tumwater, WA","53","Washington","067","Thurston","47.029396","-122.821548"
"01/16/2020","AQS","530670013","4","3.5","ug/m3 LC","15","LACEY - COLLEGE ST","1","100.0000","88502","Acceptable PM2.5 AQI & Speciation Mass","36500","Olympia-Tumwater, WA","53","Washington","067","Thurston","47.029396","-122.821548"
"01/17/2020","AQS","530670013","4","7.9","ug/m3 LC","33","LACEY - COLLEGE ST","1","100.0000","88502","Acceptable PM2.5 AQI & Speciation Mass","36500","Olympia-Tumwater, WA","53","Washington","067","Thurston","47.029396","-122.821548"
"01/18/2020","AQS","530670013","4","4.1","ug/m3 LC","17","LACEY - COLLEGE ST","1","100.0000","88502","Acceptable PM2.5 AQI & Speciation Mass","36500","Olympia-Tumwater, WA","53","Washington","067","Thurston","47.029396","-122.821548"
"01/19/2020","AQS","530670013","4","5.6","ug/m3 LC","23","LACEY - COLLEGE ST","1","100.0000","88502","Acceptable PM2.5 AQI & Speciation Mass","36500","Olympia-Tumwater, WA","53","Washington","067","Thurston","47.029396","-122.821548"
"01/20/2020","AQS","530670013","4","9.3","ug/m3 LC","39","LACEY - COLLEGE ST","1","100.0000","88502","Acceptable PM2.5 AQI & Speciation Mass","36500","Olympia-Tumwater, WA","53","Washington","067","Thurston","47.029396","-122.821548"
"01/21/2020","AQS","530670013","4","3.5","ug/m3 LC","15","LACEY - COLLEGE ST","1","100.0000","88502","Acceptable PM2.5 AQI & Speciation Mass","36500","Olympia-Tumwater, WA","53","Washington","067","Thurston","47.029396","-122.821548"
"01/22/2020","AQS","530670013","4","1.6","ug/m3 LC","7","LACEY - COLLEGE ST","1","100.0000","88502","Acceptable PM2.5 AQI & Speciation Mass","36500","Olympia-Tumwater, WA","53","Washington","067","Thurston","47.029396","-122.821548"
"01/23/2020","AQS","530670013","4","1.4","ug/m3 LC","6","LACEY - COLLEGE ST","1","100.0000","88502","Acceptable PM2.5 AQI & Speciation Mass","36500","Olympia-Tumwater, WA","53","Washington","067","Thurston","47.029396","-122.821548"
"01/24/2020","AQS","530670013","4","2.6","ug/m3 LC","11","LACEY - COLLEGE ST","1","100.0000","88502","Acceptable PM2.5 AQI & Speciation Mass","36500","Olympia-Tumwater, WA","53","Washington","067","Thurston","47.029396","-122.821548"
"01/25/2020","AQS","530670013","4","4.8","ug/m3 LC","20","LACEY - COLLEGE ST","1","100.0000","88502","Acceptable PM2.5 AQI & Speciation Mass","36500","Olympia-Tumwater, WA","53","Washington","067","Thurston","47.029396","-122.821548"
"01/26/2020","AQS","530670013","4","2.6","ug/m3 LC","11","LACEY - COLLEGE ST","1","100.0000","88502","Acceptable PM2.5 AQI & Speciation Mass","36500","Olympia-Tumwater, WA","53","Washington","067","Thurston","47.029396","-122.821548"
"01/27/2020","AQS","530670013","4","3.2","ug/m3 LC","13","LACEY - COLLEGE ST","1","100.0000","88502","Acceptable PM2.5 AQI & Speciation Mass","36500","Olympia-Tumwater, WA","53","Washington","067","Thurston","47.029396","-122.821548"
"01/28/2020","AQS","530670013","4","2.2","ug/m3 LC","9","LACEY - COLLEGE ST","1","100.0000","88502","Acceptable PM2.5 AQI & Speciation Mass","36500","Olympia-Tumwater, WA","53","Washington","067","Thurston","47.029396","-122.821548"
"01/29/2020","AQS","530670013","4","2.8","ug/m3 LC","12","LACEY - COLLEGE ST","1","100.0000","88502","Acceptable PM2.5 AQI & Speciation Mass","36500","Olympia-Tumwater, WA","53","Washington","067","Thurston","47.029396","-122.821548"
"01/30/2020","AQS","530670013","4","2.6","ug/m3 LC","11","LACEY - COLLEGE ST","1","100.0000","88502","Acceptable PM2.5 AQI & Speciation Mass","36500","Olympia-Tumwater, WA","53","Washington","067","Thurston","47.029396","-122.821548"
"01/31/2020","AQS","530670013","4","1.4","ug/m3 LC","6","LACEY - COLLEGE ST","1","100.0000","88502","Acceptable PM2.5 AQI & Speciation Mass","36500","Olympia-Tumwater, WA","53","Washington","067","Thurston","47.029396","-122.821548"
"02/01/2020","AirNow","530670013","4","2.6","ug/m3 LC","11","LACEY - COLLEGE ST","1","100.0000","88502","Acceptable PM2.5 AQI & Speciation Mass","36500","Olympia-Tumwater, WA","53","Washington","067","Thurston","47.029396","-122.821548"
"02/02/2020","AirNow","530670013","4","6","ug/m3 LC","25","LACEY - COLLEGE ST","1","100.0000","88502","Acceptable PM2.5 AQI & Speciation Mass","36500","Olympia-Tumwater, WA","53","Washington","067","Thurston","47.029396","-122.821548"
"02/03/2020","AirNow","530670013","4","6.5","ug/m3 LC","27","LACEY - COLLEGE ST","1","100.0000","88502","Acceptable PM2.5 AQI & Speciation Mass","36500","Olympia-Tumwater, WA","53","Washington","067","Thurston","47.029396","-122.821548"
"02/04/2020","AirNow","530670013","4","5.1","ug/m3 LC","21","LACEY - COLLEGE ST","1","100.0000","88502","Acceptable PM2.5 AQI & Speciation Mass","36500","Olympia-Tumwater, WA","53","Washington","067","Thurston","47.029396","-122.821548"
"02/05/2020","AirNow","530670013","4","1.6","ug/m3 LC","7","LACEY - COLLEGE ST","1","100.0000","88502","Acceptable PM2.5 AQI & Speciation Mass","36500","Olympia-Tumwater, WA","53","Washington","067","Thurston","47.029396","-122.821548"
"02/06/2020","AirNow","530670013","4","0.9","ug/m3 LC","4","LACEY - COLLEGE ST","1","100.0000","88502","Acceptable PM2.5 AQI & Speciation Mass","36500","Olympia-Tumwater, WA","53","Washington","067","Thurston","47.029396","-122.821548"
"02/07/2020","AirNow","530670013","4","1.4","ug/m3 LC","6","LACEY - COLLEGE ST","1","100.0000","88502","Acceptable PM2.5 AQI & Speciation Mass","36500","Olympia-Tumwater, WA","53","Washington","067","Thurston","47.029396","-122.821548"
"02/08/2020","AirNow","530670013","4","7","ug/m3 LC","29","LACEY - COLLEGE ST","1","100.0000","88502","Acceptable PM2.5 AQI & Speciation Mass","36500","Olympia-Tumwater, WA","53","Washington","067","Thurston","47.029396","-122.821548"
"02/09/2020","AirNow","530670013","4","10.9","ug/m3 LC","45","LACEY - COLLEGE ST","1","100.0000","88502","Acceptable PM2.5 AQI & Speciation Mass","36500","Olympia-Tumwater, WA","53","Washington","067","Thurston","47.029396","-122.821548"
"02/10/2020","AirNow","530670013","4","11.1","ug/m3 LC","46","LACEY - COLLEGE ST","1","100.0000","88502","Acceptable PM2.5 AQI & Speciation Mass","36500","Olympia-Tumwater, WA","53","Washington","067","Thurston","47.029396","-122.821548"
"02/11/2020","AirNow","530670013","4","5.8","ug/m3 LC","24","LACEY - COLLEGE ST","1","100.0000","88502","Acceptable PM2.5 AQI & Speciation Mass","36500","Olympia-Tumwater, WA","53","Washington","067","Thurston","47.029396","-122.821548"
"02/12/2020","AirNow","530670013","4","4.3","ug/m3 LC","18","LACEY - COLLEGE ST","1","100.0000","88502","Acceptable PM2.5 AQI & Speciation Mass","36500","Olympia-Tumwater, WA","53","Washington","067","Thurston","47.029396","-122.821548"
"02/13/2020","AirNow","530670013","4","5","ug/m3 LC","21","LACEY - COLLEGE ST","1","100.0000","88502","Acceptable PM2.5 AQI & Speciation Mass","36500","Olympia-Tumwater, WA","53","Washington","067","Thurston","47.029396","-122.821548"
"02/14/2020","AirNow","530670013","4","2.4","ug/m3 LC","10","LACEY - COLLEGE ST","1","100.0000","88502","Acceptable PM2.5 AQI & Speciation Mass","36500","Olympia-Tumwater, WA","53","Washington","067","Thurston","47.029396","-122.821548"
"02/15/2020","AirNow","530670013","4","2","ug/m3 LC","8","LACEY - COLLEGE ST","1","100.0000","88502","Acceptable PM2.5 AQI & Speciation Mass","36500","Olympia-Tumwater, WA","53","Washington","067","Thurston","47.029396","-122.821548"
"02/16/2020","AirNow","530670013","4","2.7","ug/m3 LC","11","LACEY - COLLEGE ST","1","100.0000","88502","Acceptable PM2.5 AQI & Speciation Mass","36500","Olympia-Tumwater, WA","53","Washington","067","Thurston","47.029396","-122.821548"
"02/17/2020","AirNow","530670013","4","7.3","ug/m3 LC","30","LACEY - COLLEGE ST","1","100.0000","88502","Acceptable PM2.5 AQI & Speciation Mass","36500","Olympia-Tumwater, WA","53","Washington","067","Thurston","47.029396","-122.821548"
"02/18/2020","AirNow","530670013","4","10.3","ug/m3 LC","43","LACEY - COLLEGE ST","1","100.0000","88502","Acceptable PM2.5 AQI & Speciation Mass","36500","Olympia-Tumwater, WA","53","Washington","067","Thurston","47.029396","-122.821548"
"02/19/2020","AirNow","530670013","4","13.2","ug/m3 LC","53","LACEY - COLLEGE ST","1","100.0000","88502","Acceptable PM2.5 AQI & Speciation Mass","36500","Olympia-Tumwater, WA","53","Washington","067","Thurston","47.029396","-122.821548"
"02/20/2020","AirNow","530670013","4","14.8","ug/m3 LC","57","LACEY - COLLEGE ST","1","100.0000","88502","Acceptable PM2.5 AQI & Speciation Mass","36500","Olympia-Tumwater, WA","53","Washington","067","Thurston","47.029396","-122.821548"
"02/21/2020","AirNow","530670013","4","8.9","ug/m3 LC","37","LACEY - COLLEGE ST","1","100.0000","88502","Acceptable PM2.5 AQI & Speciation Mass","36500","Olympia-Tumwater, WA","53","Washington","067","Thurston","47.029396","-122.821548"
"02/22/2020","AirNow","530670013","4","5.3","ug/m3 LC","22","LACEY - COLLEGE ST","1","100.0000","88502","Acceptable PM2.5 AQI & Speciation Mass","36500","Olympia-Tumwater, WA","53","Washington","067","Thurston","47.029396","-122.821548"
"02/23/2020","AirNow","530670013","4","4","ug/m3 LC","17","LACEY - COLLEGE ST","1","100.0000","88502","Acceptable PM2.5 AQI & Speciation Mass","36500","Olympia-Tumwater, WA","53","Washington","067","Thurston","47.029396","-122.821548"
"02/24/2020","AirNow","530670013","4","6.1","ug/m3 LC","25","LACEY - COLLEGE ST","1","100.0000","88502","Acceptable PM2.5 AQI & Speciation Mass","36500","Olympia-Tumwater, WA","53","Washington","067","Thurston","47.029396","-122.821548"
"02/25/2020","AirNow","530670013","4","8.8","ug/m3 LC","37","LACEY - COLLEGE ST","1","100.0000","88502","Acceptable PM2.5 AQI & Speciation Mass","36500","Olympia-Tumwater, WA","53","Washington","067","Thurston","47.029396","-122.821548"
"02/26/2020","AirNow","530670013","4","6.1","ug/m3 LC","25","LACEY - COLLEGE ST","1","100.0000","88502","Acceptable PM2.5 AQI & Speciation Mass","36500","Olympia-Tumwater, WA","53","Washington","067","Thurston","47.029396","-122.821548"
"02/27/2020","AirNow","530670013","4","6.1","ug/m3 LC","25","LACEY - COLLEGE ST","1","100.0000","88502","Acceptable PM2.5 AQI & Speciation Mass","36500","Olympia-Tumwater, WA","53","Washington","067","Thurston","47.029396","-122.821548"
"02/28/2020","AirNow","530670013","4","4.6","ug/m3 LC","19","LACEY - COLLEGE ST","1","100.0000","88502","Acceptable PM2.5 AQI & Speciation Mass","36500","Olympia-Tumwater, WA","53","Washington","067","Thurston","47.029396","-122.821548"
"02/29/2020","AirNow","530670013","4","4","ug/m3 LC","17","LACEY - COLLEGE ST","1","100.0000","88502","Acceptable PM2.5 AQI & Speciation Mass","36500","Olympia-Tumwater, WA","53","Washington","067","Thurston","47.029396","-122.821548"
"03/01/2020","AirNow","530670013","4","5.9","ug/m3 LC","25","LACEY - COLLEGE ST","1","100.0000","88502","Acceptable PM2.5 AQI & Speciation Mass","36500","Olympia-Tumwater, WA","53","Washington","067","Thurston","47.029396","-122.821548"
"03/02/2020","AirNow","530670013","4","2.9","ug/m3 LC","12","LACEY - COLLEGE ST","1","100.0000","88502","Acceptable PM2.5 AQI & Speciation Mass","36500","Olympia-Tumwater, WA","53","Washington","067","Thurston","47.029396","-122.821548"
"03/03/2020","AirNow","530670013","4","1.4","ug/m3 LC","6","LACEY - COLLEGE ST","1","100.0000","88502","Acceptable PM2.5 AQI & Speciation Mass","36500","Olympia-Tumwater, WA","53","Washington","067","Thurston","47.029396","-122.821548"
"03/04/2020","AirNow","530670013","4","6.3","ug/m3 LC","26","LACEY - COLLEGE ST","1","100.0000","88502","Acceptable PM2.5 AQI & Speciation Mass","36500","Olympia-Tumwater, WA","53","Washington","067","Thurston","47.029396","-122.821548"
"03/05/2020","AirNow","530670013","4","4.8","ug/m3 LC","20","LACEY - COLLEGE ST","1","100.0000","88502","Acceptable PM2.5 AQI & Speciation Mass","36500","Olympia-Tumwater, WA","53","Washington","067","Thurston","47.029396","-122.821548"
"03/06/2020","AirNow","530670013","4","4.1","ug/m3 LC","17","LACEY - COLLEGE ST","1","100.0000","88502","Acceptable PM2.5 AQI & Speciation Mass","36500","Olympia-Tumwater, WA","53","Washington","067","Thurston","47.029396","-122.821548"
"03/07/2020","AirNow","530670013","4","5.1","ug/m3 LC","21","LACEY - COLLEGE ST","1","100.0000","88502","Acceptable PM2.5 AQI & Speciation Mass","36500","Olympia-Tumwater, WA","53","Washington","067","Thurston","47.029396","-122.821548"
"03/08/2020","AirNow","530670013","4","4.8","ug/m3 LC","20","LACEY - COLLEGE ST","1","100.0000","88502","Acceptable PM2.5 AQI & Speciation Mass","36500","Olympia-Tumwater, WA","53","Washington","067","Thurston","47.029396","-122.821548"
"03/09/2020","AirNow","530670013","4","8.5","ug/m3 LC","35","LACEY - COLLEGE ST","1","100.0000","88502","Acceptable PM2.5 AQI & Speciation Mass","36500","Olympia-Tumwater, WA","53","Washington","067","Thurston","47.029396","-122.821548"
"03/10/2020","AirNow","530670013","4","3.9","ug/m3 LC","16","LACEY - COLLEGE ST","1","100.0000","88502","Acceptable PM2.5 AQI & Speciation Mass","36500","Olympia-Tumwater, WA","53","Washington","067","Thurston","47.029396","-122.821548"
"03/11/2020","AirNow","530670013","4","3.9","ug/m3 LC","16","LACEY - COLLEGE ST","1","100.0000","88502","Acceptable PM2.5 AQI & Speciation Mass","36500","Olympia-Tumwater, WA","53","Washington","067","Thurston","47.029396","-122.821548"
"03/12/2020","AirNow","530670013","4","5.4","ug/m3 LC","23","LACEY - COLLEGE ST","1","100.0000","88502","Acceptable PM2.5 AQI & Speciation Mass","36500","Olympia-Tumwater, WA","53","Washington","067","Thurston","47.029396","-122.821548"
"03/13/2020","AirNow","530670013","4","3.3","ug/m3 LC","14","LACEY - COLLEGE ST","1","100.0000","88502","Acceptable PM2.5 AQI & Speciation Mass","36500","Olympia-Tumwater, WA","53","Washington","067","Thurston","47.029396","-122.821548"
"03/14/2020","AirNow","530670013","4","3","ug/m3 LC","13","LACEY - COLLEGE ST","1","100.0000","88502","Acceptable PM2.5 AQI & Speciation Mass","36500","Olympia-Tumwater, WA","53","Washington","067","Thurston","47.029396","-122.821548"
"03/15/2020","AirNow","530670013","4","3","ug/m3 LC","13","LACEY - COLLEGE ST","1","100.0000","88502","Acceptable PM2.5 AQI & Speciation Mass","36500","Olympia-Tumwater, WA","53","Washington","067","Thurston","47.029396","-122.821548"
"03/16/2020","AirNow","530670013","4","5.3","ug/m3 LC","22","LACEY - COLLEGE ST","1","100.0000","88502","Acceptable PM2.5 AQI & Speciation Mass","36500","Olympia-Tumwater, WA","53","Washington","067","Thurston","47.029396","-122.821548"
"03/17/2020","AirNow","530670013","4","8.9","ug/m3 LC","37","LACEY - COLLEGE ST","1","100.0000","88502","Acceptable PM2.5 AQI & Speciation Mass","36500","Olympia-Tumwater, WA","53","Washington","067","Thurston","47.029396","-122.821548"
"03/18/2020","AirNow","530670013","4","10.6","ug/m3 LC","44","LACEY - COLLEGE ST","1","100.0000","88502","Acceptable PM2.5 AQI & Speciation Mass","36500","Olympia-Tumwater, WA","53","Washington","067","Thurston","47.029396","-122.821548"
"03/19/2020","AirNow","530670013","4","10.6","ug/m3 LC","44","LACEY - COLLEGE ST","1","100.0000","88502","Acceptable PM2.5 AQI & Speciation Mass","36500","Olympia-Tumwater, WA","53","Washington","067","Thurston","47.029396","-122.821548"
"03/20/2020","AirNow","530670013","4","10","ug/m3 LC","42","LACEY - COLLEGE ST","1","100.0000","88502","Acceptable PM2.5 AQI & Speciation Mass","36500","Olympia-Tumwater, WA","53","Washington","067","Thurston","47.029396","-122.821548"
"03/21/2020","AirNow","530670013","4","10.7","ug/m3 LC","45","LACEY - COLLEGE ST","1","100.0000","88502","Acceptable PM2.5 AQI & Speciation Mass","36500","Olympia-Tumwater, WA","53","Washington","067","Thurston","47.029396","-122.821548"
"03/22/2020","AirNow","530670013","4","10.1","ug/m3 LC","42","LACEY - COLLEGE ST","1","100.0000","88502","Acceptable PM2.5 AQI & Speciation Mass","36500","Olympia-Tumwater, WA","53","Washington","067","Thurston","47.029396","-122.821548"
"03/23/2020","AirNow","530670013","4","2","ug/m3 LC","8","LACEY - COLLEGE ST","1","100.0000","88502","Acceptable PM2.5 AQI & Speciation Mass","36500","Olympia-Tumwater, WA","53","Washington","067","Thurston","47.029396","-122.821548"
"03/24/2020","AirNow","530670013","4","1.9","ug/m3 LC","8","LACEY - COLLEGE ST","1","100.0000","88502","Acceptable PM2.5 AQI & Speciation Mass","36500","Olympia-Tumwater, WA","53","Washington","067","Thurston","47.029396","-122.821548"
"03/25/2020","AirNow","530670013","4","2.3","ug/m3 LC","10","LACEY - COLLEGE ST","1","100.0000","88502","Acceptable PM2.5 AQI & Speciation Mass","36500","Olympia-Tumwater, WA","53","Washington","067","Thurston","47.029396","-122.821548"
"03/26/2020","AirNow","530670013","4","3.8","ug/m3 LC","16","LACEY - COLLEGE ST","1","100.0000","88502","Acceptable PM2.5 AQI & Speciation Mass","36500","Olympia-Tumwater, WA","53","Washington","067","Thurston","47.029396","-122.821548"
"03/27/2020","AirNow","530670013","4","3.4","ug/m3 LC","14","LACEY - COLLEGE ST","1","100.0000","88502","Acceptable PM2.5 AQI & Speciation Mass","36500","Olympia-Tumwater, WA","53","Washington","067","Thurston","47.029396","-122.821548"
"03/28/2020","AirNow","530670013","4","2.1","ug/m3 LC","9","LACEY - COLLEGE ST","1","100.0000","88502","Acceptable PM2.5 AQI & Speciation Mass","36500","Olympia-Tumwater, WA","53","Washington","067","Thurston","47.029396","-122.821548"
"03/29/2020","AirNow","530670013","4","1.5","ug/m3 LC","6","LACEY - COLLEGE ST","1","100.0000","88502","Acceptable PM2.5 AQI & Speciation Mass","36500","Olympia-Tumwater, WA","53","Washington","067","Thurston","47.029396","-122.821548"
"03/30/2020","AirNow","530670013","4","1.5","ug/m3 LC","6","LACEY - COLLEGE ST","1","100.0000","88502","Acceptable PM2.5 AQI & Speciation Mass","36500","Olympia-Tumwater, WA","53","Washington","067","Thurston","47.029396","-122.821548"
"03/31/2020","AirNow","530670013","4","1.7","ug/m3 LC","7","LACEY - COLLEGE ST","1","100.0000","88502","Acceptable PM2.5 AQI & Speciation Mass","36500","Olympia-Tumwater, WA","53","Washington","067","Thurston","47.029396","-122.821548"
"04/01/2020","AirNow","530670013","4","2.6","ug/m3 LC","11","LACEY - COLLEGE ST","1","100.0000","88502","Acceptable PM2.5 AQI & Speciation Mass","36500","Olympia-Tumwater, WA","53","Washington","067","Thurston","47.029396","-122.821548"
"04/02/2020","AirNow","530670013","4","2.7","ug/m3 LC","11","LACEY - COLLEGE ST","1","100.0000","88502","Acceptable PM2.5 AQI & Speciation Mass","36500","Olympia-Tumwater, WA","53","Washington","067","Thurston","47.029396","-122.821548"
"04/03/2020","AirNow","530670013","4","3.3","ug/m3 LC","14","LACEY - COLLEGE ST","1","100.0000","88502","Acceptable PM2.5 AQI & Speciation Mass","36500","Olympia-Tumwater, WA","53","Washington","067","Thurston","47.029396","-122.821548"
"04/04/2020","AirNow","530670013","4","5","ug/m3 LC","21","LACEY - COLLEGE ST","1","100.0000","88502","Acceptable PM2.5 AQI & Speciation Mass","36500","Olympia-Tumwater, WA","53","Washington","067","Thurston","47.029396","-122.821548"
"04/05/2020","AirNow","530670013","4","3.7","ug/m3 LC","15","LACEY - COLLEGE ST","1","100.0000","88502","Acceptable PM2.5 AQI & Speciation Mass","36500","Olympia-Tumwater, WA","53","Washington","067","Thurston","47.029396","-122.821548"
"04/06/2020","AirNow","530670013","4","5.6","ug/m3 LC","23","LACEY - COLLEGE ST","1","100.0000","88502","Acceptable PM2.5 AQI & Speciation Mass","36500","Olympia-Tumwater, WA","53","Washington","067","Thurston","47.029396","-122.821548"
"04/07/2020","AirNow","530670013","4","8.6","ug/m3 LC","36","LACEY - COLLEGE ST","1","100.0000","88502","Acceptable PM2.5 AQI & Speciation Mass","36500","Olympia-Tumwater, WA","53","Washington","067","Thurston","47.029396","-122.821548"
"04/08/2020","AirNow","530670013","4","8.7","ug/m3 LC","36","LACEY - COLLEGE ST","1","100.0000","88502","Acceptable PM2.5 AQI & Speciation Mass","36500","Olympia-Tumwater, WA","53","Washington","067","Thurston","47.029396","-122.821548"
"04/09/2020","AirNow","530670013","4","8.6","ug/m3 LC","36","LACEY - COLLEGE ST","1","100.0000","88502","Acceptable PM2.5 AQI & Speciation Mass","36500","Olympia-Tumwater, WA","53","Washington","067","Thurston","47.029396","-122.821548"
"04/10/2020","AirNow","530670013","4","5.7","ug/m3 LC","24","LACEY - COLLEGE ST","1","100.0000","88502","Acceptable PM2.5 AQI & Speciation Mass","36500","Olympia-Tumwater, WA","53","Washington","067","Thurston","47.029396","-122.821548"
"04/11/2020","AirNow","530670013","4","7","ug/m3 LC","29","LACEY - COLLEGE ST","1","100.0000","88502","Acceptable PM2.5 AQI & Speciation Mass","36500","Olympia-Tumwater, WA","53","Washington","067","Thurston","47.029396","-122.821548"
"04/12/2020","AirNow","530670013","4","7.7","ug/m3 LC","32","LACEY - COLLEGE ST","1","100.0000","88502","Acceptable PM2.5 AQI & Speciation Mass","36500","Olympia-Tumwater, WA","53","Washington","067","Thurston","47.029396","-122.821548"
"04/13/2020","AirNow","530670013","4","6.2","ug/m3 LC","26","LACEY - COLLEGE ST","1","100.0000","88502","Acceptable PM2.5 AQI & Speciation Mass","36500","Olympia-Tumwater, WA","53","Washington","067","Thurston","47.029396","-122.821548"
"04/14/2020","AirNow","530670013","4","3.1","ug/m3 LC","13","LACEY - COLLEGE ST","1","100.0000","88502","Acceptable PM2.5 AQI & Speciation Mass","36500","Olympia-Tumwater, WA","53","Washington","067","Thurston","47.029396","-122.821548"
"04/15/2020","AirNow","530670013","4","3.9","ug/m3 LC","16","LACEY - COLLEGE ST","1","100.0000","88502","Acceptable PM2.5 AQI & Speciation Mass","36500","Olympia-Tumwater, WA","53","Washington","067","Thurston","47.029396","-122.821548"
"04/16/2020","AirNow","530670013","4","5.2","ug/m3 LC","22","LACEY - COLLEGE ST","1","100.0000","88502","Acceptable PM2.5 AQI & Speciation Mass","36500","Olympia-Tumwater, WA","53","Washington","067","Thurston","47.029396","-122.821548"
"04/17/2020","AirNow","530670013","4","5","ug/m3 LC","21","LACEY - COLLEGE ST","1","100.0000","88502","Acceptable PM2.5 AQI & Speciation Mass","36500","Olympia-Tumwater, WA","53","Washington","067","Thurston","47.029396","-122.821548"
"04/18/2020","AirNow","530670013","4","2.3","ug/m3 LC","10","LACEY - COLLEGE ST","1","100.0000","88502","Acceptable PM2.5 AQI & Speciation Mass","36500","Olympia-Tumwater, WA","53","Washington","067","Thurston","47.029396","-122.821548"
"04/19/2020","AirNow","530670013","4","2","ug/m3 LC","8","LACEY - COLLEGE ST","1","100.0000","88502","Acceptable PM2.5 AQI & Speciation Mass","36500","Olympia-Tumwater, WA","53","Washington","067","Thurston","47.029396","-122.821548"
"04/20/2020","AirNow","530670013","4","3.6","ug/m3 LC","15","LACEY - COLLEGE ST","1","100.0000","88502","Acceptable PM2.5 AQI & Speciation Mass","36500","Olympia-Tumwater, WA","53","Washington","067","Thurston","47.029396","-122.821548"
"04/21/2020","AirNow","530670013","4","1.8","ug/m3 LC","8","LACEY - COLLEGE ST","1","100.0000","88502","Acceptable PM2.5 AQI & Speciation Mass","36500","Olympia-Tumwater, WA","53","Washington","067","Thurston","47.029396","-122.821548"
"04/22/2020","AirNow","530670013","4","2.7","ug/m3 LC","11","LACEY - COLLEGE ST","1","100.0000","88502","Acceptable PM2.5 AQI & Speciation Mass","36500","Olympia-Tumwater, WA","53","Washington","067","Thurston","47.029396","-122.821548"
"04/23/2020","AirNow","530670013","4","1.7","ug/m3 LC","7","LACEY - COLLEGE ST","1","100.0000","88502","Acceptable PM2.5 AQI & Speciation Mass","36500","Olympia-Tumwater, WA","53","Washington","067","Thurston","47.029396","-122.821548"
"04/24/2020","AirNow","530670013","4","4.3","ug/m3 LC","18","LACEY - COLLEGE ST","1","100.0000","88502","Acceptable PM2.5 AQI & Speciation Mass","36500","Olympia-Tumwater, WA","53","Washington","067","Thurston","47.029396","-122.821548"
"04/25/2020","AirNow","530670013","4","5.1","ug/m3 LC","21","LACEY - COLLEGE ST","1","100.0000","88502","Acceptable PM2.5 AQI & Speciation Mass","36500","Olympia-Tumwater, WA","53","Washington","067","Thurston","47.029396","-122.821548"
"04/26/2020","AirNow","530670013","4","3.9","ug/m3 LC","16","LACEY - COLLEGE ST","1","100.0000","88502","Acceptable PM2.5 AQI & Speciation Mass","36500","Olympia-Tumwater, WA","53","Washington","067","Thurston","47.029396","-122.821548"
"04/27/2020","AirNow","530670013","4","2.6","ug/m3 LC","11","LACEY - COLLEGE ST","1","100.0000","88502","Acceptable PM2.5 AQI & Speciation Mass","36500","Olympia-Tumwater, WA","53","Washington","067","Thurston","47.029396","-122.821548"
"04/28/2020","AirNow","530670013","4","4.2","ug/m3 LC","18","LACEY - COLLEGE ST","1","100.0000","88502","Acceptable PM2.5 AQI & Speciation Mass","36500","Olympia-Tumwater, WA","53","Washington","067","Thurston","47.029396","-122.821548"
"04/29/2020","AirNow","530670013","4","3","ug/m3 LC","13","LACEY - COLLEGE ST","1","100.0000","88502","Acceptable PM2.5 AQI & Speciation Mass","36500","Olympia-Tumwater, WA","53","Washington","067","Thurston","47.029396","-122.821548"
"04/30/2020","AirNow","530670013","4","2.6","ug/m3 LC","11","LACEY - COLLEGE ST","1","100.0000","88502","Acceptable PM2.5 AQI & Speciation Mass","36500","Olympia-Tumwater, WA","53","Washington","067","Thurston","47.029396","-122.821548"
"05/01/2020","AirNow","530670013","4","4.1","ug/m3 LC","17","LACEY - COLLEGE ST","1","100.0000","88502","Acceptable PM2.5 AQI & Speciation Mass","36500","Olympia-Tumwater, WA","53","Washington","067","Thurston","47.029396","-122.821548"
"05/02/2020","AirNow","530670013","4","4.5","ug/m3 LC","19","LACEY - COLLEGE ST","1","100.0000","88502","Acceptable PM2.5 AQI & Speciation Mass","36500","Olympia-Tumwater, WA","53","Washington","067","Thurston","47.029396","-122.821548"
"01/01/2020","AirNow","530710005","4","0.1","ug/m3 LC","0","WALLA WALL - 12TH ST","1","100.0000","88502","Acceptable PM2.5 AQI & Speciation Mass","47460","Walla Walla, WA","53","Washington","071","Walla Walla","46.05881","-118.35147"
"01/02/2020","AirNow","530710005","4","0.6","ug/m3 LC","3","WALLA WALL - 12TH ST","1","100.0000","88502","Acceptable PM2.5 AQI & Speciation Mass","47460","Walla Walla, WA","53","Washington","071","Walla Walla","46.05881","-118.35147"
"01/03/2020","AirNow","530710005","4","0.2","ug/m3 LC","1","WALLA WALL - 12TH ST","1","100.0000","88502","Acceptable PM2.5 AQI & Speciation Mass","47460","Walla Walla, WA","53","Washington","071","Walla Walla","46.05881","-118.35147"
"01/04/2020","AirNow","530710005","4","0.8","ug/m3 LC","3","WALLA WALL - 12TH ST","1","100.0000","88502","Acceptable PM2.5 AQI & Speciation Mass","47460","Walla Walla, WA","53","Washington","071","Walla Walla","46.05881","-118.35147"
"01/05/2020","AirNow","530710005","4","1.3","ug/m3 LC","5","WALLA WALL - 12TH ST","1","100.0000","88502","Acceptable PM2.5 AQI & Speciation Mass","47460","Walla Walla, WA","53","Washington","071","Walla Walla","46.05881","-118.35147"
"01/06/2020","AirNow","530710005","4","0","ug/m3 LC","0","WALLA WALL - 12TH ST","1","100.0000","88502","Acceptable PM2.5 AQI & Speciation Mass","47460","Walla Walla, WA","53","Washington","071","Walla Walla","46.05881","-118.35147"
"01/07/2020","AirNow","530710005","4","0.6","ug/m3 LC","3","WALLA WALL - 12TH ST","1","100.0000","88502","Acceptable PM2.5 AQI & Speciation Mass","47460","Walla Walla, WA","53","Washington","071","Walla Walla","46.05881","-118.35147"
"01/08/2020","AQS","530710005","4","0.1","ug/m3 LC","0","WALLA WALL - 12TH ST","1","100.0000","88502","Acceptable PM2.5 AQI & Speciation Mass","47460","Walla Walla, WA","53","Washington","071","Walla Walla","46.05881","-118.35147"
"01/09/2020","AQS","530710005","4","2.2","ug/m3 LC","9","WALLA WALL - 12TH ST","1","100.0000","88502","Acceptable PM2.5 AQI & Speciation Mass","47460","Walla Walla, WA","53","Washington","071","Walla Walla","46.05881","-118.35147"
"01/10/2020","AQS","530710005","4","0.8","ug/m3 LC","3","WALLA WALL - 12TH ST","1","100.0000","88502","Acceptable PM2.5 AQI & Speciation Mass","47460","Walla Walla, WA","53","Washington","071","Walla Walla","46.05881","-118.35147"
"01/11/2020","AQS","530710005","4","0.1","ug/m3 LC","0","WALLA WALL - 12TH ST","1","100.0000","88502","Acceptable PM2.5 AQI & Speciation Mass","47460","Walla Walla, WA","53","Washington","071","Walla Walla","46.05881","-118.35147"
"01/12/2020","AQS","530710005","4","0.2","ug/m3 LC","1","WALLA WALL - 12TH ST","1","100.0000","88502","Acceptable PM2.5 AQI & Speciation Mass","47460","Walla Walla, WA","53","Washington","071","Walla Walla","46.05881","-118.35147"
"01/13/2020","AQS","530710005","4","1.1","ug/m3 LC","5","WALLA WALL - 12TH ST","1","100.0000","88502","Acceptable PM2.5 AQI & Speciation Mass","47460","Walla Walla, WA","53","Washington","071","Walla Walla","46.05881","-118.35147"
"01/14/2020","AQS","530710005","4","3.9","ug/m3 LC","16","WALLA WALL - 12TH ST","1","100.0000","88502","Acceptable PM2.5 AQI & Speciation Mass","47460","Walla Walla, WA","53","Washington","071","Walla Walla","46.05881","-118.35147"
"01/15/2020","AQS","530710005","4","2.8","ug/m3 LC","12","WALLA WALL - 12TH ST","1","100.0000","88502","Acceptable PM2.5 AQI & Speciation Mass","47460","Walla Walla, WA","53","Washington","071","Walla Walla","46.05881","-118.35147"
"01/16/2020","AQS","530710005","4","6.8","ug/m3 LC","28","WALLA WALL - 12TH ST","1","100.0000","88502","Acceptable PM2.5 AQI & Speciation Mass","47460","Walla Walla, WA","53","Washington","071","Walla Walla","46.05881","-118.35147"
"01/17/2020","AQS","530710005","4","9.2","ug/m3 LC","38","WALLA WALL - 12TH ST","1","100.0000","88502","Acceptable PM2.5 AQI & Speciation Mass","47460","Walla Walla, WA","53","Washington","071","Walla Walla","46.05881","-118.35147"
"01/18/2020","AQS","530710005","4","13.9","ug/m3 LC","55","WALLA WALL - 12TH ST","1","100.0000","88502","Acceptable PM2.5 AQI & Speciation Mass","47460","Walla Walla, WA","53","Washington","071","Walla Walla","46.05881","-118.35147"
"01/19/2020","AQS","530710005","4","13.2","ug/m3 LC","53","WALLA WALL - 12TH ST","1","100.0000","88502","Acceptable PM2.5 AQI & Speciation Mass","47460","Walla Walla, WA","53","Washington","071","Walla Walla","46.05881","-118.35147"
"01/20/2020","AQS","530710005","4","13.7","ug/m3 LC","54","WALLA WALL - 12TH ST","1","100.0000","88502","Acceptable PM2.5 AQI & Speciation Mass","47460","Walla Walla, WA","53","Washington","071","Walla Walla","46.05881","-118.35147"
"01/21/2020","AQS","530710005","4","5.4","ug/m3 LC","23","WALLA WALL - 12TH ST","1","100.0000","88502","Acceptable PM2.5 AQI & Speciation Mass","47460","Walla Walla, WA","53","Washington","071","Walla Walla","46.05881","-118.35147"
"01/24/2020","AQS","530710005","4","3","ug/m3 LC","13","WALLA WALL - 12TH ST","1","100.0000","88502","Acceptable PM2.5 AQI & Speciation Mass","47460","Walla Walla, WA","53","Washington","071","Walla Walla","46.05881","-118.35147"
"01/25/2020","AQS","530710005","4","5.4","ug/m3 LC","23","WALLA WALL - 12TH ST","1","100.0000","88502","Acceptable PM2.5 AQI & Speciation Mass","47460","Walla Walla, WA","53","Washington","071","Walla Walla","46.05881","-118.35147"
"01/26/2020","AQS","530710005","4","8.1","ug/m3 LC","34","WALLA WALL - 12TH ST","1","100.0000","88502","Acceptable PM2.5 AQI & Speciation Mass","47460","Walla Walla, WA","53","Washington","071","Walla Walla","46.05881","-118.35147"
"01/27/2020","AQS","530710005","4","1.6","ug/m3 LC","7","WALLA WALL - 12TH ST","1","100.0000","88502","Acceptable PM2.5 AQI & Speciation Mass","47460","Walla Walla, WA","53","Washington","071","Walla Walla","46.05881","-118.35147"
"01/28/2020","AQS","530710005","4","1.1","ug/m3 LC","5","WALLA WALL - 12TH ST","1","100.0000","88502","Acceptable PM2.5 AQI & Speciation Mass","47460","Walla Walla, WA","53","Washington","071","Walla Walla","46.05881","-118.35147"
"01/29/2020","AQS","530710005","4","1.5","ug/m3 LC","6","WALLA WALL - 12TH ST","1","100.0000","88502","Acceptable PM2.5 AQI & Speciation Mass","47460","Walla Walla, WA","53","Washington","071","Walla Walla","46.05881","-118.35147"
"01/30/2020","AQS","530710005","4","5.8","ug/m3 LC","24","WALLA WALL - 12TH ST","1","100.0000","88502","Acceptable PM2.5 AQI & Speciation Mass","47460","Walla Walla, WA","53","Washington","071","Walla Walla","46.05881","-118.35147"
"01/31/2020","AQS","530710005","4","0.9","ug/m3 LC","4","WALLA WALL - 12TH ST","1","100.0000","88502","Acceptable PM2.5 AQI & Speciation Mass","47460","Walla Walla, WA","53","Washington","071","Walla Walla","46.05881","-118.35147"
"02/01/2020","AirNow","530710005","4","0.7","ug/m3 LC","3","WALLA WALL - 12TH ST","1","100.0000","88502","Acceptable PM2.5 AQI & Speciation Mass","47460","Walla Walla, WA","53","Washington","071","Walla Walla","46.05881","-118.35147"
"02/02/2020","AirNow","530710005","4","3.3","ug/m3 LC","14","WALLA WALL - 12TH ST","1","100.0000","88502","Acceptable PM2.5 AQI & Speciation Mass","47460","Walla Walla, WA","53","Washington","071","Walla Walla","46.05881","-118.35147"
"02/03/2020","AirNow","530710005","4","3.2","ug/m3 LC","13","WALLA WALL - 12TH ST","1","100.0000","88502","Acceptable PM2.5 AQI & Speciation Mass","47460","Walla Walla, WA","53","Washington","071","Walla Walla","46.05881","-118.35147"
"02/04/2020","AirNow","530710005","4","2.6","ug/m3 LC","11","WALLA WALL - 12TH ST","1","100.0000","88502","Acceptable PM2.5 AQI & Speciation Mass","47460","Walla Walla, WA","53","Washington","071","Walla Walla","46.05881","-118.35147"
"02/05/2020","AirNow","530710005","4","0.3","ug/m3 LC","1","WALLA WALL - 12TH ST","1","100.0000","88502","Acceptable PM2.5 AQI & Speciation Mass","47460","Walla Walla, WA","53","Washington","071","Walla Walla","46.05881","-118.35147"
"02/06/2020","AirNow","530710005","4","1.3","ug/m3 LC","5","WALLA WALL - 12TH ST","1","100.0000","88502","Acceptable PM2.5 AQI & Speciation Mass","47460","Walla Walla, WA","53","Washington","071","Walla Walla","46.05881","-118.35147"
"02/07/2020","AirNow","530710005","4","0.7","ug/m3 LC","3","WALLA WALL - 12TH ST","1","100.0000","88502","Acceptable PM2.5 AQI & Speciation Mass","47460","Walla Walla, WA","53","Washington","071","Walla Walla","46.05881","-118.35147"
"02/08/2020","AirNow","530710005","4","1.4","ug/m3 LC","6","WALLA WALL - 12TH ST","1","100.0000","88502","Acceptable PM2.5 AQI & Speciation Mass","47460","Walla Walla, WA","53","Washington","071","Walla Walla","46.05881","-118.35147"
"02/09/2020","AirNow","530710005","4","2.4","ug/m3 LC","10","WALLA WALL - 12TH ST","1","100.0000","88502","Acceptable PM2.5 AQI & Speciation Mass","47460","Walla Walla, WA","53","Washington","071","Walla Walla","46.05881","-118.35147"
"02/10/2020","AirNow","530710005","4","4.6","ug/m3 LC","19","WALLA WALL - 12TH ST","1","100.0000","88502","Acceptable PM2.5 AQI & Speciation Mass","47460","Walla Walla, WA","53","Washington","071","Walla Walla","46.05881","-118.35147"
"02/11/2020","AirNow","530710005","4","4.1","ug/m3 LC","17","WALLA WALL - 12TH ST","1","100.0000","88502","Acceptable PM2.5 AQI & Speciation Mass","47460","Walla Walla, WA","53","Washington","071","Walla Walla","46.05881","-118.35147"
"02/12/2020","AirNow","530710005","4","3.8","ug/m3 LC","16","WALLA WALL - 12TH ST","1","100.0000","88502","Acceptable PM2.5 AQI & Speciation Mass","47460","Walla Walla, WA","53","Washington","071","Walla Walla","46.05881","-118.35147"
"02/13/2020","AirNow","530710005","4","4.6","ug/m3 LC","19","WALLA WALL - 12TH ST","1","100.0000","88502","Acceptable PM2.5 AQI & Speciation Mass","47460","Walla Walla, WA","53","Washington","071","Walla Walla","46.05881","-118.35147"
"02/14/2020","AirNow","530710005","4","1.1","ug/m3 LC","5","WALLA WALL - 12TH ST","1","100.0000","88502","Acceptable PM2.5 AQI & Speciation Mass","47460","Walla Walla, WA","53","Washington","071","Walla Walla","46.05881","-118.35147"
"02/15/2020","AirNow","530710005","4","0.5","ug/m3 LC","2","WALLA WALL - 12TH ST","1","100.0000","88502","Acceptable PM2.5 AQI & Speciation Mass","47460","Walla Walla, WA","53","Washington","071","Walla Walla","46.05881","-118.35147"
"02/16/2020","AirNow","530710005","4","0.8","ug/m3 LC","3","WALLA WALL - 12TH ST","1","100.0000","88502","Acceptable PM2.5 AQI & Speciation Mass","47460","Walla Walla, WA","53","Washington","071","Walla Walla","46.05881","-118.35147"
"02/17/2020","AirNow","530710005","4","2.3","ug/m3 LC","10","WALLA WALL - 12TH ST","1","100.0000","88502","Acceptable PM2.5 AQI & Speciation Mass","47460","Walla Walla, WA","53","Washington","071","Walla Walla","46.05881","-118.35147"
"02/18/2020","AirNow","530710005","4","5.7","ug/m3 LC","24","WALLA WALL - 12TH ST","1","100.0000","88502","Acceptable PM2.5 AQI & Speciation Mass","47460","Walla Walla, WA","53","Washington","071","Walla Walla","46.05881","-118.35147"
"02/19/2020","AirNow","530710005","4","9.4","ug/m3 LC","39","WALLA WALL - 12TH ST","1","100.0000","88502","Acceptable PM2.5 AQI & Speciation Mass","47460","Walla Walla, WA","53","Washington","071","Walla Walla","46.05881","-118.35147"
"02/20/2020","AirNow","530710005","4","11.4","ug/m3 LC","48","WALLA WALL - 12TH ST","1","100.0000","88502","Acceptable PM2.5 AQI & Speciation Mass","47460","Walla Walla, WA","53","Washington","071","Walla Walla","46.05881","-118.35147"
"02/21/2020","AirNow","530710005","4","14","ug/m3 LC","55","WALLA WALL - 12TH ST","1","100.0000","88502","Acceptable PM2.5 AQI & Speciation Mass","47460","Walla Walla, WA","53","Washington","071","Walla Walla","46.05881","-118.35147"
"02/22/2020","AirNow","530710005","4","8.3","ug/m3 LC","35","WALLA WALL - 12TH ST","1","100.0000","88502","Acceptable PM2.5 AQI & Speciation Mass","47460","Walla Walla, WA","53","Washington","071","Walla Walla","46.05881","-118.35147"
"02/23/2020","AirNow","530710005","4","3.4","ug/m3 LC","14","WALLA WALL - 12TH ST","1","100.0000","88502","Acceptable PM2.5 AQI & Speciation Mass","47460","Walla Walla, WA","53","Washington","071","Walla Walla","46.05881","-118.35147"
"02/24/2020","AirNow","530710005","4","2.5","ug/m3 LC","10","WALLA WALL - 12TH ST","1","100.0000","88502","Acceptable PM2.5 AQI & Speciation Mass","47460","Walla Walla, WA","53","Washington","071","Walla Walla","46.05881","-118.35147"
"02/25/2020","AirNow","530710005","4","5.3","ug/m3 LC","22","WALLA WALL - 12TH ST","1","100.0000","88502","Acceptable PM2.5 AQI & Speciation Mass","47460","Walla Walla, WA","53","Washington","071","Walla Walla","46.05881","-118.35147"
"02/26/2020","AirNow","530710005","4","5.4","ug/m3 LC","23","WALLA WALL - 12TH ST","1","100.0000","88502","Acceptable PM2.5 AQI & Speciation Mass","47460","Walla Walla, WA","53","Washington","071","Walla Walla","46.05881","-118.35147"
"02/27/2020","AirNow","530710005","4","4.2","ug/m3 LC","18","WALLA WALL - 12TH ST","1","100.0000","88502","Acceptable PM2.5 AQI & Speciation Mass","47460","Walla Walla, WA","53","Washington","071","Walla Walla","46.05881","-118.35147"
"02/28/2020","AirNow","530710005","4","4.9","ug/m3 LC","20","WALLA WALL - 12TH ST","1","100.0000","88502","Acceptable PM2.5 AQI & Speciation Mass","47460","Walla Walla, WA","53","Washington","071","Walla Walla","46.05881","-118.35147"
"02/29/2020","AirNow","530710005","4","1.6","ug/m3 LC","7","WALLA WALL - 12TH ST","1","100.0000","88502","Acceptable PM2.5 AQI & Speciation Mass","47460","Walla Walla, WA","53","Washington","071","Walla Walla","46.05881","-118.35147"
"03/01/2020","AirNow","530710005","4","3","ug/m3 LC","13","WALLA WALL - 12TH ST","1","100.0000","88502","Acceptable PM2.5 AQI & Speciation Mass","47460","Walla Walla, WA","53","Washington","071","Walla Walla","46.05881","-118.35147"
"03/02/2020","AirNow","530710005","4","1.6","ug/m3 LC","7","WALLA WALL - 12TH ST","1","100.0000","88502","Acceptable PM2.5 AQI & Speciation Mass","47460","Walla Walla, WA","53","Washington","071","Walla Walla","46.05881","-118.35147"
"03/03/2020","AirNow","530710005","4","1","ug/m3 LC","4","WALLA WALL - 12TH ST","1","100.0000","88502","Acceptable PM2.5 AQI & Speciation Mass","47460","Walla Walla, WA","53","Washington","071","Walla Walla","46.05881","-118.35147"
"03/04/2020","AirNow","530710005","4","3.6","ug/m3 LC","15","WALLA WALL - 12TH ST","1","100.0000","88502","Acceptable PM2.5 AQI & Speciation Mass","47460","Walla Walla, WA","53","Washington","071","Walla Walla","46.05881","-118.35147"
"03/05/2020","AirNow","530710005","4","6.1","ug/m3 LC","25","WALLA WALL - 12TH ST","1","100.0000","88502","Acceptable PM2.5 AQI & Speciation Mass","47460","Walla Walla, WA","53","Washington","071","Walla Walla","46.05881","-118.35147"
"03/06/2020","AirNow","530710005","4","4.3","ug/m3 LC","18","WALLA WALL - 12TH ST","1","100.0000","88502","Acceptable PM2.5 AQI & Speciation Mass","47460","Walla Walla, WA","53","Washington","071","Walla Walla","46.05881","-118.35147"
"03/07/2020","AirNow","530710005","4","1.7","ug/m3 LC","7","WALLA WALL - 12TH ST","1","100.0000","88502","Acceptable PM2.5 AQI & Speciation Mass","47460","Walla Walla, WA","53","Washington","071","Walla Walla","46.05881","-118.35147"
"03/08/2020","AirNow","530710005","4","2.4","ug/m3 LC","10","WALLA WALL - 12TH ST","1","100.0000","88502","Acceptable PM2.5 AQI & Speciation Mass","47460","Walla Walla, WA","53","Washington","071","Walla Walla","46.05881","-118.35147"
"03/09/2020","AirNow","530710005","4","4","ug/m3 LC","17","WALLA WALL - 12TH ST","1","100.0000","88502","Acceptable PM2.5 AQI & Speciation Mass","47460","Walla Walla, WA","53","Washington","071","Walla Walla","46.05881","-118.35147"
"03/10/2020","AirNow","530710005","4","3.5","ug/m3 LC","15","WALLA WALL - 12TH ST","1","100.0000","88502","Acceptable PM2.5 AQI & Speciation Mass","47460","Walla Walla, WA","53","Washington","071","Walla Walla","46.05881","-118.35147"
"03/11/2020","AirNow","530710005","4","2.1","ug/m3 LC","9","WALLA WALL - 12TH ST","1","100.0000","88502","Acceptable PM2.5 AQI & Speciation Mass","47460","Walla Walla, WA","53","Washington","071","Walla Walla","46.05881","-118.35147"
"03/12/2020","AirNow","530710005","4","3.5","ug/m3 LC","15","WALLA WALL - 12TH ST","1","100.0000","88502","Acceptable PM2.5 AQI & Speciation Mass","47460","Walla Walla, WA","53","Washington","071","Walla Walla","46.05881","-118.35147"
"03/13/2020","AirNow","530710005","4","5.2","ug/m3 LC","22","WALLA WALL - 12TH ST","1","100.0000","88502","Acceptable PM2.5 AQI & Speciation Mass","47460","Walla Walla, WA","53","Washington","071","Walla Walla","46.05881","-118.35147"
"03/14/2020","AirNow","530710005","4","4.2","ug/m3 LC","18","WALLA WALL - 12TH ST","1","100.0000","88502","Acceptable PM2.5 AQI & Speciation Mass","47460","Walla Walla, WA","53","Washington","071","Walla Walla","46.05881","-118.35147"
"03/15/2020","AirNow","530710005","4","5.5","ug/m3 LC","23","WALLA WALL - 12TH ST","1","100.0000","88502","Acceptable PM2.5 AQI & Speciation Mass","47460","Walla Walla, WA","53","Washington","071","Walla Walla","46.05881","-118.35147"
"03/16/2020","AirNow","530710005","4","8.8","ug/m3 LC","37","WALLA WALL - 12TH ST","1","100.0000","88502","Acceptable PM2.5 AQI & Speciation Mass","47460","Walla Walla, WA","53","Washington","071","Walla Walla","46.05881","-118.35147"
"03/17/2020","AirNow","530710005","4","9.4","ug/m3 LC","39","WALLA WALL - 12TH ST","1","100.0000","88502","Acceptable PM2.5 AQI & Speciation Mass","47460","Walla Walla, WA","53","Washington","071","Walla Walla","46.05881","-118.35147"
"03/18/2020","AirNow","530710005","4","7.9","ug/m3 LC","33","WALLA WALL - 12TH ST","1","100.0000","88502","Acceptable PM2.5 AQI & Speciation Mass","47460","Walla Walla, WA","53","Washington","071","Walla Walla","46.05881","-118.35147"
"03/19/2020","AirNow","530710005","4","7.4","ug/m3 LC","31","WALLA WALL - 12TH ST","1","100.0000","88502","Acceptable PM2.5 AQI & Speciation Mass","47460","Walla Walla, WA","53","Washington","071","Walla Walla","46.05881","-118.35147"
"03/20/2020","AirNow","530710005","4","7.8","ug/m3 LC","33","WALLA WALL - 12TH ST","1","100.0000","88502","Acceptable PM2.5 AQI & Speciation Mass","47460","Walla Walla, WA","53","Washington","071","Walla Walla","46.05881","-118.35147"
"03/21/2020","AirNow","530710005","4","5","ug/m3 LC","21","WALLA WALL - 12TH ST","1","100.0000","88502","Acceptable PM2.5 AQI & Speciation Mass","47460","Walla Walla, WA","53","Washington","071","Walla Walla","46.05881","-118.35147"
"03/22/2020","AirNow","530710005","4","5.4","ug/m3 LC","23","WALLA WALL - 12TH ST","1","100.0000","88502","Acceptable PM2.5 AQI & Speciation Mass","47460","Walla Walla, WA","53","Washington","071","Walla Walla","46.05881","-118.35147"
"03/23/2020","AirNow","530710005","4","2.4","ug/m3 LC","10","WALLA WALL - 12TH ST","1","100.0000","88502","Acceptable PM2.5 AQI & Speciation Mass","47460","Walla Walla, WA","53","Washington","071","Walla Walla","46.05881","-118.35147"
"03/24/2020","AirNow","530710005","4","1.5","ug/m3 LC","6","WALLA WALL - 12TH ST","1","100.0000","88502","Acceptable PM2.5 AQI & Speciation Mass","47460","Walla Walla, WA","53","Washington","071","Walla Walla","46.05881","-118.35147"
"03/25/2020","AirNow","530710005","4","1.5","ug/m3 LC","6","WALLA WALL - 12TH ST","1","100.0000","88502","Acceptable PM2.5 AQI & Speciation Mass","47460","Walla Walla, WA","53","Washington","071","Walla Walla","46.05881","-118.35147"
"03/26/2020","AirNow","530710005","4","2.1","ug/m3 LC","9","WALLA WALL - 12TH ST","1","100.0000","88502","Acceptable PM2.5 AQI & Speciation Mass","47460","Walla Walla, WA","53","Washington","071","Walla Walla","46.05881","-118.35147"
"03/27/2020","AirNow","530710005","4","3.5","ug/m3 LC","15","WALLA WALL - 12TH ST","1","100.0000","88502","Acceptable PM2.5 AQI & Speciation Mass","47460","Walla Walla, WA","53","Washington","071","Walla Walla","46.05881","-118.35147"
"03/28/2020","AirNow","530710005","4","1.1","ug/m3 LC","5","WALLA WALL - 12TH ST","1","100.0000","88502","Acceptable PM2.5 AQI & Speciation Mass","47460","Walla Walla, WA","53","Washington","071","Walla Walla","46.05881","-118.35147"
"03/29/2020","AirNow","530710005","4","1.1","ug/m3 LC","5","WALLA WALL - 12TH ST","1","100.0000","88502","Acceptable PM2.5 AQI & Speciation Mass","47460","Walla Walla, WA","53","Washington","071","Walla Walla","46.05881","-118.35147"
"03/30/2020","AirNow","530710005","4","0.5","ug/m3 LC","2","WALLA WALL - 12TH ST","1","100.0000","88502","Acceptable PM2.5 AQI & Speciation Mass","47460","Walla Walla, WA","53","Washington","071","Walla Walla","46.05881","-118.35147"
"03/31/2020","AirNow","530710005","4","0.5","ug/m3 LC","2","WALLA WALL - 12TH ST","1","100.0000","88502","Acceptable PM2.5 AQI & Speciation Mass","47460","Walla Walla, WA","53","Washington","071","Walla Walla","46.05881","-118.35147"
"04/01/2020","AirNow","530710005","4","1.3","ug/m3 LC","5","WALLA WALL - 12TH ST","1","100.0000","88502","Acceptable PM2.5 AQI & Speciation Mass","47460","Walla Walla, WA","53","Washington","071","Walla Walla","46.05881","-118.35147"
"04/02/2020","AirNow","530710005","4","1.6","ug/m3 LC","7","WALLA WALL - 12TH ST","1","100.0000","88502","Acceptable PM2.5 AQI & Speciation Mass","47460","Walla Walla, WA","53","Washington","071","Walla Walla","46.05881","-118.35147"
"04/03/2020","AirNow","530710005","4","1.2","ug/m3 LC","5","WALLA WALL - 12TH ST","1","100.0000","88502","Acceptable PM2.5 AQI & Speciation Mass","47460","Walla Walla, WA","53","Washington","071","Walla Walla","46.05881","-118.35147"
"04/04/2020","AirNow","530710005","4","2.2","ug/m3 LC","9","WALLA WALL - 12TH ST","1","100.0000","88502","Acceptable PM2.5 AQI & Speciation Mass","47460","Walla Walla, WA","53","Washington","071","Walla Walla","46.05881","-118.35147"
"04/05/2020","AirNow","530710005","4","2.5","ug/m3 LC","10","WALLA WALL - 12TH ST","1","100.0000","88502","Acceptable PM2.5 AQI & Speciation Mass","47460","Walla Walla, WA","53","Washington","071","Walla Walla","46.05881","-118.35147"
"04/06/2020","AirNow","530710005","4","3.7","ug/m3 LC","15","WALLA WALL - 12TH ST","1","100.0000","88502","Acceptable PM2.5 AQI & Speciation Mass","47460","Walla Walla, WA","53","Washington","071","Walla Walla","46.05881","-118.35147"
"04/07/2020","AirNow","530710005","4","4.2","ug/m3 LC","18","WALLA WALL - 12TH ST","1","100.0000","88502","Acceptable PM2.5 AQI & Speciation Mass","47460","Walla Walla, WA","53","Washington","071","Walla Walla","46.05881","-118.35147"
"04/08/2020","AirNow","530710005","4","6.8","ug/m3 LC","28","WALLA WALL - 12TH ST","1","100.0000","88502","Acceptable PM2.5 AQI & Speciation Mass","47460","Walla Walla, WA","53","Washington","071","Walla Walla","46.05881","-118.35147"
"04/09/2020","AirNow","530710005","4","6.7","ug/m3 LC","28","WALLA WALL - 12TH ST","1","100.0000","88502","Acceptable PM2.5 AQI & Speciation Mass","47460","Walla Walla, WA","53","Washington","071","Walla Walla","46.05881","-118.35147"
"04/10/2020","AirNow","530710005","4","5.3","ug/m3 LC","22","WALLA WALL - 12TH ST","1","100.0000","88502","Acceptable PM2.5 AQI & Speciation Mass","47460","Walla Walla, WA","53","Washington","071","Walla Walla","46.05881","-118.35147"
"04/11/2020","AirNow","530710005","4","3.2","ug/m3 LC","13","WALLA WALL - 12TH ST","1","100.0000","88502","Acceptable PM2.5 AQI & Speciation Mass","47460","Walla Walla, WA","53","Washington","071","Walla Walla","46.05881","-118.35147"
"04/12/2020","AirNow","530710005","4","4","ug/m3 LC","17","WALLA WALL - 12TH ST","1","100.0000","88502","Acceptable PM2.5 AQI & Speciation Mass","47460","Walla Walla, WA","53","Washington","071","Walla Walla","46.05881","-118.35147"
"04/13/2020","AirNow","530710005","4","4.7","ug/m3 LC","20","WALLA WALL - 12TH ST","1","100.0000","88502","Acceptable PM2.5 AQI & Speciation Mass","47460","Walla Walla, WA","53","Washington","071","Walla Walla","46.05881","-118.35147"
"04/14/2020","AirNow","530710005","4","3.8","ug/m3 LC","16","WALLA WALL - 12TH ST","1","100.0000","88502","Acceptable PM2.5 AQI & Speciation Mass","47460","Walla Walla, WA","53","Washington","071","Walla Walla","46.05881","-118.35147"
"04/15/2020","AirNow","530710005","4","2.9","ug/m3 LC","12","WALLA WALL - 12TH ST","1","100.0000","88502","Acceptable PM2.5 AQI & Speciation Mass","47460","Walla Walla, WA","53","Washington","071","Walla Walla","46.05881","-118.35147"
"04/16/2020","AirNow","530710005","4","3","ug/m3 LC","13","WALLA WALL - 12TH ST","1","100.0000","88502","Acceptable PM2.5 AQI & Speciation Mass","47460","Walla Walla, WA","53","Washington","071","Walla Walla","46.05881","-118.35147"
"04/17/2020","AirNow","530710005","4","4.2","ug/m3 LC","18","WALLA WALL - 12TH ST","1","100.0000","88502","Acceptable PM2.5 AQI & Speciation Mass","47460","Walla Walla, WA","53","Washington","071","Walla Walla","46.05881","-118.35147"
"04/18/2020","AirNow","530710005","4","3.2","ug/m3 LC","13","WALLA WALL - 12TH ST","1","100.0000","88502","Acceptable PM2.5 AQI & Speciation Mass","47460","Walla Walla, WA","53","Washington","071","Walla Walla","46.05881","-118.35147"
"04/19/2020","AirNow","530710005","4","2.5","ug/m3 LC","10","WALLA WALL - 12TH ST","1","100.0000","88502","Acceptable PM2.5 AQI & Speciation Mass","47460","Walla Walla, WA","53","Washington","071","Walla Walla","46.05881","-118.35147"
"04/20/2020","AirNow","530710005","4","3.3","ug/m3 LC","14","WALLA WALL - 12TH ST","1","100.0000","88502","Acceptable PM2.5 AQI & Speciation Mass","47460","Walla Walla, WA","53","Washington","071","Walla Walla","46.05881","-118.35147"
"04/21/2020","AirNow","530710005","4","3.1","ug/m3 LC","13","WALLA WALL - 12TH ST","1","100.0000","88502","Acceptable PM2.5 AQI & Speciation Mass","47460","Walla Walla, WA","53","Washington","071","Walla Walla","46.05881","-118.35147"
"04/22/2020","AirNow","530710005","4","2.8","ug/m3 LC","12","WALLA WALL - 12TH ST","1","100.0000","88502","Acceptable PM2.5 AQI & Speciation Mass","47460","Walla Walla, WA","53","Washington","071","Walla Walla","46.05881","-118.35147"
"04/23/2020","AirNow","530710005","4","1.4","ug/m3 LC","6","WALLA WALL - 12TH ST","1","100.0000","88502","Acceptable PM2.5 AQI & Speciation Mass","47460","Walla Walla, WA","53","Washington","071","Walla Walla","46.05881","-118.35147"
"04/24/2020","AirNow","530710005","4","2.6","ug/m3 LC","11","WALLA WALL - 12TH ST","1","100.0000","88502","Acceptable PM2.5 AQI & Speciation Mass","47460","Walla Walla, WA","53","Washington","071","Walla Walla","46.05881","-118.35147"
"04/25/2020","AirNow","530710005","4","2.6","ug/m3 LC","11","WALLA WALL - 12TH ST","1","100.0000","88502","Acceptable PM2.5 AQI & Speciation Mass","47460","Walla Walla, WA","53","Washington","071","Walla Walla","46.05881","-118.35147"
"04/26/2020","AirNow","530710005","4","3.3","ug/m3 LC","14","WALLA WALL - 12TH ST","1","100.0000","88502","Acceptable PM2.5 AQI & Speciation Mass","47460","Walla Walla, WA","53","Washington","071","Walla Walla","46.05881","-118.35147"
"04/27/2020","AirNow","530710005","4","2.6","ug/m3 LC","11","WALLA WALL - 12TH ST","1","100.0000","88502","Acceptable PM2.5 AQI & Speciation Mass","47460","Walla Walla, WA","53","Washington","071","Walla Walla","46.05881","-118.35147"
"04/28/2020","AirNow","530710005","4","2.3","ug/m3 LC","10","WALLA WALL - 12TH ST","1","100.0000","88502","Acceptable PM2.5 AQI & Speciation Mass","47460","Walla Walla, WA","53","Washington","071","Walla Walla","46.05881","-118.35147"
"04/29/2020","AirNow","530710005","4","3.7","ug/m3 LC","15","WALLA WALL - 12TH ST","1","100.0000","88502","Acceptable PM2.5 AQI & Speciation Mass","47460","Walla Walla, WA","53","Washington","071","Walla Walla","46.05881","-118.35147"
"04/30/2020","AirNow","530710005","4","2.2","ug/m3 LC","9","WALLA WALL - 12TH ST","1","100.0000","88502","Acceptable PM2.5 AQI & Speciation Mass","47460","Walla Walla, WA","53","Washington","071","Walla Walla","46.05881","-118.35147"
"05/01/2020","AirNow","530710005","4","3.2","ug/m3 LC","13","WALLA WALL - 12TH ST","1","100.0000","88502","Acceptable PM2.5 AQI & Speciation Mass","47460","Walla Walla, WA","53","Washington","071","Walla Walla","46.05881","-118.35147"
"05/02/2020","AirNow","530710005","4","3.5","ug/m3 LC","15","WALLA WALL - 12TH ST","1","100.0000","88502","Acceptable PM2.5 AQI & Speciation Mass","47460","Walla Walla, WA","53","Washington","071","Walla Walla","46.05881","-118.35147"
"01/01/2020","AQS","530730019","5","2.5","ug/m3 LC","10","Bellingham-Pacific St","1","100.0000","88101","PM2.5 - Local Conditions","13380","Bellingham, WA","53","Washington","073","Whatcom","48.7600360009349","-122.456463"
"01/02/2020","AQS","530730019","5","1.7","ug/m3 LC","7","Bellingham-Pacific St","1","100.0000","88101","PM2.5 - Local Conditions","13380","Bellingham, WA","53","Washington","073","Whatcom","48.7600360009349","-122.456463"
"01/03/2020","AQS","530730019","5","0.7","ug/m3 LC","3","Bellingham-Pacific St","1","100.0000","88101","PM2.5 - Local Conditions","13380","Bellingham, WA","53","Washington","073","Whatcom","48.7600360009349","-122.456463"
"01/04/2020","AQS","530730019","5","2.9","ug/m3 LC","12","Bellingham-Pacific St","1","100.0000","88101","PM2.5 - Local Conditions","13380","Bellingham, WA","53","Washington","073","Whatcom","48.7600360009349","-122.456463"
"01/05/2020","AQS","530730019","5","2.1","ug/m3 LC","9","Bellingham-Pacific St","1","100.0000","88101","PM2.5 - Local Conditions","13380","Bellingham, WA","53","Washington","073","Whatcom","48.7600360009349","-122.456463"
"01/06/2020","AQS","530730019","5","2.2","ug/m3 LC","9","Bellingham-Pacific St","1","100.0000","88101","PM2.5 - Local Conditions","13380","Bellingham, WA","53","Washington","073","Whatcom","48.7600360009349","-122.456463"
"01/07/2020","AQS","530730019","5","-0.1","ug/m3 LC","0","Bellingham-Pacific St","1","100.0000","88101","PM2.5 - Local Conditions","13380","Bellingham, WA","53","Washington","073","Whatcom","48.7600360009349","-122.456463"
"01/08/2020","AQS","530730019","5","2.5","ug/m3 LC","10","Bellingham-Pacific St","1","100.0000","88101","PM2.5 - Local Conditions","13380","Bellingham, WA","53","Washington","073","Whatcom","48.7600360009349","-122.456463"
"01/09/2020","AQS","530730019","5","2.8","ug/m3 LC","12","Bellingham-Pacific St","1","100.0000","88101","PM2.5 - Local Conditions","13380","Bellingham, WA","53","Washington","073","Whatcom","48.7600360009349","-122.456463"
"01/10/2020","AQS","530730019","5","0.1","ug/m3 LC","0","Bellingham-Pacific St","1","100.0000","88101","PM2.5 - Local Conditions","13380","Bellingham, WA","53","Washington","073","Whatcom","48.7600360009349","-122.456463"
"01/11/2020","AQS","530730019","5","1.3","ug/m3 LC","5","Bellingham-Pacific St","1","100.0000","88101","PM2.5 - Local Conditions","13380","Bellingham, WA","53","Washington","073","Whatcom","48.7600360009349","-122.456463"
"01/12/2020","AQS","530730019","5","0.6","ug/m3 LC","3","Bellingham-Pacific St","1","100.0000","88101","PM2.5 - Local Conditions","13380","Bellingham, WA","53","Washington","073","Whatcom","48.7600360009349","-122.456463"
"01/13/2020","AQS","530730019","5","1","ug/m3 LC","4","Bellingham-Pacific St","1","100.0000","88101","PM2.5 - Local Conditions","13380","Bellingham, WA","53","Washington","073","Whatcom","48.7600360009349","-122.456463"
"01/14/2020","AQS","530730019","5","1.7","ug/m3 LC","7","Bellingham-Pacific St","1","100.0000","88101","PM2.5 - Local Conditions","13380","Bellingham, WA","53","Washington","073","Whatcom","48.7600360009349","-122.456463"
"01/15/2020","AQS","530730019","5","1.2","ug/m3 LC","5","Bellingham-Pacific St","1","100.0000","88101","PM2.5 - Local Conditions","13380","Bellingham, WA","53","Washington","073","Whatcom","48.7600360009349","-122.456463"
"01/16/2020","AQS","530730019","5","4","ug/m3 LC","17","Bellingham-Pacific St","1","100.0000","88101","PM2.5 - Local Conditions","13380","Bellingham, WA","53","Washington","073","Whatcom","48.7600360009349","-122.456463"
"01/17/2020","AQS","530730019","5","3.9","ug/m3 LC","16","Bellingham-Pacific St","1","100.0000","88101","PM2.5 - Local Conditions","13380","Bellingham, WA","53","Washington","073","Whatcom","48.7600360009349","-122.456463"
"01/18/2020","AQS","530730019","5","-0.3","ug/m3 LC","0","Bellingham-Pacific St","1","100.0000","88101","PM2.5 - Local Conditions","13380","Bellingham, WA","53","Washington","073","Whatcom","48.7600360009349","-122.456463"
"01/19/2020","AQS","530730019","5","2.4","ug/m3 LC","10","Bellingham-Pacific St","1","100.0000","88101","PM2.5 - Local Conditions","13380","Bellingham, WA","53","Washington","073","Whatcom","48.7600360009349","-122.456463"
"01/20/2020","AQS","530730019","5","4","ug/m3 LC","17","Bellingham-Pacific St","1","100.0000","88101","PM2.5 - Local Conditions","13380","Bellingham, WA","53","Washington","073","Whatcom","48.7600360009349","-122.456463"
"01/21/2020","AQS","530730019","5","0.7","ug/m3 LC","3","Bellingham-Pacific St","1","100.0000","88101","PM2.5 - Local Conditions","13380","Bellingham, WA","53","Washington","073","Whatcom","48.7600360009349","-122.456463"
"01/22/2020","AQS","530730019","5","1.1","ug/m3 LC","5","Bellingham-Pacific St","1","100.0000","88101","PM2.5 - Local Conditions","13380","Bellingham, WA","53","Washington","073","Whatcom","48.7600360009349","-122.456463"
"01/23/2020","AQS","530730019","5","-0.2","ug/m3 LC","0","Bellingham-Pacific St","1","100.0000","88101","PM2.5 - Local Conditions","13380","Bellingham, WA","53","Washington","073","Whatcom","48.7600360009349","-122.456463"
"01/24/2020","AQS","530730019","5","1.2","ug/m3 LC","5","Bellingham-Pacific St","1","100.0000","88101","PM2.5 - Local Conditions","13380","Bellingham, WA","53","Washington","073","Whatcom","48.7600360009349","-122.456463"
"01/25/2020","AQS","530730019","5","2.8","ug/m3 LC","12","Bellingham-Pacific St","1","100.0000","88101","PM2.5 - Local Conditions","13380","Bellingham, WA","53","Washington","073","Whatcom","48.7600360009349","-122.456463"
"01/26/2020","AQS","530730019","5","1.4","ug/m3 LC","6","Bellingham-Pacific St","1","100.0000","88101","PM2.5 - Local Conditions","13380","Bellingham, WA","53","Washington","073","Whatcom","48.7600360009349","-122.456463"
"01/27/2020","AQS","530730019","5","0.2","ug/m3 LC","1","Bellingham-Pacific St","1","100.0000","88101","PM2.5 - Local Conditions","13380","Bellingham, WA","53","Washington","073","Whatcom","48.7600360009349","-122.456463"
"01/28/2020","AQS","530730019","5","1.9","ug/m3 LC","8","Bellingham-Pacific St","1","100.0000","88101","PM2.5 - Local Conditions","13380","Bellingham, WA","53","Washington","073","Whatcom","48.7600360009349","-122.456463"
"01/29/2020","AQS","530730019","5","1.9","ug/m3 LC","8","Bellingham-Pacific St","1","100.0000","88101","PM2.5 - Local Conditions","13380","Bellingham, WA","53","Washington","073","Whatcom","48.7600360009349","-122.456463"
"01/30/2020","AQS","530730019","5","1.3","ug/m3 LC","5","Bellingham-Pacific St","1","100.0000","88101","PM2.5 - Local Conditions","13380","Bellingham, WA","53","Washington","073","Whatcom","48.7600360009349","-122.456463"
"01/31/2020","AQS","530730019","5","-0.6","ug/m3 LC","0","Bellingham-Pacific St","1","100.0000","88101","PM2.5 - Local Conditions","13380","Bellingham, WA","53","Washington","073","Whatcom","48.7600360009349","-122.456463"
"02/01/2020","AirNow","530730019","5","2.8","ug/m3 LC","12","Bellingham-Pacific St","1","100.0000","88101","PM2.5 - Local Conditions","13380","Bellingham, WA","53","Washington","073","Whatcom","48.7600360009349","-122.456463"
"02/02/2020","AirNow","530730019","5","1.2","ug/m3 LC","5","Bellingham-Pacific St","1","100.0000","88101","PM2.5 - Local Conditions","13380","Bellingham, WA","53","Washington","073","Whatcom","48.7600360009349","-122.456463"
"02/03/2020","AirNow","530730019","5","2.3","ug/m3 LC","10","Bellingham-Pacific St","1","100.0000","88101","PM2.5 - Local Conditions","13380","Bellingham, WA","53","Washington","073","Whatcom","48.7600360009349","-122.456463"
"02/04/2020","AirNow","530730019","5","9.5","ug/m3 LC","40","Bellingham-Pacific St","1","100.0000","88101","PM2.5 - Local Conditions","13380","Bellingham, WA","53","Washington","073","Whatcom","48.7600360009349","-122.456463"
"02/05/2020","AirNow","530730019","5","15.8","ug/m3 LC","59","Bellingham-Pacific St","1","100.0000","88101","PM2.5 - Local Conditions","13380","Bellingham, WA","53","Washington","073","Whatcom","48.7600360009349","-122.456463"
"02/06/2020","AirNow","530730019","5","4.8","ug/m3 LC","20","Bellingham-Pacific St","1","100.0000","88101","PM2.5 - Local Conditions","13380","Bellingham, WA","53","Washington","073","Whatcom","48.7600360009349","-122.456463"
"02/07/2020","AirNow","530730019","5","5.2","ug/m3 LC","22","Bellingham-Pacific St","1","100.0000","88101","PM2.5 - Local Conditions","13380","Bellingham, WA","53","Washington","073","Whatcom","48.7600360009349","-122.456463"
"02/08/2020","AirNow","530730019","5","3.6","ug/m3 LC","15","Bellingham-Pacific St","1","100.0000","88101","PM2.5 - Local Conditions","13380","Bellingham, WA","53","Washington","073","Whatcom","48.7600360009349","-122.456463"
"02/09/2020","AirNow","530730019","5","4","ug/m3 LC","17","Bellingham-Pacific St","1","100.0000","88101","PM2.5 - Local Conditions","13380","Bellingham, WA","53","Washington","073","Whatcom","48.7600360009349","-122.456463"
"02/10/2020","AirNow","530730019","5","5.5","ug/m3 LC","23","Bellingham-Pacific St","1","100.0000","88101","PM2.5 - Local Conditions","13380","Bellingham, WA","53","Washington","073","Whatcom","48.7600360009349","-122.456463"
"02/11/2020","AirNow","530730019","5","2.8","ug/m3 LC","12","Bellingham-Pacific St","1","100.0000","88101","PM2.5 - Local Conditions","13380","Bellingham, WA","53","Washington","073","Whatcom","48.7600360009349","-122.456463"
"02/12/2020","AirNow","530730019","5","3.2","ug/m3 LC","13","Bellingham-Pacific St","1","100.0000","88101","PM2.5 - Local Conditions","13380","Bellingham, WA","53","Washington","073","Whatcom","48.7600360009349","-122.456463"
"02/13/2020","AirNow","530730019","5","1.3","ug/m3 LC","5","Bellingham-Pacific St","1","100.0000","88101","PM2.5 - Local Conditions","13380","Bellingham, WA","53","Washington","073","Whatcom","48.7600360009349","-122.456463"
"02/14/2020","AirNow","530730019","5","1.5","ug/m3 LC","6","Bellingham-Pacific St","1","100.0000","88101","PM2.5 - Local Conditions","13380","Bellingham, WA","53","Washington","073","Whatcom","48.7600360009349","-122.456463"
"02/15/2020","AirNow","530730019","5","0.9","ug/m3 LC","4","Bellingham-Pacific St","1","100.0000","88101","PM2.5 - Local Conditions","13380","Bellingham, WA","53","Washington","073","Whatcom","48.7600360009349","-122.456463"
"02/16/2020","AirNow","530730019","5","1.8","ug/m3 LC","8","Bellingham-Pacific St","1","100.0000","88101","PM2.5 - Local Conditions","13380","Bellingham, WA","53","Washington","073","Whatcom","48.7600360009349","-122.456463"
"02/17/2020","AirNow","530730019","5","2.5","ug/m3 LC","10","Bellingham-Pacific St","1","100.0000","88101","PM2.5 - Local Conditions","13380","Bellingham, WA","53","Washington","073","Whatcom","48.7600360009349","-122.456463"
"02/18/2020","AirNow","530730019","5","3.9","ug/m3 LC","16","Bellingham-Pacific St","1","100.0000","88101","PM2.5 - Local Conditions","13380","Bellingham, WA","53","Washington","073","Whatcom","48.7600360009349","-122.456463"
"02/19/2020","AirNow","530730019","5","4.9","ug/m3 LC","20","Bellingham-Pacific St","1","100.0000","88101","PM2.5 - Local Conditions","13380","Bellingham, WA","53","Washington","073","Whatcom","48.7600360009349","-122.456463"
"02/20/2020","AirNow","530730019","5","7.1","ug/m3 LC","30","Bellingham-Pacific St","1","100.0000","88101","PM2.5 - Local Conditions","13380","Bellingham, WA","53","Washington","073","Whatcom","48.7600360009349","-122.456463"
"02/21/2020","AirNow","530730019","5","5.6","ug/m3 LC","23","Bellingham-Pacific St","1","100.0000","88101","PM2.5 - Local Conditions","13380","Bellingham, WA","53","Washington","073","Whatcom","48.7600360009349","-122.456463"
"02/22/2020","AirNow","530730019","5","3.5","ug/m3 LC","15","Bellingham-Pacific St","1","100.0000","88101","PM2.5 - Local Conditions","13380","Bellingham, WA","53","Washington","073","Whatcom","48.7600360009349","-122.456463"
"02/23/2020","AirNow","530730019","5","1.2","ug/m3 LC","5","Bellingham-Pacific St","1","100.0000","88101","PM2.5 - Local Conditions","13380","Bellingham, WA","53","Washington","073","Whatcom","48.7600360009349","-122.456463"
"02/24/2020","AirNow","530730019","5","2.8","ug/m3 LC","12","Bellingham-Pacific St","1","100.0000","88101","PM2.5 - Local Conditions","13380","Bellingham, WA","53","Washington","073","Whatcom","48.7600360009349","-122.456463"
"02/25/2020","AirNow","530730019","5","3","ug/m3 LC","13","Bellingham-Pacific St","1","100.0000","88101","PM2.5 - Local Conditions","13380","Bellingham, WA","53","Washington","073","Whatcom","48.7600360009349","-122.456463"
"02/26/2020","AirNow","530730019","5","4.4","ug/m3 LC","18","Bellingham-Pacific St","1","100.0000","88101","PM2.5 - Local Conditions","13380","Bellingham, WA","53","Washington","073","Whatcom","48.7600360009349","-122.456463"
"02/27/2020","AirNow","530730019","5","4.1","ug/m3 LC","17","Bellingham-Pacific St","1","100.0000","88101","PM2.5 - Local Conditions","13380","Bellingham, WA","53","Washington","073","Whatcom","48.7600360009349","-122.456463"
"02/28/2020","AirNow","530730019","5","4.1","ug/m3 LC","17","Bellingham-Pacific St","1","100.0000","88101","PM2.5 - Local Conditions","13380","Bellingham, WA","53","Washington","073","Whatcom","48.7600360009349","-122.456463"
"02/29/2020","AirNow","530730019","5","1.7","ug/m3 LC","7","Bellingham-Pacific St","1","100.0000","88101","PM2.5 - Local Conditions","13380","Bellingham, WA","53","Washington","073","Whatcom","48.7600360009349","-122.456463"
"03/01/2020","AirNow","530730019","5","2.2","ug/m3 LC","9","Bellingham-Pacific St","1","100.0000","88101","PM2.5 - Local Conditions","13380","Bellingham, WA","53","Washington","073","Whatcom","48.7600360009349","-122.456463"
"03/02/2020","AirNow","530730019","5","-0.2","ug/m3 LC","0","Bellingham-Pacific St","1","100.0000","88101","PM2.5 - Local Conditions","13380","Bellingham, WA","53","Washington","073","Whatcom","48.7600360009349","-122.456463"
"03/03/2020","AirNow","530730019","5","0.1","ug/m3 LC","0","Bellingham-Pacific St","1","100.0000","88101","PM2.5 - Local Conditions","13380","Bellingham, WA","53","Washington","073","Whatcom","48.7600360009349","-122.456463"
"03/04/2020","AirNow","530730019","5","3.5","ug/m3 LC","15","Bellingham-Pacific St","1","100.0000","88101","PM2.5 - Local Conditions","13380","Bellingham, WA","53","Washington","073","Whatcom","48.7600360009349","-122.456463"
"03/05/2020","AirNow","530730019","5","2.1","ug/m3 LC","9","Bellingham-Pacific St","1","100.0000","88101","PM2.5 - Local Conditions","13380","Bellingham, WA","53","Washington","073","Whatcom","48.7600360009349","-122.456463"
"03/06/2020","AirNow","530730019","5","1.7","ug/m3 LC","7","Bellingham-Pacific St","1","100.0000","88101","PM2.5 - Local Conditions","13380","Bellingham, WA","53","Washington","073","Whatcom","48.7600360009349","-122.456463"
"03/07/2020","AirNow","530730019","5","2.2","ug/m3 LC","9","Bellingham-Pacific St","1","100.0000","88101","PM2.5 - Local Conditions","13380","Bellingham, WA","53","Washington","073","Whatcom","48.7600360009349","-122.456463"
"03/08/2020","AirNow","530730019","5","1.4","ug/m3 LC","6","Bellingham-Pacific St","1","100.0000","88101","PM2.5 - Local Conditions","13380","Bellingham, WA","53","Washington","073","Whatcom","48.7600360009349","-122.456463"
"03/09/2020","AirNow","530730019","5","4.4","ug/m3 LC","18","Bellingham-Pacific St","1","100.0000","88101","PM2.5 - Local Conditions","13380","Bellingham, WA","53","Washington","073","Whatcom","48.7600360009349","-122.456463"
"03/10/2020","AirNow","530730019","5","1.9","ug/m3 LC","8","Bellingham-Pacific St","1","100.0000","88101","PM2.5 - Local Conditions","13380","Bellingham, WA","53","Washington","073","Whatcom","48.7600360009349","-122.456463"
"03/11/2020","AirNow","530730019","5","1.4","ug/m3 LC","6","Bellingham-Pacific St","1","100.0000","88101","PM2.5 - Local Conditions","13380","Bellingham, WA","53","Washington","073","Whatcom","48.7600360009349","-122.456463"
"03/12/2020","AirNow","530730019","5","3.5","ug/m3 LC","15","Bellingham-Pacific St","1","100.0000","88101","PM2.5 - Local Conditions","13380","Bellingham, WA","53","Washington","073","Whatcom","48.7600360009349","-122.456463"
"03/13/2020","AirNow","530730019","5","2.5","ug/m3 LC","10","Bellingham-Pacific St","1","100.0000","88101","PM2.5 - Local Conditions","13380","Bellingham, WA","53","Washington","073","Whatcom","48.7600360009349","-122.456463"
"03/14/2020","AirNow","530730019","5","2.4","ug/m3 LC","10","Bellingham-Pacific St","1","100.0000","88101","PM2.5 - Local Conditions","13380","Bellingham, WA","53","Washington","073","Whatcom","48.7600360009349","-122.456463"
"03/15/2020","AirNow","530730019","5","1.6","ug/m3 LC","7","Bellingham-Pacific St","1","100.0000","88101","PM2.5 - Local Conditions","13380","Bellingham, WA","53","Washington","073","Whatcom","48.7600360009349","-122.456463"
"03/16/2020","AirNow","530730019","5","3.5","ug/m3 LC","15","Bellingham-Pacific St","1","100.0000","88101","PM2.5 - Local Conditions","13380","Bellingham, WA","53","Washington","073","Whatcom","48.7600360009349","-122.456463"
"03/17/2020","AirNow","530730019","5","5.7","ug/m3 LC","24","Bellingham-Pacific St","1","100.0000","88101","PM2.5 - Local Conditions","13380","Bellingham, WA","53","Washington","073","Whatcom","48.7600360009349","-122.456463"
"03/18/2020","AirNow","530730019","5","7","ug/m3 LC","29","Bellingham-Pacific St","1","100.0000","88101","PM2.5 - Local Conditions","13380","Bellingham, WA","53","Washington","073","Whatcom","48.7600360009349","-122.456463"
"03/19/2020","AirNow","530730019","5","10","ug/m3 LC","42","Bellingham-Pacific St","1","100.0000","88101","PM2.5 - Local Conditions","13380","Bellingham, WA","53","Washington","073","Whatcom","48.7600360009349","-122.456463"
"03/20/2020","AirNow","530730019","5","10.8","ug/m3 LC","45","Bellingham-Pacific St","1","100.0000","88101","PM2.5 - Local Conditions","13380","Bellingham, WA","53","Washington","073","Whatcom","48.7600360009349","-122.456463"
"03/21/2020","AirNow","530730019","5","7.7","ug/m3 LC","32","Bellingham-Pacific St","1","100.0000","88101","PM2.5 - Local Conditions","13380","Bellingham, WA","53","Washington","073","Whatcom","48.7600360009349","-122.456463"
"03/22/2020","AirNow","530730019","5","7.9","ug/m3 LC","33","Bellingham-Pacific St","1","100.0000","88101","PM2.5 - Local Conditions","13380","Bellingham, WA","53","Washington","073","Whatcom","48.7600360009349","-122.456463"
"03/23/2020","AirNow","530730019","5","2.1","ug/m3 LC","9","Bellingham-Pacific St","1","100.0000","88101","PM2.5 - Local Conditions","13380","Bellingham, WA","53","Washington","073","Whatcom","48.7600360009349","-122.456463"
"03/24/2020","AirNow","530730019","5","1.5","ug/m3 LC","6","Bellingham-Pacific St","1","100.0000","88101","PM2.5 - Local Conditions","13380","Bellingham, WA","53","Washington","073","Whatcom","48.7600360009349","-122.456463"
"03/26/2020","AirNow","530730019","5","3.9","ug/m3 LC","16","Bellingham-Pacific St","1","100.0000","88101","PM2.5 - Local Conditions","13380","Bellingham, WA","53","Washington","073","Whatcom","48.7600360009349","-122.456463"
"03/27/2020","AirNow","530730019","5","2.2","ug/m3 LC","9","Bellingham-Pacific St","1","100.0000","88101","PM2.5 - Local Conditions","13380","Bellingham, WA","53","Washington","073","Whatcom","48.7600360009349","-122.456463"
"03/28/2020","AirNow","530730019","5","-0.2","ug/m3 LC","0","Bellingham-Pacific St","1","100.0000","88101","PM2.5 - Local Conditions","13380","Bellingham, WA","53","Washington","073","Whatcom","48.7600360009349","-122.456463"
"03/29/2020","AirNow","530730019","5","-1.1","ug/m3 LC","0","Bellingham-Pacific St","1","100.0000","88101","PM2.5 - Local Conditions","13380","Bellingham, WA","53","Washington","073","Whatcom","48.7600360009349","-122.456463"
"03/30/2020","AirNow","530730019","5","0.3","ug/m3 LC","1","Bellingham-Pacific St","1","100.0000","88101","PM2.5 - Local Conditions","13380","Bellingham, WA","53","Washington","073","Whatcom","48.7600360009349","-122.456463"
"03/31/2020","AirNow","530730019","5","0.7","ug/m3 LC","3","Bellingham-Pacific St","1","100.0000","88101","PM2.5 - Local Conditions","13380","Bellingham, WA","53","Washington","073","Whatcom","48.7600360009349","-122.456463"
"04/01/2020","AirNow","530730019","5","1","ug/m3 LC","4","Bellingham-Pacific St","1","100.0000","88101","PM2.5 - Local Conditions","13380","Bellingham, WA","53","Washington","073","Whatcom","48.7600360009349","-122.456463"
"04/02/2020","AirNow","530730019","5","2.5","ug/m3 LC","10","Bellingham-Pacific St","1","100.0000","88101","PM2.5 - Local Conditions","13380","Bellingham, WA","53","Washington","073","Whatcom","48.7600360009349","-122.456463"
"04/03/2020","AirNow","530730019","5","0.5","ug/m3 LC","2","Bellingham-Pacific St","1","100.0000","88101","PM2.5 - Local Conditions","13380","Bellingham, WA","53","Washington","073","Whatcom","48.7600360009349","-122.456463"
"04/04/2020","AirNow","530730019","5","0.8","ug/m3 LC","3","Bellingham-Pacific St","1","100.0000","88101","PM2.5 - Local Conditions","13380","Bellingham, WA","53","Washington","073","Whatcom","48.7600360009349","-122.456463"
"04/05/2020","AirNow","530730019","5","3.2","ug/m3 LC","13","Bellingham-Pacific St","1","100.0000","88101","PM2.5 - Local Conditions","13380","Bellingham, WA","53","Washington","073","Whatcom","48.7600360009349","-122.456463"
"04/06/2020","AirNow","530730019","5","3.2","ug/m3 LC","13","Bellingham-Pacific St","1","100.0000","88101","PM2.5 - Local Conditions","13380","Bellingham, WA","53","Washington","073","Whatcom","48.7600360009349","-122.456463"
"04/07/2020","AirNow","530730019","5","4.5","ug/m3 LC","19","Bellingham-Pacific St","1","100.0000","88101","PM2.5 - Local Conditions","13380","Bellingham, WA","53","Washington","073","Whatcom","48.7600360009349","-122.456463"
"04/08/2020","AirNow","530730019","5","6.5","ug/m3 LC","27","Bellingham-Pacific St","1","100.0000","88101","PM2.5 - Local Conditions","13380","Bellingham, WA","53","Washington","073","Whatcom","48.7600360009349","-122.456463"
"04/09/2020","AirNow","530730019","5","6.9","ug/m3 LC","29","Bellingham-Pacific St","1","100.0000","88101","PM2.5 - Local Conditions","13380","Bellingham, WA","53","Washington","073","Whatcom","48.7600360009349","-122.456463"
"04/10/2020","AirNow","530730019","5","4.1","ug/m3 LC","17","Bellingham-Pacific St","1","100.0000","88101","PM2.5 - Local Conditions","13380","Bellingham, WA","53","Washington","073","Whatcom","48.7600360009349","-122.456463"
"04/11/2020","AirNow","530730019","5","3.6","ug/m3 LC","15","Bellingham-Pacific St","1","100.0000","88101","PM2.5 - Local Conditions","13380","Bellingham, WA","53","Washington","073","Whatcom","48.7600360009349","-122.456463"
"04/12/2020","AirNow","530730019","5","3","ug/m3 LC","13","Bellingham-Pacific St","1","100.0000","88101","PM2.5 - Local Conditions","13380","Bellingham, WA","53","Washington","073","Whatcom","48.7600360009349","-122.456463"
"04/13/2020","AirNow","530730019","5","3.7","ug/m3 LC","15","Bellingham-Pacific St","1","100.0000","88101","PM2.5 - Local Conditions","13380","Bellingham, WA","53","Washington","073","Whatcom","48.7600360009349","-122.456463"
"04/14/2020","AirNow","530730019","5","3.1","ug/m3 LC","13","Bellingham-Pacific St","1","100.0000","88101","PM2.5 - Local Conditions","13380","Bellingham, WA","53","Washington","073","Whatcom","48.7600360009349","-122.456463"
"04/15/2020","AirNow","530730019","5","5.1","ug/m3 LC","21","Bellingham-Pacific St","1","100.0000","88101","PM2.5 - Local Conditions","13380","Bellingham, WA","53","Washington","073","Whatcom","48.7600360009349","-122.456463"
"04/16/2020","AirNow","530730019","5","2.1","ug/m3 LC","9","Bellingham-Pacific St","1","100.0000","88101","PM2.5 - Local Conditions","13380","Bellingham, WA","53","Washington","073","Whatcom","48.7600360009349","-122.456463"
"04/17/2020","AirNow","530730019","5","4.4","ug/m3 LC","18","Bellingham-Pacific St","1","100.0000","88101","PM2.5 - Local Conditions","13380","Bellingham, WA","53","Washington","073","Whatcom","48.7600360009349","-122.456463"
"04/18/2020","AirNow","530730019","5","8.7","ug/m3 LC","36","Bellingham-Pacific St","1","100.0000","88101","PM2.5 - Local Conditions","13380","Bellingham, WA","53","Washington","073","Whatcom","48.7600360009349","-122.456463"
"04/19/2020","AirNow","530730019","5","3.5","ug/m3 LC","15","Bellingham-Pacific St","1","100.0000","88101","PM2.5 - Local Conditions","13380","Bellingham, WA","53","Washington","073","Whatcom","48.7600360009349","-122.456463"
"04/20/2020","AirNow","530730019","5","3.4","ug/m3 LC","14","Bellingham-Pacific St","1","100.0000","88101","PM2.5 - Local Conditions","13380","Bellingham, WA","53","Washington","073","Whatcom","48.7600360009349","-122.456463"
"04/21/2020","AirNow","530730019","5","3.7","ug/m3 LC","15","Bellingham-Pacific St","1","100.0000","88101","PM2.5 - Local Conditions","13380","Bellingham, WA","53","Washington","073","Whatcom","48.7600360009349","-122.456463"
"04/22/2020","AirNow","530730019","5","2.8","ug/m3 LC","12","Bellingham-Pacific St","1","100.0000","88101","PM2.5 - Local Conditions","13380","Bellingham, WA","53","Washington","073","Whatcom","48.7600360009349","-122.456463"
"04/23/2020","AirNow","530730019","5","1.5","ug/m3 LC","6","Bellingham-Pacific St","1","100.0000","88101","PM2.5 - Local Conditions","13380","Bellingham, WA","53","Washington","073","Whatcom","48.7600360009349","-122.456463"
"04/24/2020","AirNow","530730019","5","2.7","ug/m3 LC","11","Bellingham-Pacific St","1","100.0000","88101","PM2.5 - Local Conditions","13380","Bellingham, WA","53","Washington","073","Whatcom","48.7600360009349","-122.456463"
"04/25/2020","AirNow","530730019","5","1.7","ug/m3 LC","7","Bellingham-Pacific St","1","100.0000","88101","PM2.5 - Local Conditions","13380","Bellingham, WA","53","Washington","073","Whatcom","48.7600360009349","-122.456463"
"04/26/2020","AirNow","530730019","5","2.9","ug/m3 LC","12","Bellingham-Pacific St","1","100.0000","88101","PM2.5 - Local Conditions","13380","Bellingham, WA","53","Washington","073","Whatcom","48.7600360009349","-122.456463"
"04/27/2020","AirNow","530730019","5","1.6","ug/m3 LC","7","Bellingham-Pacific St","1","100.0000","88101","PM2.5 - Local Conditions","13380","Bellingham, WA","53","Washington","073","Whatcom","48.7600360009349","-122.456463"
"04/28/2020","AirNow","530730019","5","2.4","ug/m3 LC","10","Bellingham-Pacific St","1","100.0000","88101","PM2.5 - Local Conditions","13380","Bellingham, WA","53","Washington","073","Whatcom","48.7600360009349","-122.456463"
"04/29/2020","AirNow","530730019","5","2.7","ug/m3 LC","11","Bellingham-Pacific St","1","100.0000","88101","PM2.5 - Local Conditions","13380","Bellingham, WA","53","Washington","073","Whatcom","48.7600360009349","-122.456463"
"04/30/2020","AirNow","530730019","5","0.9","ug/m3 LC","4","Bellingham-Pacific St","1","100.0000","88101","PM2.5 - Local Conditions","13380","Bellingham, WA","53","Washington","073","Whatcom","48.7600360009349","-122.456463"
"05/01/2020","AirNow","530730019","5","1.5","ug/m3 LC","6","Bellingham-Pacific St","1","100.0000","88101","PM2.5 - Local Conditions","13380","Bellingham, WA","53","Washington","073","Whatcom","48.7600360009349","-122.456463"
"05/02/2020","AirNow","530730019","5","2.7","ug/m3 LC","11","Bellingham-Pacific St","1","100.0000","88101","PM2.5 - Local Conditions","13380","Bellingham, WA","53","Washington","073","Whatcom","48.7600360009349","-122.456463"
"01/01/2020","AQS","530750003","4","0.8","ug/m3 LC","3","PULLMAN - DEXTER AVE 4","1","100.0000","88502","Acceptable PM2.5 AQI & Speciation Mass","39420","Pullman, WA","53","Washington","075","Whitman","46.72447","-117.18014"
"01/02/2020","AQS","530750003","4","1.2","ug/m3 LC","5","PULLMAN - DEXTER AVE 4","1","100.0000","88502","Acceptable PM2.5 AQI & Speciation Mass","39420","Pullman, WA","53","Washington","075","Whitman","46.72447","-117.18014"
"01/03/2020","AQS","530750003","4","1.1","ug/m3 LC","5","PULLMAN - DEXTER AVE 4","1","100.0000","88502","Acceptable PM2.5 AQI & Speciation Mass","39420","Pullman, WA","53","Washington","075","Whitman","46.72447","-117.18014"
"01/04/2020","AQS","530750003","4","1.3","ug/m3 LC","5","PULLMAN - DEXTER AVE 4","1","100.0000","88502","Acceptable PM2.5 AQI & Speciation Mass","39420","Pullman, WA","53","Washington","075","Whitman","46.72447","-117.18014"
"01/05/2020","AQS","530750003","4","1.4","ug/m3 LC","6","PULLMAN - DEXTER AVE 4","1","100.0000","88502","Acceptable PM2.5 AQI & Speciation Mass","39420","Pullman, WA","53","Washington","075","Whitman","46.72447","-117.18014"
"01/06/2020","AQS","530750003","4","0.4","ug/m3 LC","2","PULLMAN - DEXTER AVE 4","1","100.0000","88502","Acceptable PM2.5 AQI & Speciation Mass","39420","Pullman, WA","53","Washington","075","Whitman","46.72447","-117.18014"
"01/07/2020","AQS","530750003","4","0.9","ug/m3 LC","4","PULLMAN - DEXTER AVE 4","1","100.0000","88502","Acceptable PM2.5 AQI & Speciation Mass","39420","Pullman, WA","53","Washington","075","Whitman","46.72447","-117.18014"
"01/08/2020","AQS","530750003","4","0.8","ug/m3 LC","3","PULLMAN - DEXTER AVE 4","1","100.0000","88502","Acceptable PM2.5 AQI & Speciation Mass","39420","Pullman, WA","53","Washington","075","Whitman","46.72447","-117.18014"
"01/09/2020","AQS","530750003","4","2.9","ug/m3 LC","12","PULLMAN - DEXTER AVE 4","1","100.0000","88502","Acceptable PM2.5 AQI & Speciation Mass","39420","Pullman, WA","53","Washington","075","Whitman","46.72447","-117.18014"
"01/10/2020","AQS","530750003","4","2","ug/m3 LC","8","PULLMAN - DEXTER AVE 4","1","100.0000","88502","Acceptable PM2.5 AQI & Speciation Mass","39420","Pullman, WA","53","Washington","075","Whitman","46.72447","-117.18014"
"01/11/2020","AQS","530750003","4","1","ug/m3 LC","4","PULLMAN - DEXTER AVE 4","1","100.0000","88502","Acceptable PM2.5 AQI & Speciation Mass","39420","Pullman, WA","53","Washington","075","Whitman","46.72447","-117.18014"
"01/12/2020","AQS","530750003","4","0.8","ug/m3 LC","3","PULLMAN - DEXTER AVE 4","1","100.0000","88502","Acceptable PM2.5 AQI & Speciation Mass","39420","Pullman, WA","53","Washington","075","Whitman","46.72447","-117.18014"
"01/13/2020","AQS","530750003","4","1.4","ug/m3 LC","6","PULLMAN - DEXTER AVE 4","1","100.0000","88502","Acceptable PM2.5 AQI & Speciation Mass","39420","Pullman, WA","53","Washington","075","Whitman","46.72447","-117.18014"
"01/14/2020","AQS","530750003","4","2.5","ug/m3 LC","10","PULLMAN - DEXTER AVE 4","1","100.0000","88502","Acceptable PM2.5 AQI & Speciation Mass","39420","Pullman, WA","53","Washington","075","Whitman","46.72447","-117.18014"
"01/15/2020","AQS","530750003","4","1.4","ug/m3 LC","6","PULLMAN - DEXTER AVE 4","1","100.0000","88502","Acceptable PM2.5 AQI & Speciation Mass","39420","Pullman, WA","53","Washington","075","Whitman","46.72447","-117.18014"
"01/16/2020","AQS","530750003","4","1.9","ug/m3 LC","8","PULLMAN - DEXTER AVE 4","1","100.0000","88502","Acceptable PM2.5 AQI & Speciation Mass","39420","Pullman, WA","53","Washington","075","Whitman","46.72447","-117.18014"
"01/17/2020","AQS","530750003","4","3.3","ug/m3 LC","14","PULLMAN - DEXTER AVE 4","1","100.0000","88502","Acceptable PM2.5 AQI & Speciation Mass","39420","Pullman, WA","53","Washington","075","Whitman","46.72447","-117.18014"
"01/18/2020","AQS","530750003","4","1.1","ug/m3 LC","5","PULLMAN - DEXTER AVE 4","1","100.0000","88502","Acceptable PM2.5 AQI & Speciation Mass","39420","Pullman, WA","53","Washington","075","Whitman","46.72447","-117.18014"
"01/19/2020","AQS","530750003","4","1.2","ug/m3 LC","5","PULLMAN - DEXTER AVE 4","1","100.0000","88502","Acceptable PM2.5 AQI & Speciation Mass","39420","Pullman, WA","53","Washington","075","Whitman","46.72447","-117.18014"
"01/20/2020","AQS","530750003","4","1.2","ug/m3 LC","5","PULLMAN - DEXTER AVE 4","1","100.0000","88502","Acceptable PM2.5 AQI & Speciation Mass","39420","Pullman, WA","53","Washington","075","Whitman","46.72447","-117.18014"
"01/21/2020","AQS","530750003","4","1.4","ug/m3 LC","6","PULLMAN - DEXTER AVE 4","1","100.0000","88502","Acceptable PM2.5 AQI & Speciation Mass","39420","Pullman, WA","53","Washington","075","Whitman","46.72447","-117.18014"
"01/22/2020","AQS","530750003","4","0.9","ug/m3 LC","4","PULLMAN - DEXTER AVE 4","1","100.0000","88502","Acceptable PM2.5 AQI & Speciation Mass","39420","Pullman, WA","53","Washington","075","Whitman","46.72447","-117.18014"
"01/23/2020","AQS","530750003","4","0.9","ug/m3 LC","4","PULLMAN - DEXTER AVE 4","1","100.0000","88502","Acceptable PM2.5 AQI & Speciation Mass","39420","Pullman, WA","53","Washington","075","Whitman","46.72447","-117.18014"
"01/24/2020","AQS","530750003","4","1.2","ug/m3 LC","5","PULLMAN - DEXTER AVE 4","1","100.0000","88502","Acceptable PM2.5 AQI & Speciation Mass","39420","Pullman, WA","53","Washington","075","Whitman","46.72447","-117.18014"
"01/25/2020","AQS","530750003","4","1.6","ug/m3 LC","7","PULLMAN - DEXTER AVE 4","1","100.0000","88502","Acceptable PM2.5 AQI & Speciation Mass","39420","Pullman, WA","53","Washington","075","Whitman","46.72447","-117.18014"
"01/26/2020","AQS","530750003","4","2","ug/m3 LC","8","PULLMAN - DEXTER AVE 4","1","100.0000","88502","Acceptable PM2.5 AQI & Speciation Mass","39420","Pullman, WA","53","Washington","075","Whitman","46.72447","-117.18014"
"01/27/2020","AQS","530750003","4","1.2","ug/m3 LC","5","PULLMAN - DEXTER AVE 4","1","100.0000","88502","Acceptable PM2.5 AQI & Speciation Mass","39420","Pullman, WA","53","Washington","075","Whitman","46.72447","-117.18014"
"01/28/2020","AQS","530750003","4","1.2","ug/m3 LC","5","PULLMAN - DEXTER AVE 4","1","100.0000","88502","Acceptable PM2.5 AQI & Speciation Mass","39420","Pullman, WA","53","Washington","075","Whitman","46.72447","-117.18014"
"01/29/2020","AQS","530750003","4","1.7","ug/m3 LC","7","PULLMAN - DEXTER AVE 4","1","100.0000","88502","Acceptable PM2.5 AQI & Speciation Mass","39420","Pullman, WA","53","Washington","075","Whitman","46.72447","-117.18014"
"01/30/2020","AQS","530750003","4","1.7","ug/m3 LC","7","PULLMAN - DEXTER AVE 4","1","100.0000","88502","Acceptable PM2.5 AQI & Speciation Mass","39420","Pullman, WA","53","Washington","075","Whitman","46.72447","-117.18014"
"01/31/2020","AQS","530750003","4","1.1","ug/m3 LC","5","PULLMAN - DEXTER AVE 4","1","100.0000","88502","Acceptable PM2.5 AQI & Speciation Mass","39420","Pullman, WA","53","Washington","075","Whitman","46.72447","-117.18014"
"02/01/2020","AirNow","530750003","4","1.1","ug/m3 LC","5","PULLMAN - DEXTER AVE 4","1","100.0000","88502","Acceptable PM2.5 AQI & Speciation Mass","39420","Pullman, WA","53","Washington","075","Whitman","46.72447","-117.18014"
"02/02/2020","AirNow","530750003","4","2","ug/m3 LC","8","PULLMAN - DEXTER AVE 4","1","100.0000","88502","Acceptable PM2.5 AQI & Speciation Mass","39420","Pullman, WA","53","Washington","075","Whitman","46.72447","-117.18014"
"02/03/2020","AirNow","530750003","4","1.9","ug/m3 LC","8","PULLMAN - DEXTER AVE 4","1","100.0000","88502","Acceptable PM2.5 AQI & Speciation Mass","39420","Pullman, WA","53","Washington","075","Whitman","46.72447","-117.18014"
"02/04/2020","AirNow","530750003","4","2","ug/m3 LC","8","PULLMAN - DEXTER AVE 4","1","100.0000","88502","Acceptable PM2.5 AQI & Speciation Mass","39420","Pullman, WA","53","Washington","075","Whitman","46.72447","-117.18014"
"02/05/2020","AirNow","530750003","4","1.5","ug/m3 LC","6","PULLMAN - DEXTER AVE 4","1","100.0000","88502","Acceptable PM2.5 AQI & Speciation Mass","39420","Pullman, WA","53","Washington","075","Whitman","46.72447","-117.18014"
"02/06/2020","AirNow","530750003","4","1.1","ug/m3 LC","5","PULLMAN - DEXTER AVE 4","1","100.0000","88502","Acceptable PM2.5 AQI & Speciation Mass","39420","Pullman, WA","53","Washington","075","Whitman","46.72447","-117.18014"
"02/07/2020","AirNow","530750003","4","1.3","ug/m3 LC","5","PULLMAN - DEXTER AVE 4","1","100.0000","88502","Acceptable PM2.5 AQI & Speciation Mass","39420","Pullman, WA","53","Washington","075","Whitman","46.72447","-117.18014"
"02/08/2020","AirNow","530750003","4","1.6","ug/m3 LC","7","PULLMAN - DEXTER AVE 4","1","100.0000","88502","Acceptable PM2.5 AQI & Speciation Mass","39420","Pullman, WA","53","Washington","075","Whitman","46.72447","-117.18014"
"02/09/2020","AirNow","530750003","4","2","ug/m3 LC","8","PULLMAN - DEXTER AVE 4","1","100.0000","88502","Acceptable PM2.5 AQI & Speciation Mass","39420","Pullman, WA","53","Washington","075","Whitman","46.72447","-117.18014"
"02/10/2020","AirNow","530750003","4","2","ug/m3 LC","8","PULLMAN - DEXTER AVE 4","1","100.0000","88502","Acceptable PM2.5 AQI & Speciation Mass","39420","Pullman, WA","53","Washington","075","Whitman","46.72447","-117.18014"
"02/11/2020","AirNow","530750003","4","2.2","ug/m3 LC","9","PULLMAN - DEXTER AVE 4","1","100.0000","88502","Acceptable PM2.5 AQI & Speciation Mass","39420","Pullman, WA","53","Washington","075","Whitman","46.72447","-117.18014"
"02/12/2020","AirNow","530750003","4","1.8","ug/m3 LC","8","PULLMAN - DEXTER AVE 4","1","100.0000","88502","Acceptable PM2.5 AQI & Speciation Mass","39420","Pullman, WA","53","Washington","075","Whitman","46.72447","-117.18014"
"02/13/2020","AirNow","530750003","4","1.5","ug/m3 LC","6","PULLMAN - DEXTER AVE 4","1","100.0000","88502","Acceptable PM2.5 AQI & Speciation Mass","39420","Pullman, WA","53","Washington","075","Whitman","46.72447","-117.18014"
"02/14/2020","AirNow","530750003","4","0.9","ug/m3 LC","4","PULLMAN - DEXTER AVE 4","1","100.0000","88502","Acceptable PM2.5 AQI & Speciation Mass","39420","Pullman, WA","53","Washington","075","Whitman","46.72447","-117.18014"
"02/15/2020","AirNow","530750003","4","1.1","ug/m3 LC","5","PULLMAN - DEXTER AVE 4","1","100.0000","88502","Acceptable PM2.5 AQI & Speciation Mass","39420","Pullman, WA","53","Washington","075","Whitman","46.72447","-117.18014"
"02/16/2020","AirNow","530750003","4","1.2","ug/m3 LC","5","PULLMAN - DEXTER AVE 4","1","100.0000","88502","Acceptable PM2.5 AQI & Speciation Mass","39420","Pullman, WA","53","Washington","075","Whitman","46.72447","-117.18014"
"02/17/2020","AirNow","530750003","4","1.6","ug/m3 LC","7","PULLMAN - DEXTER AVE 4","1","100.0000","88502","Acceptable PM2.5 AQI & Speciation Mass","39420","Pullman, WA","53","Washington","075","Whitman","46.72447","-117.18014"
"02/18/2020","AirNow","530750003","4","2.3","ug/m3 LC","10","PULLMAN - DEXTER AVE 4","1","100.0000","88502","Acceptable PM2.5 AQI & Speciation Mass","39420","Pullman, WA","53","Washington","075","Whitman","46.72447","-117.18014"
"02/19/2020","AirNow","530750003","4","1.6","ug/m3 LC","7","PULLMAN - DEXTER AVE 4","1","100.0000","88502","Acceptable PM2.5 AQI & Speciation Mass","39420","Pullman, WA","53","Washington","075","Whitman","46.72447","-117.18014"
"02/20/2020","AirNow","530750003","4","1.7","ug/m3 LC","7","PULLMAN - DEXTER AVE 4","1","100.0000","88502","Acceptable PM2.5 AQI & Speciation Mass","39420","Pullman, WA","53","Washington","075","Whitman","46.72447","-117.18014"
"02/21/2020","AirNow","530750003","4","2.5","ug/m3 LC","10","PULLMAN - DEXTER AVE 4","1","100.0000","88502","Acceptable PM2.5 AQI & Speciation Mass","39420","Pullman, WA","53","Washington","075","Whitman","46.72447","-117.18014"
"02/22/2020","AirNow","530750003","4","3.1","ug/m3 LC","13","PULLMAN - DEXTER AVE 4","1","100.0000","88502","Acceptable PM2.5 AQI & Speciation Mass","39420","Pullman, WA","53","Washington","075","Whitman","46.72447","-117.18014"
"02/23/2020","AirNow","530750003","4","2.7","ug/m3 LC","11","PULLMAN - DEXTER AVE 4","1","100.0000","88502","Acceptable PM2.5 AQI & Speciation Mass","39420","Pullman, WA","53","Washington","075","Whitman","46.72447","-117.18014"
"02/24/2020","AirNow","530750003","4","2","ug/m3 LC","8","PULLMAN - DEXTER AVE 4","1","100.0000","88502","Acceptable PM2.5 AQI & Speciation Mass","39420","Pullman, WA","53","Washington","075","Whitman","46.72447","-117.18014"
"02/25/2020","AirNow","530750003","4","2.7","ug/m3 LC","11","PULLMAN - DEXTER AVE 4","1","100.0000","88502","Acceptable PM2.5 AQI & Speciation Mass","39420","Pullman, WA","53","Washington","075","Whitman","46.72447","-117.18014"
"02/26/2020","AirNow","530750003","4","2.5","ug/m3 LC","10","PULLMAN - DEXTER AVE 4","1","100.0000","88502","Acceptable PM2.5 AQI & Speciation Mass","39420","Pullman, WA","53","Washington","075","Whitman","46.72447","-117.18014"
"02/27/2020","AirNow","530750003","4","2.5","ug/m3 LC","10","PULLMAN - DEXTER AVE 4","1","100.0000","88502","Acceptable PM2.5 AQI & Speciation Mass","39420","Pullman, WA","53","Washington","075","Whitman","46.72447","-117.18014"
"02/28/2020","AirNow","530750003","4","1.8","ug/m3 LC","8","PULLMAN - DEXTER AVE 4","1","100.0000","88502","Acceptable PM2.5 AQI & Speciation Mass","39420","Pullman, WA","53","Washington","075","Whitman","46.72447","-117.18014"
"02/29/2020","AirNow","530750003","4","1.2","ug/m3 LC","5","PULLMAN - DEXTER AVE 4","1","100.0000","88502","Acceptable PM2.5 AQI & Speciation Mass","39420","Pullman, WA","53","Washington","075","Whitman","46.72447","-117.18014"
"03/01/2020","AirNow","530750003","4","1.7","ug/m3 LC","7","PULLMAN - DEXTER AVE 4","1","100.0000","88502","Acceptable PM2.5 AQI & Speciation Mass","39420","Pullman, WA","53","Washington","075","Whitman","46.72447","-117.18014"
"03/02/2020","AirNow","530750003","4","1.5","ug/m3 LC","6","PULLMAN - DEXTER AVE 4","1","100.0000","88502","Acceptable PM2.5 AQI & Speciation Mass","39420","Pullman, WA","53","Washington","075","Whitman","46.72447","-117.18014"
"03/03/2020","AirNow","530750003","4","1.2","ug/m3 LC","5","PULLMAN - DEXTER AVE 4","1","100.0000","88502","Acceptable PM2.5 AQI & Speciation Mass","39420","Pullman, WA","53","Washington","075","Whitman","46.72447","-117.18014"
"03/04/2020","AirNow","530750003","4","1.6","ug/m3 LC","7","PULLMAN - DEXTER AVE 4","1","100.0000","88502","Acceptable PM2.5 AQI & Speciation Mass","39420","Pullman, WA","53","Washington","075","Whitman","46.72447","-117.18014"
"03/05/2020","AirNow","530750003","4","2.6","ug/m3 LC","11","PULLMAN - DEXTER AVE 4","1","100.0000","88502","Acceptable PM2.5 AQI & Speciation Mass","39420","Pullman, WA","53","Washington","075","Whitman","46.72447","-117.18014"
"03/06/2020","AirNow","530750003","4","3.6","ug/m3 LC","15","PULLMAN - DEXTER AVE 4","1","100.0000","88502","Acceptable PM2.5 AQI & Speciation Mass","39420","Pullman, WA","53","Washington","075","Whitman","46.72447","-117.18014"
"03/07/2020","AirNow","530750003","4","2.7","ug/m3 LC","11","PULLMAN - DEXTER AVE 4","1","100.0000","88502","Acceptable PM2.5 AQI & Speciation Mass","39420","Pullman, WA","53","Washington","075","Whitman","46.72447","-117.18014"
"03/08/2020","AirNow","530750003","4","1.6","ug/m3 LC","7","PULLMAN - DEXTER AVE 4","1","100.0000","88502","Acceptable PM2.5 AQI & Speciation Mass","39420","Pullman, WA","53","Washington","075","Whitman","46.72447","-117.18014"
"03/09/2020","AirNow","530750003","4","2.2","ug/m3 LC","9","PULLMAN - DEXTER AVE 4","1","100.0000","88502","Acceptable PM2.5 AQI & Speciation Mass","39420","Pullman, WA","53","Washington","075","Whitman","46.72447","-117.18014"
"03/10/2020","AirNow","530750003","4","3.2","ug/m3 LC","13","PULLMAN - DEXTER AVE 4","1","100.0000","88502","Acceptable PM2.5 AQI & Speciation Mass","39420","Pullman, WA","53","Washington","075","Whitman","46.72447","-117.18014"
"03/11/2020","AirNow","530750003","4","1.7","ug/m3 LC","7","PULLMAN - DEXTER AVE 4","1","100.0000","88502","Acceptable PM2.5 AQI & Speciation Mass","39420","Pullman, WA","53","Washington","075","Whitman","46.72447","-117.18014"
"03/12/2020","AirNow","530750003","4","1.9","ug/m3 LC","8","PULLMAN - DEXTER AVE 4","1","100.0000","88502","Acceptable PM2.5 AQI & Speciation Mass","39420","Pullman, WA","53","Washington","075","Whitman","46.72447","-117.18014"
"03/13/2020","AirNow","530750003","4","2.3","ug/m3 LC","10","PULLMAN - DEXTER AVE 4","1","100.0000","88502","Acceptable PM2.5 AQI & Speciation Mass","39420","Pullman, WA","53","Washington","075","Whitman","46.72447","-117.18014"
"03/14/2020","AirNow","530750003","4","3.1","ug/m3 LC","13","PULLMAN - DEXTER AVE 4","1","100.0000","88502","Acceptable PM2.5 AQI & Speciation Mass","39420","Pullman, WA","53","Washington","075","Whitman","46.72447","-117.18014"
"03/15/2020","AirNow","530750003","4","3.9","ug/m3 LC","16","PULLMAN - DEXTER AVE 4","1","100.0000","88502","Acceptable PM2.5 AQI & Speciation Mass","39420","Pullman, WA","53","Washington","075","Whitman","46.72447","-117.18014"
"03/16/2020","AirNow","530750003","4","4.4","ug/m3 LC","18","PULLMAN - DEXTER AVE 4","1","100.0000","88502","Acceptable PM2.5 AQI & Speciation Mass","39420","Pullman, WA","53","Washington","075","Whitman","46.72447","-117.18014"
"03/17/2020","AirNow","530750003","4","4.7","ug/m3 LC","20","PULLMAN - DEXTER AVE 4","1","100.0000","88502","Acceptable PM2.5 AQI & Speciation Mass","39420","Pullman, WA","53","Washington","075","Whitman","46.72447","-117.18014"
"03/18/2020","AirNow","530750003","4","5.4","ug/m3 LC","23","PULLMAN - DEXTER AVE 4","1","100.0000","88502","Acceptable PM2.5 AQI & Speciation Mass","39420","Pullman, WA","53","Washington","075","Whitman","46.72447","-117.18014"
"03/19/2020","AirNow","530750003","4","5.2","ug/m3 LC","22","PULLMAN - DEXTER AVE 4","1","100.0000","88502","Acceptable PM2.5 AQI & Speciation Mass","39420","Pullman, WA","53","Washington","075","Whitman","46.72447","-117.18014"
"03/20/2020","AirNow","530750003","4","4.9","ug/m3 LC","20","PULLMAN - DEXTER AVE 4","1","100.0000","88502","Acceptable PM2.5 AQI & Speciation Mass","39420","Pullman, WA","53","Washington","075","Whitman","46.72447","-117.18014"
"03/21/2020","AirNow","530750003","4","5","ug/m3 LC","21","PULLMAN - DEXTER AVE 4","1","100.0000","88502","Acceptable PM2.5 AQI & Speciation Mass","39420","Pullman, WA","53","Washington","075","Whitman","46.72447","-117.18014"
"03/22/2020","AirNow","530750003","4","3.2","ug/m3 LC","13","PULLMAN - DEXTER AVE 4","1","100.0000","88502","Acceptable PM2.5 AQI & Speciation Mass","39420","Pullman, WA","53","Washington","075","Whitman","46.72447","-117.18014"
"03/23/2020","AirNow","530750003","4","2.2","ug/m3 LC","9","PULLMAN - DEXTER AVE 4","1","100.0000","88502","Acceptable PM2.5 AQI & Speciation Mass","39420","Pullman, WA","53","Washington","075","Whitman","46.72447","-117.18014"
"03/24/2020","AirNow","530750003","4","1.5","ug/m3 LC","6","PULLMAN - DEXTER AVE 4","1","100.0000","88502","Acceptable PM2.5 AQI & Speciation Mass","39420","Pullman, WA","53","Washington","075","Whitman","46.72447","-117.18014"
"03/25/2020","AirNow","530750003","4","1.8","ug/m3 LC","8","PULLMAN - DEXTER AVE 4","1","100.0000","88502","Acceptable PM2.5 AQI & Speciation Mass","39420","Pullman, WA","53","Washington","075","Whitman","46.72447","-117.18014"
"03/26/2020","AirNow","530750003","4","2.3","ug/m3 LC","10","PULLMAN - DEXTER AVE 4","1","100.0000","88502","Acceptable PM2.5 AQI & Speciation Mass","39420","Pullman, WA","53","Washington","075","Whitman","46.72447","-117.18014"
"03/27/2020","AirNow","530750003","4","3.6","ug/m3 LC","15","PULLMAN - DEXTER AVE 4","1","100.0000","88502","Acceptable PM2.5 AQI & Speciation Mass","39420","Pullman, WA","53","Washington","075","Whitman","46.72447","-117.18014"
"03/28/2020","AirNow","530750003","4","1.9","ug/m3 LC","8","PULLMAN - DEXTER AVE 4","1","100.0000","88502","Acceptable PM2.5 AQI & Speciation Mass","39420","Pullman, WA","53","Washington","075","Whitman","46.72447","-117.18014"
"03/29/2020","AirNow","530750003","4","1.2","ug/m3 LC","5","PULLMAN - DEXTER AVE 4","1","100.0000","88502","Acceptable PM2.5 AQI & Speciation Mass","39420","Pullman, WA","53","Washington","075","Whitman","46.72447","-117.18014"
"03/30/2020","AirNow","530750003","4","0.8","ug/m3 LC","3","PULLMAN - DEXTER AVE 4","1","100.0000","88502","Acceptable PM2.5 AQI & Speciation Mass","39420","Pullman, WA","53","Washington","075","Whitman","46.72447","-117.18014"
"03/31/2020","AirNow","530750003","4","0.8","ug/m3 LC","3","PULLMAN - DEXTER AVE 4","1","100.0000","88502","Acceptable PM2.5 AQI & Speciation Mass","39420","Pullman, WA","53","Washington","075","Whitman","46.72447","-117.18014"
"04/01/2020","AirNow","530750003","4","1.3","ug/m3 LC","5","PULLMAN - DEXTER AVE 4","1","100.0000","88502","Acceptable PM2.5 AQI & Speciation Mass","39420","Pullman, WA","53","Washington","075","Whitman","46.72447","-117.18014"
"04/02/2020","AirNow","530750003","4","1.8","ug/m3 LC","8","PULLMAN - DEXTER AVE 4","1","100.0000","88502","Acceptable PM2.5 AQI & Speciation Mass","39420","Pullman, WA","53","Washington","075","Whitman","46.72447","-117.18014"
"04/03/2020","AirNow","530750003","4","1.4","ug/m3 LC","6","PULLMAN - DEXTER AVE 4","1","100.0000","88502","Acceptable PM2.5 AQI & Speciation Mass","39420","Pullman, WA","53","Washington","075","Whitman","46.72447","-117.18014"
"04/04/2020","AirNow","530750003","4","1.3","ug/m3 LC","5","PULLMAN - DEXTER AVE 4","1","100.0000","88502","Acceptable PM2.5 AQI & Speciation Mass","39420","Pullman, WA","53","Washington","075","Whitman","46.72447","-117.18014"
"04/05/2020","AirNow","530750003","4","1.6","ug/m3 LC","7","PULLMAN - DEXTER AVE 4","1","100.0000","88502","Acceptable PM2.5 AQI & Speciation Mass","39420","Pullman, WA","53","Washington","075","Whitman","46.72447","-117.18014"
"04/06/2020","AirNow","530750003","4","2","ug/m3 LC","8","PULLMAN - DEXTER AVE 4","1","100.0000","88502","Acceptable PM2.5 AQI & Speciation Mass","39420","Pullman, WA","53","Washington","075","Whitman","46.72447","-117.18014"
"04/07/2020","AirNow","530750003","4","3","ug/m3 LC","13","PULLMAN - DEXTER AVE 4","1","100.0000","88502","Acceptable PM2.5 AQI & Speciation Mass","39420","Pullman, WA","53","Washington","075","Whitman","46.72447","-117.18014"
"04/08/2020","AirNow","530750003","4","3.8","ug/m3 LC","16","PULLMAN - DEXTER AVE 4","1","100.0000","88502","Acceptable PM2.5 AQI & Speciation Mass","39420","Pullman, WA","53","Washington","075","Whitman","46.72447","-117.18014"
"04/09/2020","AirNow","530750003","4","3.6","ug/m3 LC","15","PULLMAN - DEXTER AVE 4","1","100.0000","88502","Acceptable PM2.5 AQI & Speciation Mass","39420","Pullman, WA","53","Washington","075","Whitman","46.72447","-117.18014"
"04/10/2020","AirNow","530750003","4","2.8","ug/m3 LC","12","PULLMAN - DEXTER AVE 4","1","100.0000","88502","Acceptable PM2.5 AQI & Speciation Mass","39420","Pullman, WA","53","Washington","075","Whitman","46.72447","-117.18014"
"04/11/2020","AirNow","530750003","4","2.2","ug/m3 LC","9","PULLMAN - DEXTER AVE 4","1","100.0000","88502","Acceptable PM2.5 AQI & Speciation Mass","39420","Pullman, WA","53","Washington","075","Whitman","46.72447","-117.18014"
"04/12/2020","AirNow","530750003","4","2.3","ug/m3 LC","10","PULLMAN - DEXTER AVE 4","1","100.0000","88502","Acceptable PM2.5 AQI & Speciation Mass","39420","Pullman, WA","53","Washington","075","Whitman","46.72447","-117.18014"
"04/13/2020","AirNow","530750003","4","2.9","ug/m3 LC","12","PULLMAN - DEXTER AVE 4","1","100.0000","88502","Acceptable PM2.5 AQI & Speciation Mass","39420","Pullman, WA","53","Washington","075","Whitman","46.72447","-117.18014"
"04/14/2020","AirNow","530750003","4","2.4","ug/m3 LC","10","PULLMAN - DEXTER AVE 4","1","100.0000","88502","Acceptable PM2.5 AQI & Speciation Mass","39420","Pullman, WA","53","Washington","075","Whitman","46.72447","-117.18014"
"04/15/2020","AirNow","530750003","4","1.7","ug/m3 LC","7","PULLMAN - DEXTER AVE 4","1","100.0000","88502","Acceptable PM2.5 AQI & Speciation Mass","39420","Pullman, WA","53","Washington","075","Whitman","46.72447","-117.18014"
"04/16/2020","AirNow","530750003","4","1.8","ug/m3 LC","8","PULLMAN - DEXTER AVE 4","1","100.0000","88502","Acceptable PM2.5 AQI & Speciation Mass","39420","Pullman, WA","53","Washington","075","Whitman","46.72447","-117.18014"
"04/17/2020","AirNow","530750003","4","2.8","ug/m3 LC","12","PULLMAN - DEXTER AVE 4","1","100.0000","88502","Acceptable PM2.5 AQI & Speciation Mass","39420","Pullman, WA","53","Washington","075","Whitman","46.72447","-117.18014"
"04/18/2020","AirNow","530750003","4","2.7","ug/m3 LC","11","PULLMAN - DEXTER AVE 4","1","100.0000","88502","Acceptable PM2.5 AQI & Speciation Mass","39420","Pullman, WA","53","Washington","075","Whitman","46.72447","-117.18014"
"04/19/2020","AirNow","530750003","4","2","ug/m3 LC","8","PULLMAN - DEXTER AVE 4","1","100.0000","88502","Acceptable PM2.5 AQI & Speciation Mass","39420","Pullman, WA","53","Washington","075","Whitman","46.72447","-117.18014"
"04/20/2020","AirNow","530750003","4","2.8","ug/m3 LC","12","PULLMAN - DEXTER AVE 4","1","100.0000","88502","Acceptable PM2.5 AQI & Speciation Mass","39420","Pullman, WA","53","Washington","075","Whitman","46.72447","-117.18014"
"04/21/2020","AirNow","530750003","4","2.6","ug/m3 LC","11","PULLMAN - DEXTER AVE 4","1","100.0000","88502","Acceptable PM2.5 AQI & Speciation Mass","39420","Pullman, WA","53","Washington","075","Whitman","46.72447","-117.18014"
"04/22/2020","AirNow","530750003","4","2","ug/m3 LC","8","PULLMAN - DEXTER AVE 4","1","100.0000","88502","Acceptable PM2.5 AQI & Speciation Mass","39420","Pullman, WA","53","Washington","075","Whitman","46.72447","-117.18014"
"04/23/2020","AirNow","530750003","4","1.2","ug/m3 LC","5","PULLMAN - DEXTER AVE 4","1","100.0000","88502","Acceptable PM2.5 AQI & Speciation Mass","39420","Pullman, WA","53","Washington","075","Whitman","46.72447","-117.18014"
"04/24/2020","AirNow","530750003","4","1.5","ug/m3 LC","6","PULLMAN - DEXTER AVE 4","1","100.0000","88502","Acceptable PM2.5 AQI & Speciation Mass","39420","Pullman, WA","53","Washington","075","Whitman","46.72447","-117.18014"
"04/25/2020","AirNow","530750003","4","1.8","ug/m3 LC","8","PULLMAN - DEXTER AVE 4","1","100.0000","88502","Acceptable PM2.5 AQI & Speciation Mass","39420","Pullman, WA","53","Washington","075","Whitman","46.72447","-117.18014"
"04/26/2020","AirNow","530750003","4","2.2","ug/m3 LC","9","PULLMAN - DEXTER AVE 4","1","100.0000","88502","Acceptable PM2.5 AQI & Speciation Mass","39420","Pullman, WA","53","Washington","075","Whitman","46.72447","-117.18014"
"04/27/2020","AirNow","530750003","4","2.2","ug/m3 LC","9","PULLMAN - DEXTER AVE 4","1","100.0000","88502","Acceptable PM2.5 AQI & Speciation Mass","39420","Pullman, WA","53","Washington","075","Whitman","46.72447","-117.18014"
"04/28/2020","AirNow","530750003","4","2","ug/m3 LC","8","PULLMAN - DEXTER AVE 4","1","100.0000","88502","Acceptable PM2.5 AQI & Speciation Mass","39420","Pullman, WA","53","Washington","075","Whitman","46.72447","-117.18014"
"04/29/2020","AirNow","530750003","4","2","ug/m3 LC","8","PULLMAN - DEXTER AVE 4","1","100.0000","88502","Acceptable PM2.5 AQI & Speciation Mass","39420","Pullman, WA","53","Washington","075","Whitman","46.72447","-117.18014"
"04/30/2020","AirNow","530750003","4","1.5","ug/m3 LC","6","PULLMAN - DEXTER AVE 4","1","100.0000","88502","Acceptable PM2.5 AQI & Speciation Mass","39420","Pullman, WA","53","Washington","075","Whitman","46.72447","-117.18014"
"05/01/2020","AirNow","530750003","4","2.2","ug/m3 LC","9","PULLMAN - DEXTER AVE 4","1","100.0000","88502","Acceptable PM2.5 AQI & Speciation Mass","39420","Pullman, WA","53","Washington","075","Whitman","46.72447","-117.18014"
"05/02/2020","AirNow","530750003","4","2.5","ug/m3 LC","10","PULLMAN - DEXTER AVE 4","1","100.0000","88502","Acceptable PM2.5 AQI & Speciation Mass","39420","Pullman, WA","53","Washington","075","Whitman","46.72447","-117.18014"
"01/23/2020","AQS","530750003","8","0.6","ug/m3 LC","3","PULLMAN - DEXTER AVE 4","1","100.0000","88502","Acceptable PM2.5 AQI & Speciation Mass","39420","Pullman, WA","53","Washington","075","Whitman","46.72447","-117.18014"
"01/24/2020","AQS","530750003","8","0.9","ug/m3 LC","4","PULLMAN - DEXTER AVE 4","1","100.0000","88502","Acceptable PM2.5 AQI & Speciation Mass","39420","Pullman, WA","53","Washington","075","Whitman","46.72447","-117.18014"
"01/25/2020","AQS","530750003","8","1.5","ug/m3 LC","6","PULLMAN - DEXTER AVE 4","1","100.0000","88502","Acceptable PM2.5 AQI & Speciation Mass","39420","Pullman, WA","53","Washington","075","Whitman","46.72447","-117.18014"
"01/26/2020","AQS","530750003","8","2.7","ug/m3 LC","11","PULLMAN - DEXTER AVE 4","1","100.0000","88502","Acceptable PM2.5 AQI & Speciation Mass","39420","Pullman, WA","53","Washington","075","Whitman","46.72447","-117.18014"
"01/27/2020","AQS","530750003","8","1.9","ug/m3 LC","8","PULLMAN - DEXTER AVE 4","1","100.0000","88502","Acceptable PM2.5 AQI & Speciation Mass","39420","Pullman, WA","53","Washington","075","Whitman","46.72447","-117.18014"
"01/28/2020","AQS","530750003","8","2.2","ug/m3 LC","9","PULLMAN - DEXTER AVE 4","1","100.0000","88502","Acceptable PM2.5 AQI & Speciation Mass","39420","Pullman, WA","53","Washington","075","Whitman","46.72447","-117.18014"
"01/29/2020","AQS","530750003","8","0.9","ug/m3 LC","4","PULLMAN - DEXTER AVE 4","1","100.0000","88502","Acceptable PM2.5 AQI & Speciation Mass","39420","Pullman, WA","53","Washington","075","Whitman","46.72447","-117.18014"
"01/30/2020","AQS","530750003","8","1.2","ug/m3 LC","5","PULLMAN - DEXTER AVE 4","1","100.0000","88502","Acceptable PM2.5 AQI & Speciation Mass","39420","Pullman, WA","53","Washington","075","Whitman","46.72447","-117.18014"
"01/31/2020","AQS","530750003","8","1.7","ug/m3 LC","7","PULLMAN - DEXTER AVE 4","1","100.0000","88502","Acceptable PM2.5 AQI & Speciation Mass","39420","Pullman, WA","53","Washington","075","Whitman","46.72447","-117.18014"
"01/01/2020","AQS","530750005","4","1.6","ug/m3 LC","7","LACAROSSE - HILL ST","1","100.0000","88502","Acceptable PM2.5 AQI & Speciation Mass","39420","Pullman, WA","53","Washington","075","Whitman","46.8153","-117.8739"
"01/02/2020","AQS","530750005","4","1.9","ug/m3 LC","8","LACAROSSE - HILL ST","1","100.0000","88502","Acceptable PM2.5 AQI & Speciation Mass","39420","Pullman, WA","53","Washington","075","Whitman","46.8153","-117.8739"
"01/03/2020","AQS","530750005","4","1.6","ug/m3 LC","7","LACAROSSE - HILL ST","1","100.0000","88502","Acceptable PM2.5 AQI & Speciation Mass","39420","Pullman, WA","53","Washington","075","Whitman","46.8153","-117.8739"
"01/04/2020","AQS","530750005","4","2.3","ug/m3 LC","10","LACAROSSE - HILL ST","1","100.0000","88502","Acceptable PM2.5 AQI & Speciation Mass","39420","Pullman, WA","53","Washington","075","Whitman","46.8153","-117.8739"
"01/05/2020","AQS","530750005","4","1.9","ug/m3 LC","8","LACAROSSE - HILL ST","1","100.0000","88502","Acceptable PM2.5 AQI & Speciation Mass","39420","Pullman, WA","53","Washington","075","Whitman","46.8153","-117.8739"
"01/06/2020","AQS","530750005","4","1.2","ug/m3 LC","5","LACAROSSE - HILL ST","1","100.0000","88502","Acceptable PM2.5 AQI & Speciation Mass","39420","Pullman, WA","53","Washington","075","Whitman","46.8153","-117.8739"
"01/07/2020","AQS","530750005","4","1.3","ug/m3 LC","5","LACAROSSE - HILL ST","1","100.0000","88502","Acceptable PM2.5 AQI & Speciation Mass","39420","Pullman, WA","53","Washington","075","Whitman","46.8153","-117.8739"
"01/08/2020","AQS","530750005","4","1.6","ug/m3 LC","7","LACAROSSE - HILL ST","1","100.0000","88502","Acceptable PM2.5 AQI & Speciation Mass","39420","Pullman, WA","53","Washington","075","Whitman","46.8153","-117.8739"
"01/09/2020","AQS","530750005","4","3.4","ug/m3 LC","14","LACAROSSE - HILL ST","1","100.0000","88502","Acceptable PM2.5 AQI & Speciation Mass","39420","Pullman, WA","53","Washington","075","Whitman","46.8153","-117.8739"
"01/10/2020","AQS","530750005","4","2.1","ug/m3 LC","9","LACAROSSE - HILL ST","1","100.0000","88502","Acceptable PM2.5 AQI & Speciation Mass","39420","Pullman, WA","53","Washington","075","Whitman","46.8153","-117.8739"
"01/11/2020","AQS","530750005","4","1.7","ug/m3 LC","7","LACAROSSE - HILL ST","1","100.0000","88502","Acceptable PM2.5 AQI & Speciation Mass","39420","Pullman, WA","53","Washington","075","Whitman","46.8153","-117.8739"
"01/12/2020","AQS","530750005","4","1.2","ug/m3 LC","5","LACAROSSE - HILL ST","1","100.0000","88502","Acceptable PM2.5 AQI & Speciation Mass","39420","Pullman, WA","53","Washington","075","Whitman","46.8153","-117.8739"
"01/13/2020","AQS","530750005","4","2.1","ug/m3 LC","9","LACAROSSE - HILL ST","1","100.0000","88502","Acceptable PM2.5 AQI & Speciation Mass","39420","Pullman, WA","53","Washington","075","Whitman","46.8153","-117.8739"
"01/14/2020","AQS","530750005","4","5.5","ug/m3 LC","23","LACAROSSE - HILL ST","1","100.0000","88502","Acceptable PM2.5 AQI & Speciation Mass","39420","Pullman, WA","53","Washington","075","Whitman","46.8153","-117.8739"
"01/15/2020","AQS","530750005","4","2.8","ug/m3 LC","12","LACAROSSE - HILL ST","1","100.0000","88502","Acceptable PM2.5 AQI & Speciation Mass","39420","Pullman, WA","53","Washington","075","Whitman","46.8153","-117.8739"
"01/16/2020","AQS","530750005","4","4.6","ug/m3 LC","19","LACAROSSE - HILL ST","1","100.0000","88502","Acceptable PM2.5 AQI & Speciation Mass","39420","Pullman, WA","53","Washington","075","Whitman","46.8153","-117.8739"
"01/17/2020","AQS","530750005","4","5.5","ug/m3 LC","23","LACAROSSE - HILL ST","1","100.0000","88502","Acceptable PM2.5 AQI & Speciation Mass","39420","Pullman, WA","53","Washington","075","Whitman","46.8153","-117.8739"
"01/18/2020","AQS","530750005","4","2.2","ug/m3 LC","9","LACAROSSE - HILL ST","1","100.0000","88502","Acceptable PM2.5 AQI & Speciation Mass","39420","Pullman, WA","53","Washington","075","Whitman","46.8153","-117.8739"
"01/19/2020","AQS","530750005","4","1.7","ug/m3 LC","7","LACAROSSE - HILL ST","1","100.0000","88502","Acceptable PM2.5 AQI & Speciation Mass","39420","Pullman, WA","53","Washington","075","Whitman","46.8153","-117.8739"
"01/20/2020","AQS","530750005","4","2.3","ug/m3 LC","10","LACAROSSE - HILL ST","1","100.0000","88502","Acceptable PM2.5 AQI & Speciation Mass","39420","Pullman, WA","53","Washington","075","Whitman","46.8153","-117.8739"
"01/21/2020","AQS","530750005","4","2.7","ug/m3 LC","11","LACAROSSE - HILL ST","1","100.0000","88502","Acceptable PM2.5 AQI & Speciation Mass","39420","Pullman, WA","53","Washington","075","Whitman","46.8153","-117.8739"
"01/22/2020","AQS","530750005","4","1.5","ug/m3 LC","6","LACAROSSE - HILL ST","1","100.0000","88502","Acceptable PM2.5 AQI & Speciation Mass","39420","Pullman, WA","53","Washington","075","Whitman","46.8153","-117.8739"
"01/23/2020","AQS","530750005","4","1.4","ug/m3 LC","6","LACAROSSE - HILL ST","1","100.0000","88502","Acceptable PM2.5 AQI & Speciation Mass","39420","Pullman, WA","53","Washington","075","Whitman","46.8153","-117.8739"
"01/24/2020","AQS","530750005","4","1.8","ug/m3 LC","8","LACAROSSE - HILL ST","1","100.0000","88502","Acceptable PM2.5 AQI & Speciation Mass","39420","Pullman, WA","53","Washington","075","Whitman","46.8153","-117.8739"
"01/25/2020","AQS","530750005","4","2.2","ug/m3 LC","9","LACAROSSE - HILL ST","1","100.0000","88502","Acceptable PM2.5 AQI & Speciation Mass","39420","Pullman, WA","53","Washington","075","Whitman","46.8153","-117.8739"
"01/26/2020","AQS","530750005","4","3.8","ug/m3 LC","16","LACAROSSE - HILL ST","1","100.0000","88502","Acceptable PM2.5 AQI & Speciation Mass","39420","Pullman, WA","53","Washington","075","Whitman","46.8153","-117.8739"
"01/27/2020","AQS","530750005","4","1.9","ug/m3 LC","8","LACAROSSE - HILL ST","1","100.0000","88502","Acceptable PM2.5 AQI & Speciation Mass","39420","Pullman, WA","53","Washington","075","Whitman","46.8153","-117.8739"
"01/28/2020","AQS","530750005","4","2.5","ug/m3 LC","10","LACAROSSE - HILL ST","1","100.0000","88502","Acceptable PM2.5 AQI & Speciation Mass","39420","Pullman, WA","53","Washington","075","Whitman","46.8153","-117.8739"
"01/29/2020","AQS","530750005","4","3.1","ug/m3 LC","13","LACAROSSE - HILL ST","1","100.0000","88502","Acceptable PM2.5 AQI & Speciation Mass","39420","Pullman, WA","53","Washington","075","Whitman","46.8153","-117.8739"
"01/30/2020","AQS","530750005","4","3.1","ug/m3 LC","13","LACAROSSE - HILL ST","1","100.0000","88502","Acceptable PM2.5 AQI & Speciation Mass","39420","Pullman, WA","53","Washington","075","Whitman","46.8153","-117.8739"
"01/31/2020","AQS","530750005","4","1.8","ug/m3 LC","8","LACAROSSE - HILL ST","1","100.0000","88502","Acceptable PM2.5 AQI & Speciation Mass","39420","Pullman, WA","53","Washington","075","Whitman","46.8153","-117.8739"
"02/01/2020","AirNow","530750005","4","1.6","ug/m3 LC","7","LACAROSSE - HILL ST","1","100.0000","88502","Acceptable PM2.5 AQI & Speciation Mass","39420","Pullman, WA","53","Washington","075","Whitman","46.8153","-117.8739"
"02/02/2020","AirNow","530750005","4","2","ug/m3 LC","8","LACAROSSE - HILL ST","1","100.0000","88502","Acceptable PM2.5 AQI & Speciation Mass","39420","Pullman, WA","53","Washington","075","Whitman","46.8153","-117.8739"
"02/03/2020","AirNow","530750005","4","2.3","ug/m3 LC","10","LACAROSSE - HILL ST","1","100.0000","88502","Acceptable PM2.5 AQI & Speciation Mass","39420","Pullman, WA","53","Washington","075","Whitman","46.8153","-117.8739"
"02/04/2020","AirNow","530750005","4","2.3","ug/m3 LC","10","LACAROSSE - HILL ST","1","100.0000","88502","Acceptable PM2.5 AQI & Speciation Mass","39420","Pullman, WA","53","Washington","075","Whitman","46.8153","-117.8739"
"02/05/2020","AirNow","530750005","4","1.6","ug/m3 LC","7","LACAROSSE - HILL ST","1","100.0000","88502","Acceptable PM2.5 AQI & Speciation Mass","39420","Pullman, WA","53","Washington","075","Whitman","46.8153","-117.8739"
"02/06/2020","AirNow","530750005","4","2.1","ug/m3 LC","9","LACAROSSE - HILL ST","1","100.0000","88502","Acceptable PM2.5 AQI & Speciation Mass","39420","Pullman, WA","53","Washington","075","Whitman","46.8153","-117.8739"
"02/07/2020","AirNow","530750005","4","2.5","ug/m3 LC","10","LACAROSSE - HILL ST","1","100.0000","88502","Acceptable PM2.5 AQI & Speciation Mass","39420","Pullman, WA","53","Washington","075","Whitman","46.8153","-117.8739"
"02/08/2020","AirNow","530750005","4","1.4","ug/m3 LC","6","LACAROSSE - HILL ST","1","100.0000","88502","Acceptable PM2.5 AQI & Speciation Mass","39420","Pullman, WA","53","Washington","075","Whitman","46.8153","-117.8739"
"02/09/2020","AirNow","530750005","4","2.4","ug/m3 LC","10","LACAROSSE - HILL ST","1","100.0000","88502","Acceptable PM2.5 AQI & Speciation Mass","39420","Pullman, WA","53","Washington","075","Whitman","46.8153","-117.8739"
"02/10/2020","AirNow","530750005","4","2.6","ug/m3 LC","11","LACAROSSE - HILL ST","1","100.0000","88502","Acceptable PM2.5 AQI & Speciation Mass","39420","Pullman, WA","53","Washington","075","Whitman","46.8153","-117.8739"
"02/11/2020","AirNow","530750005","4","2.5","ug/m3 LC","10","LACAROSSE - HILL ST","1","100.0000","88502","Acceptable PM2.5 AQI & Speciation Mass","39420","Pullman, WA","53","Washington","075","Whitman","46.8153","-117.8739"
"02/12/2020","AirNow","530750005","4","2.1","ug/m3 LC","9","LACAROSSE - HILL ST","1","100.0000","88502","Acceptable PM2.5 AQI & Speciation Mass","39420","Pullman, WA","53","Washington","075","Whitman","46.8153","-117.8739"
"02/13/2020","AirNow","530750005","4","2.5","ug/m3 LC","10","LACAROSSE - HILL ST","1","100.0000","88502","Acceptable PM2.5 AQI & Speciation Mass","39420","Pullman, WA","53","Washington","075","Whitman","46.8153","-117.8739"
"02/14/2020","AirNow","530750005","4","1.9","ug/m3 LC","8","LACAROSSE - HILL ST","1","100.0000","88502","Acceptable PM2.5 AQI & Speciation Mass","39420","Pullman, WA","53","Washington","075","Whitman","46.8153","-117.8739"
"02/15/2020","AirNow","530750005","4","1.4","ug/m3 LC","6","LACAROSSE - HILL ST","1","100.0000","88502","Acceptable PM2.5 AQI & Speciation Mass","39420","Pullman, WA","53","Washington","075","Whitman","46.8153","-117.8739"
"02/16/2020","AirNow","530750005","4","1.9","ug/m3 LC","8","LACAROSSE - HILL ST","1","100.0000","88502","Acceptable PM2.5 AQI & Speciation Mass","39420","Pullman, WA","53","Washington","075","Whitman","46.8153","-117.8739"
"02/17/2020","AirNow","530750005","4","1.9","ug/m3 LC","8","LACAROSSE - HILL ST","1","100.0000","88502","Acceptable PM2.5 AQI & Speciation Mass","39420","Pullman, WA","53","Washington","075","Whitman","46.8153","-117.8739"
"02/18/2020","AirNow","530750005","4","2","ug/m3 LC","8","LACAROSSE - HILL ST","1","100.0000","88502","Acceptable PM2.5 AQI & Speciation Mass","39420","Pullman, WA","53","Washington","075","Whitman","46.8153","-117.8739"
"02/19/2020","AirNow","530750005","4","2.3","ug/m3 LC","10","LACAROSSE - HILL ST","1","100.0000","88502","Acceptable PM2.5 AQI & Speciation Mass","39420","Pullman, WA","53","Washington","075","Whitman","46.8153","-117.8739"
"02/20/2020","AirNow","530750005","4","2.6","ug/m3 LC","11","LACAROSSE - HILL ST","1","100.0000","88502","Acceptable PM2.5 AQI & Speciation Mass","39420","Pullman, WA","53","Washington","075","Whitman","46.8153","-117.8739"
"02/21/2020","AirNow","530750005","4","3.5","ug/m3 LC","15","LACAROSSE - HILL ST","1","100.0000","88502","Acceptable PM2.5 AQI & Speciation Mass","39420","Pullman, WA","53","Washington","075","Whitman","46.8153","-117.8739"
"02/22/2020","AirNow","530750005","4","5.4","ug/m3 LC","23","LACAROSSE - HILL ST","1","100.0000","88502","Acceptable PM2.5 AQI & Speciation Mass","39420","Pullman, WA","53","Washington","075","Whitman","46.8153","-117.8739"
"02/23/2020","AirNow","530750005","4","3.1","ug/m3 LC","13","LACAROSSE - HILL ST","1","100.0000","88502","Acceptable PM2.5 AQI & Speciation Mass","39420","Pullman, WA","53","Washington","075","Whitman","46.8153","-117.8739"
"02/24/2020","AirNow","530750005","4","3.3","ug/m3 LC","14","LACAROSSE - HILL ST","1","100.0000","88502","Acceptable PM2.5 AQI & Speciation Mass","39420","Pullman, WA","53","Washington","075","Whitman","46.8153","-117.8739"
"02/25/2020","AirNow","530750005","4","3","ug/m3 LC","13","LACAROSSE - HILL ST","1","100.0000","88502","Acceptable PM2.5 AQI & Speciation Mass","39420","Pullman, WA","53","Washington","075","Whitman","46.8153","-117.8739"
"02/26/2020","AirNow","530750005","4","3.4","ug/m3 LC","14","LACAROSSE - HILL ST","1","100.0000","88502","Acceptable PM2.5 AQI & Speciation Mass","39420","Pullman, WA","53","Washington","075","Whitman","46.8153","-117.8739"
"02/27/2020","AirNow","530750005","4","3.3","ug/m3 LC","14","LACAROSSE - HILL ST","1","100.0000","88502","Acceptable PM2.5 AQI & Speciation Mass","39420","Pullman, WA","53","Washington","075","Whitman","46.8153","-117.8739"
"02/28/2020","AirNow","530750005","4","3","ug/m3 LC","13","LACAROSSE - HILL ST","1","100.0000","88502","Acceptable PM2.5 AQI & Speciation Mass","39420","Pullman, WA","53","Washington","075","Whitman","46.8153","-117.8739"
"02/29/2020","AirNow","530750005","4","2","ug/m3 LC","8","LACAROSSE - HILL ST","1","100.0000","88502","Acceptable PM2.5 AQI & Speciation Mass","39420","Pullman, WA","53","Washington","075","Whitman","46.8153","-117.8739"
"03/01/2020","AirNow","530750005","4","2.5","ug/m3 LC","10","LACAROSSE - HILL ST","1","100.0000","88502","Acceptable PM2.5 AQI & Speciation Mass","39420","Pullman, WA","53","Washington","075","Whitman","46.8153","-117.8739"
"03/02/2020","AirNow","530750005","4","2.9","ug/m3 LC","12","LACAROSSE - HILL ST","1","100.0000","88502","Acceptable PM2.5 AQI & Speciation Mass","39420","Pullman, WA","53","Washington","075","Whitman","46.8153","-117.8739"
"03/03/2020","AirNow","530750005","4","2.2","ug/m3 LC","9","LACAROSSE - HILL ST","1","100.0000","88502","Acceptable PM2.5 AQI & Speciation Mass","39420","Pullman, WA","53","Washington","075","Whitman","46.8153","-117.8739"
"03/04/2020","AirNow","530750005","4","2.6","ug/m3 LC","11","LACAROSSE - HILL ST","1","100.0000","88502","Acceptable PM2.5 AQI & Speciation Mass","39420","Pullman, WA","53","Washington","075","Whitman","46.8153","-117.8739"
"03/05/2020","AirNow","530750005","4","3.1","ug/m3 LC","13","LACAROSSE - HILL ST","1","100.0000","88502","Acceptable PM2.5 AQI & Speciation Mass","39420","Pullman, WA","53","Washington","075","Whitman","46.8153","-117.8739"
"03/06/2020","AirNow","530750005","4","3.8","ug/m3 LC","16","LACAROSSE - HILL ST","1","100.0000","88502","Acceptable PM2.5 AQI & Speciation Mass","39420","Pullman, WA","53","Washington","075","Whitman","46.8153","-117.8739"
"03/07/2020","AirNow","530750005","4","2.3","ug/m3 LC","10","LACAROSSE - HILL ST","1","100.0000","88502","Acceptable PM2.5 AQI & Speciation Mass","39420","Pullman, WA","53","Washington","075","Whitman","46.8153","-117.8739"
"03/08/2020","AirNow","530750005","4","1.7","ug/m3 LC","7","LACAROSSE - HILL ST","1","100.0000","88502","Acceptable PM2.5 AQI & Speciation Mass","39420","Pullman, WA","53","Washington","075","Whitman","46.8153","-117.8739"
"03/09/2020","AirNow","530750005","4","2.5","ug/m3 LC","10","LACAROSSE - HILL ST","1","100.0000","88502","Acceptable PM2.5 AQI & Speciation Mass","39420","Pullman, WA","53","Washington","075","Whitman","46.8153","-117.8739"
"03/10/2020","AirNow","530750005","4","2.7","ug/m3 LC","11","LACAROSSE - HILL ST","1","100.0000","88502","Acceptable PM2.5 AQI & Speciation Mass","39420","Pullman, WA","53","Washington","075","Whitman","46.8153","-117.8739"
"03/11/2020","AirNow","530750005","4","2.5","ug/m3 LC","10","LACAROSSE - HILL ST","1","100.0000","88502","Acceptable PM2.5 AQI & Speciation Mass","39420","Pullman, WA","53","Washington","075","Whitman","46.8153","-117.8739"
"03/12/2020","AirNow","530750005","4","2.4","ug/m3 LC","10","LACAROSSE - HILL ST","1","100.0000","88502","Acceptable PM2.5 AQI & Speciation Mass","39420","Pullman, WA","53","Washington","075","Whitman","46.8153","-117.8739"
"03/13/2020","AirNow","530750005","4","3.1","ug/m3 LC","13","LACAROSSE - HILL ST","1","100.0000","88502","Acceptable PM2.5 AQI & Speciation Mass","39420","Pullman, WA","53","Washington","075","Whitman","46.8153","-117.8739"
"03/14/2020","AirNow","530750005","4","3.7","ug/m3 LC","15","LACAROSSE - HILL ST","1","100.0000","88502","Acceptable PM2.5 AQI & Speciation Mass","39420","Pullman, WA","53","Washington","075","Whitman","46.8153","-117.8739"
"03/15/2020","AirNow","530750005","4","3.8","ug/m3 LC","16","LACAROSSE - HILL ST","1","100.0000","88502","Acceptable PM2.5 AQI & Speciation Mass","39420","Pullman, WA","53","Washington","075","Whitman","46.8153","-117.8739"
"03/16/2020","AirNow","530750005","4","5.9","ug/m3 LC","25","LACAROSSE - HILL ST","1","100.0000","88502","Acceptable PM2.5 AQI & Speciation Mass","39420","Pullman, WA","53","Washington","075","Whitman","46.8153","-117.8739"
"03/17/2020","AirNow","530750005","4","6.9","ug/m3 LC","29","LACAROSSE - HILL ST","1","100.0000","88502","Acceptable PM2.5 AQI & Speciation Mass","39420","Pullman, WA","53","Washington","075","Whitman","46.8153","-117.8739"
"03/18/2020","AirNow","530750005","4","7.4","ug/m3 LC","31","LACAROSSE - HILL ST","1","100.0000","88502","Acceptable PM2.5 AQI & Speciation Mass","39420","Pullman, WA","53","Washington","075","Whitman","46.8153","-117.8739"
"03/19/2020","AirNow","530750005","4","7.3","ug/m3 LC","30","LACAROSSE - HILL ST","1","100.0000","88502","Acceptable PM2.5 AQI & Speciation Mass","39420","Pullman, WA","53","Washington","075","Whitman","46.8153","-117.8739"
"03/20/2020","AirNow","530750005","4","6.5","ug/m3 LC","27","LACAROSSE - HILL ST","1","100.0000","88502","Acceptable PM2.5 AQI & Speciation Mass","39420","Pullman, WA","53","Washington","075","Whitman","46.8153","-117.8739"
"03/21/2020","AirNow","530750005","4","5.3","ug/m3 LC","22","LACAROSSE - HILL ST","1","100.0000","88502","Acceptable PM2.5 AQI & Speciation Mass","39420","Pullman, WA","53","Washington","075","Whitman","46.8153","-117.8739"
"03/22/2020","AirNow","530750005","4","4.7","ug/m3 LC","20","LACAROSSE - HILL ST","1","100.0000","88502","Acceptable PM2.5 AQI & Speciation Mass","39420","Pullman, WA","53","Washington","075","Whitman","46.8153","-117.8739"
"03/23/2020","AirNow","530750005","4","3.4","ug/m3 LC","14","LACAROSSE - HILL ST","1","100.0000","88502","Acceptable PM2.5 AQI & Speciation Mass","39420","Pullman, WA","53","Washington","075","Whitman","46.8153","-117.8739"
"03/24/2020","AirNow","530750005","4","2","ug/m3 LC","8","LACAROSSE - HILL ST","1","100.0000","88502","Acceptable PM2.5 AQI & Speciation Mass","39420","Pullman, WA","53","Washington","075","Whitman","46.8153","-117.8739"
"03/25/2020","AirNow","530750005","4","2.6","ug/m3 LC","11","LACAROSSE - HILL ST","1","100.0000","88502","Acceptable PM2.5 AQI & Speciation Mass","39420","Pullman, WA","53","Washington","075","Whitman","46.8153","-117.8739"
"03/26/2020","AirNow","530750005","4","3","ug/m3 LC","13","LACAROSSE - HILL ST","1","100.0000","88502","Acceptable PM2.5 AQI & Speciation Mass","39420","Pullman, WA","53","Washington","075","Whitman","46.8153","-117.8739"
"03/27/2020","AirNow","530750005","4","4.6","ug/m3 LC","19","LACAROSSE - HILL ST","1","100.0000","88502","Acceptable PM2.5 AQI & Speciation Mass","39420","Pullman, WA","53","Washington","075","Whitman","46.8153","-117.8739"
"03/28/2020","AirNow","530750005","4","1.7","ug/m3 LC","7","LACAROSSE - HILL ST","1","100.0000","88502","Acceptable PM2.5 AQI & Speciation Mass","39420","Pullman, WA","53","Washington","075","Whitman","46.8153","-117.8739"
"03/29/2020","AirNow","530750005","4","1.6","ug/m3 LC","7","LACAROSSE - HILL ST","1","100.0000","88502","Acceptable PM2.5 AQI & Speciation Mass","39420","Pullman, WA","53","Washington","075","Whitman","46.8153","-117.8739"
"03/30/2020","AirNow","530750005","4","1.6","ug/m3 LC","7","LACAROSSE - HILL ST","1","100.0000","88502","Acceptable PM2.5 AQI & Speciation Mass","39420","Pullman, WA","53","Washington","075","Whitman","46.8153","-117.8739"
"03/31/2020","AirNow","530750005","4","1.5","ug/m3 LC","6","LACAROSSE - HILL ST","1","100.0000","88502","Acceptable PM2.5 AQI & Speciation Mass","39420","Pullman, WA","53","Washington","075","Whitman","46.8153","-117.8739"
"04/01/2020","AirNow","530750005","4","2.1","ug/m3 LC","9","LACAROSSE - HILL ST","1","100.0000","88502","Acceptable PM2.5 AQI & Speciation Mass","39420","Pullman, WA","53","Washington","075","Whitman","46.8153","-117.8739"
"04/02/2020","AirNow","530750005","4","2.6","ug/m3 LC","11","LACAROSSE - HILL ST","1","100.0000","88502","Acceptable PM2.5 AQI & Speciation Mass","39420","Pullman, WA","53","Washington","075","Whitman","46.8153","-117.8739"
"04/03/2020","AirNow","530750005","4","2.6","ug/m3 LC","11","LACAROSSE - HILL ST","1","100.0000","88502","Acceptable PM2.5 AQI & Speciation Mass","39420","Pullman, WA","53","Washington","075","Whitman","46.8153","-117.8739"
"04/04/2020","AirNow","530750005","4","2.2","ug/m3 LC","9","LACAROSSE - HILL ST","1","100.0000","88502","Acceptable PM2.5 AQI & Speciation Mass","39420","Pullman, WA","53","Washington","075","Whitman","46.8153","-117.8739"
"04/05/2020","AirNow","530750005","4","2.9","ug/m3 LC","12","LACAROSSE - HILL ST","1","100.0000","88502","Acceptable PM2.5 AQI & Speciation Mass","39420","Pullman, WA","53","Washington","075","Whitman","46.8153","-117.8739"
"04/06/2020","AirNow","530750005","4","3.4","ug/m3 LC","14","LACAROSSE - HILL ST","1","100.0000","88502","Acceptable PM2.5 AQI & Speciation Mass","39420","Pullman, WA","53","Washington","075","Whitman","46.8153","-117.8739"
"04/07/2020","AirNow","530750005","4","4.6","ug/m3 LC","19","LACAROSSE - HILL ST","1","100.0000","88502","Acceptable PM2.5 AQI & Speciation Mass","39420","Pullman, WA","53","Washington","075","Whitman","46.8153","-117.8739"
"04/08/2020","AirNow","530750005","4","4.7","ug/m3 LC","20","LACAROSSE - HILL ST","1","100.0000","88502","Acceptable PM2.5 AQI & Speciation Mass","39420","Pullman, WA","53","Washington","075","Whitman","46.8153","-117.8739"
"04/09/2020","AirNow","530750005","4","4.4","ug/m3 LC","18","LACAROSSE - HILL ST","1","100.0000","88502","Acceptable PM2.5 AQI & Speciation Mass","39420","Pullman, WA","53","Washington","075","Whitman","46.8153","-117.8739"
"04/10/2020","AirNow","530750005","4","4.4","ug/m3 LC","18","LACAROSSE - HILL ST","1","100.0000","88502","Acceptable PM2.5 AQI & Speciation Mass","39420","Pullman, WA","53","Washington","075","Whitman","46.8153","-117.8739"
"04/11/2020","AirNow","530750005","4","3.5","ug/m3 LC","15","LACAROSSE - HILL ST","1","100.0000","88502","Acceptable PM2.5 AQI & Speciation Mass","39420","Pullman, WA","53","Washington","075","Whitman","46.8153","-117.8739"
"04/12/2020","AirNow","530750005","4","3","ug/m3 LC","13","LACAROSSE - HILL ST","1","100.0000","88502","Acceptable PM2.5 AQI & Speciation Mass","39420","Pullman, WA","53","Washington","075","Whitman","46.8153","-117.8739"
"04/13/2020","AirNow","530750005","4","3.9","ug/m3 LC","16","LACAROSSE - HILL ST","1","100.0000","88502","Acceptable PM2.5 AQI & Speciation Mass","39420","Pullman, WA","53","Washington","075","Whitman","46.8153","-117.8739"
"04/14/2020","AirNow","530750005","4","3.8","ug/m3 LC","16","LACAROSSE - HILL ST","1","100.0000","88502","Acceptable PM2.5 AQI & Speciation Mass","39420","Pullman, WA","53","Washington","075","Whitman","46.8153","-117.8739"
"04/15/2020","AirNow","530750005","4","2.4","ug/m3 LC","10","LACAROSSE - HILL ST","1","100.0000","88502","Acceptable PM2.5 AQI & Speciation Mass","39420","Pullman, WA","53","Washington","075","Whitman","46.8153","-117.8739"
"04/16/2020","AirNow","530750005","4","2.6","ug/m3 LC","11","LACAROSSE - HILL ST","1","100.0000","88502","Acceptable PM2.5 AQI & Speciation Mass","39420","Pullman, WA","53","Washington","075","Whitman","46.8153","-117.8739"
"04/17/2020","AirNow","530750005","4","3.4","ug/m3 LC","14","LACAROSSE - HILL ST","1","100.0000","88502","Acceptable PM2.5 AQI & Speciation Mass","39420","Pullman, WA","53","Washington","075","Whitman","46.8153","-117.8739"
"04/18/2020","AirNow","530750005","4","4","ug/m3 LC","17","LACAROSSE - HILL ST","1","100.0000","88502","Acceptable PM2.5 AQI & Speciation Mass","39420","Pullman, WA","53","Washington","075","Whitman","46.8153","-117.8739"
"04/19/2020","AirNow","530750005","4","2.9","ug/m3 LC","12","LACAROSSE - HILL ST","1","100.0000","88502","Acceptable PM2.5 AQI & Speciation Mass","39420","Pullman, WA","53","Washington","075","Whitman","46.8153","-117.8739"
"04/20/2020","AirNow","530750005","4","3.5","ug/m3 LC","15","LACAROSSE - HILL ST","1","100.0000","88502","Acceptable PM2.5 AQI & Speciation Mass","39420","Pullman, WA","53","Washington","075","Whitman","46.8153","-117.8739"
"04/21/2020","AirNow","530750005","4","3.8","ug/m3 LC","16","LACAROSSE - HILL ST","1","100.0000","88502","Acceptable PM2.5 AQI & Speciation Mass","39420","Pullman, WA","53","Washington","075","Whitman","46.8153","-117.8739"
"04/22/2020","AirNow","530750005","4","3.4","ug/m3 LC","14","LACAROSSE - HILL ST","1","100.0000","88502","Acceptable PM2.5 AQI & Speciation Mass","39420","Pullman, WA","53","Washington","075","Whitman","46.8153","-117.8739"
"04/23/2020","AirNow","530750005","4","2.5","ug/m3 LC","10","LACAROSSE - HILL ST","1","100.0000","88502","Acceptable PM2.5 AQI & Speciation Mass","39420","Pullman, WA","53","Washington","075","Whitman","46.8153","-117.8739"
"04/24/2020","AirNow","530750005","4","2.7","ug/m3 LC","11","LACAROSSE - HILL ST","1","100.0000","88502","Acceptable PM2.5 AQI & Speciation Mass","39420","Pullman, WA","53","Washington","075","Whitman","46.8153","-117.8739"
"04/25/2020","AirNow","530750005","4","3.1","ug/m3 LC","13","LACAROSSE - HILL ST","1","100.0000","88502","Acceptable PM2.5 AQI & Speciation Mass","39420","Pullman, WA","53","Washington","075","Whitman","46.8153","-117.8739"
"04/26/2020","AirNow","530750005","4","3.6","ug/m3 LC","15","LACAROSSE - HILL ST","1","100.0000","88502","Acceptable PM2.5 AQI & Speciation Mass","39420","Pullman, WA","53","Washington","075","Whitman","46.8153","-117.8739"
"04/27/2020","AirNow","530750005","4","3.3","ug/m3 LC","14","LACAROSSE - HILL ST","1","100.0000","88502","Acceptable PM2.5 AQI & Speciation Mass","39420","Pullman, WA","53","Washington","075","Whitman","46.8153","-117.8739"
"04/28/2020","AirNow","530750005","4","2.6","ug/m3 LC","11","LACAROSSE - HILL ST","1","100.0000","88502","Acceptable PM2.5 AQI & Speciation Mass","39420","Pullman, WA","53","Washington","075","Whitman","46.8153","-117.8739"
"04/29/2020","AirNow","530750005","4","3","ug/m3 LC","13","LACAROSSE - HILL ST","1","100.0000","88502","Acceptable PM2.5 AQI & Speciation Mass","39420","Pullman, WA","53","Washington","075","Whitman","46.8153","-117.8739"
"04/30/2020","AirNow","530750005","4","2.1","ug/m3 LC","9","LACAROSSE - HILL ST","1","100.0000","88502","Acceptable PM2.5 AQI & Speciation Mass","39420","Pullman, WA","53","Washington","075","Whitman","46.8153","-117.8739"
"05/01/2020","AirNow","530750005","4","2.4","ug/m3 LC","10","LACAROSSE - HILL ST","1","100.0000","88502","Acceptable PM2.5 AQI & Speciation Mass","39420","Pullman, WA","53","Washington","075","Whitman","46.8153","-117.8739"
"05/02/2020","AirNow","530750005","4","3.3","ug/m3 LC","14","LACAROSSE - HILL ST","1","100.0000","88502","Acceptable PM2.5 AQI & Speciation Mass","39420","Pullman, WA","53","Washington","075","Whitman","46.8153","-117.8739"
"01/01/2020","AQS","530750006","4","1.2","ug/m3 LC","5","ROSALIA - JOSEPHINE ST","1","100.0000","88502","Acceptable PM2.5 AQI & Speciation Mass","39420","Pullman, WA","53","Washington","075","Whitman","47.23136","-117.36856"
"01/02/2020","AQS","530750006","4","1.4","ug/m3 LC","6","ROSALIA - JOSEPHINE ST","1","100.0000","88502","Acceptable PM2.5 AQI & Speciation Mass","39420","Pullman, WA","53","Washington","075","Whitman","47.23136","-117.36856"
"01/03/2020","AQS","530750006","4","1.5","ug/m3 LC","6","ROSALIA - JOSEPHINE ST","1","100.0000","88502","Acceptable PM2.5 AQI & Speciation Mass","39420","Pullman, WA","53","Washington","075","Whitman","47.23136","-117.36856"
"01/04/2020","AQS","530750006","4","2.2","ug/m3 LC","9","ROSALIA - JOSEPHINE ST","1","100.0000","88502","Acceptable PM2.5 AQI & Speciation Mass","39420","Pullman, WA","53","Washington","075","Whitman","47.23136","-117.36856"
"01/05/2020","AQS","530750006","4","1.7","ug/m3 LC","7","ROSALIA - JOSEPHINE ST","1","100.0000","88502","Acceptable PM2.5 AQI & Speciation Mass","39420","Pullman, WA","53","Washington","075","Whitman","47.23136","-117.36856"
"01/06/2020","AQS","530750006","4","0.9","ug/m3 LC","4","ROSALIA - JOSEPHINE ST","1","100.0000","88502","Acceptable PM2.5 AQI & Speciation Mass","39420","Pullman, WA","53","Washington","075","Whitman","47.23136","-117.36856"
"01/07/2020","AQS","530750006","4","1.2","ug/m3 LC","5","ROSALIA - JOSEPHINE ST","1","100.0000","88502","Acceptable PM2.5 AQI & Speciation Mass","39420","Pullman, WA","53","Washington","075","Whitman","47.23136","-117.36856"
"01/08/2020","AQS","530750006","4","1.1","ug/m3 LC","5","ROSALIA - JOSEPHINE ST","1","100.0000","88502","Acceptable PM2.5 AQI & Speciation Mass","39420","Pullman, WA","53","Washington","075","Whitman","47.23136","-117.36856"
"01/09/2020","AQS","530750006","4","2.2","ug/m3 LC","9","ROSALIA - JOSEPHINE ST","1","100.0000","88502","Acceptable PM2.5 AQI & Speciation Mass","39420","Pullman, WA","53","Washington","075","Whitman","47.23136","-117.36856"
"01/10/2020","AQS","530750006","4","2.3","ug/m3 LC","10","ROSALIA - JOSEPHINE ST","1","100.0000","88502","Acceptable PM2.5 AQI & Speciation Mass","39420","Pullman, WA","53","Washington","075","Whitman","47.23136","-117.36856"
"01/11/2020","AQS","530750006","4","1.8","ug/m3 LC","8","ROSALIA - JOSEPHINE ST","1","100.0000","88502","Acceptable PM2.5 AQI & Speciation Mass","39420","Pullman, WA","53","Washington","075","Whitman","47.23136","-117.36856"
"01/12/2020","AQS","530750006","4","1.1","ug/m3 LC","5","ROSALIA - JOSEPHINE ST","1","100.0000","88502","Acceptable PM2.5 AQI & Speciation Mass","39420","Pullman, WA","53","Washington","075","Whitman","47.23136","-117.36856"
"01/13/2020","AQS","530750006","4","2.2","ug/m3 LC","9","ROSALIA - JOSEPHINE ST","1","100.0000","88502","Acceptable PM2.5 AQI & Speciation Mass","39420","Pullman, WA","53","Washington","075","Whitman","47.23136","-117.36856"
"01/14/2020","AQS","530750006","4","4.7","ug/m3 LC","20","ROSALIA - JOSEPHINE ST","1","100.0000","88502","Acceptable PM2.5 AQI & Speciation Mass","39420","Pullman, WA","53","Washington","075","Whitman","47.23136","-117.36856"
"01/15/2020","AQS","530750006","4","2.3","ug/m3 LC","10","ROSALIA - JOSEPHINE ST","1","100.0000","88502","Acceptable PM2.5 AQI & Speciation Mass","39420","Pullman, WA","53","Washington","075","Whitman","47.23136","-117.36856"
"01/16/2020","AQS","530750006","4","2.9","ug/m3 LC","12","ROSALIA - JOSEPHINE ST","1","100.0000","88502","Acceptable PM2.5 AQI & Speciation Mass","39420","Pullman, WA","53","Washington","075","Whitman","47.23136","-117.36856"
"01/17/2020","AQS","530750006","4","5.8","ug/m3 LC","24","ROSALIA - JOSEPHINE ST","1","100.0000","88502","Acceptable PM2.5 AQI & Speciation Mass","39420","Pullman, WA","53","Washington","075","Whitman","47.23136","-117.36856"
"01/18/2020","AQS","530750006","4","1.6","ug/m3 LC","7","ROSALIA - JOSEPHINE ST","1","100.0000","88502","Acceptable PM2.5 AQI & Speciation Mass","39420","Pullman, WA","53","Washington","075","Whitman","47.23136","-117.36856"
"01/19/2020","AQS","530750006","4","2.2","ug/m3 LC","9","ROSALIA - JOSEPHINE ST","1","100.0000","88502","Acceptable PM2.5 AQI & Speciation Mass","39420","Pullman, WA","53","Washington","075","Whitman","47.23136","-117.36856"
"01/20/2020","AQS","530750006","4","3.6","ug/m3 LC","15","ROSALIA - JOSEPHINE ST","1","100.0000","88502","Acceptable PM2.5 AQI & Speciation Mass","39420","Pullman, WA","53","Washington","075","Whitman","47.23136","-117.36856"
"01/21/2020","AQS","530750006","4","2.1","ug/m3 LC","9","ROSALIA - JOSEPHINE ST","1","100.0000","88502","Acceptable PM2.5 AQI & Speciation Mass","39420","Pullman, WA","53","Washington","075","Whitman","47.23136","-117.36856"
"01/22/2020","AQS","530750006","4","1.3","ug/m3 LC","5","ROSALIA - JOSEPHINE ST","1","100.0000","88502","Acceptable PM2.5 AQI & Speciation Mass","39420","Pullman, WA","53","Washington","075","Whitman","47.23136","-117.36856"
"01/23/2020","AQS","530750006","4","0.9","ug/m3 LC","4","ROSALIA - JOSEPHINE ST","1","100.0000","88502","Acceptable PM2.5 AQI & Speciation Mass","39420","Pullman, WA","53","Washington","075","Whitman","47.23136","-117.36856"
"01/24/2020","AQS","530750006","4","1.3","ug/m3 LC","5","ROSALIA - JOSEPHINE ST","1","100.0000","88502","Acceptable PM2.5 AQI & Speciation Mass","39420","Pullman, WA","53","Washington","075","Whitman","47.23136","-117.36856"
"01/25/2020","AQS","530750006","4","1.8","ug/m3 LC","8","ROSALIA - JOSEPHINE ST","1","100.0000","88502","Acceptable PM2.5 AQI & Speciation Mass","39420","Pullman, WA","53","Washington","075","Whitman","47.23136","-117.36856"
"01/26/2020","AQS","530750006","4","3.2","ug/m3 LC","13","ROSALIA - JOSEPHINE ST","1","100.0000","88502","Acceptable PM2.5 AQI & Speciation Mass","39420","Pullman, WA","53","Washington","075","Whitman","47.23136","-117.36856"
"01/27/2020","AQS","530750006","4","1.6","ug/m3 LC","7","ROSALIA - JOSEPHINE ST","1","100.0000","88502","Acceptable PM2.5 AQI & Speciation Mass","39420","Pullman, WA","53","Washington","075","Whitman","47.23136","-117.36856"
"01/28/2020","AQS","530750006","4","1.7","ug/m3 LC","7","ROSALIA - JOSEPHINE ST","1","100.0000","88502","Acceptable PM2.5 AQI & Speciation Mass","39420","Pullman, WA","53","Washington","075","Whitman","47.23136","-117.36856"
"01/29/2020","AQS","530750006","4","2.6","ug/m3 LC","11","ROSALIA - JOSEPHINE ST","1","100.0000","88502","Acceptable PM2.5 AQI & Speciation Mass","39420","Pullman, WA","53","Washington","075","Whitman","47.23136","-117.36856"
"01/30/2020","AQS","530750006","4","3","ug/m3 LC","13","ROSALIA - JOSEPHINE ST","1","100.0000","88502","Acceptable PM2.5 AQI & Speciation Mass","39420","Pullman, WA","53","Washington","075","Whitman","47.23136","-117.36856"
"01/31/2020","AQS","530750006","4","1.3","ug/m3 LC","5","ROSALIA - JOSEPHINE ST","1","100.0000","88502","Acceptable PM2.5 AQI & Speciation Mass","39420","Pullman, WA","53","Washington","075","Whitman","47.23136","-117.36856"
"02/01/2020","AirNow","530750006","4","1","ug/m3 LC","4","ROSALIA - JOSEPHINE ST","1","100.0000","88502","Acceptable PM2.5 AQI & Speciation Mass","39420","Pullman, WA","53","Washington","075","Whitman","47.23136","-117.36856"
"02/02/2020","AirNow","530750006","4","2.2","ug/m3 LC","9","ROSALIA - JOSEPHINE ST","1","100.0000","88502","Acceptable PM2.5 AQI & Speciation Mass","39420","Pullman, WA","53","Washington","075","Whitman","47.23136","-117.36856"
"02/03/2020","AirNow","530750006","4","3.3","ug/m3 LC","14","ROSALIA - JOSEPHINE ST","1","100.0000","88502","Acceptable PM2.5 AQI & Speciation Mass","39420","Pullman, WA","53","Washington","075","Whitman","47.23136","-117.36856"
"02/04/2020","AirNow","530750006","4","2.3","ug/m3 LC","10","ROSALIA - JOSEPHINE ST","1","100.0000","88502","Acceptable PM2.5 AQI & Speciation Mass","39420","Pullman, WA","53","Washington","075","Whitman","47.23136","-117.36856"
"02/05/2020","AirNow","530750006","4","1.2","ug/m3 LC","5","ROSALIA - JOSEPHINE ST","1","100.0000","88502","Acceptable PM2.5 AQI & Speciation Mass","39420","Pullman, WA","53","Washington","075","Whitman","47.23136","-117.36856"
"02/06/2020","AirNow","530750006","4","3","ug/m3 LC","13","ROSALIA - JOSEPHINE ST","1","100.0000","88502","Acceptable PM2.5 AQI & Speciation Mass","39420","Pullman, WA","53","Washington","075","Whitman","47.23136","-117.36856"
"02/07/2020","AirNow","530750006","4","1.5","ug/m3 LC","6","ROSALIA - JOSEPHINE ST","1","100.0000","88502","Acceptable PM2.5 AQI & Speciation Mass","39420","Pullman, WA","53","Washington","075","Whitman","47.23136","-117.36856"
"02/08/2020","AirNow","530750006","4","1.5","ug/m3 LC","6","ROSALIA - JOSEPHINE ST","1","100.0000","88502","Acceptable PM2.5 AQI & Speciation Mass","39420","Pullman, WA","53","Washington","075","Whitman","47.23136","-117.36856"
"02/09/2020","AirNow","530750006","4","2.9","ug/m3 LC","12","ROSALIA - JOSEPHINE ST","1","100.0000","88502","Acceptable PM2.5 AQI & Speciation Mass","39420","Pullman, WA","53","Washington","075","Whitman","47.23136","-117.36856"
"02/10/2020","AirNow","530750006","4","2","ug/m3 LC","8","ROSALIA - JOSEPHINE ST","1","100.0000","88502","Acceptable PM2.5 AQI & Speciation Mass","39420","Pullman, WA","53","Washington","075","Whitman","47.23136","-117.36856"
"02/11/2020","AirNow","530750006","4","2.6","ug/m3 LC","11","ROSALIA - JOSEPHINE ST","1","100.0000","88502","Acceptable PM2.5 AQI & Speciation Mass","39420","Pullman, WA","53","Washington","075","Whitman","47.23136","-117.36856"
"02/12/2020","AirNow","530750006","4","2.3","ug/m3 LC","10","ROSALIA - JOSEPHINE ST","1","100.0000","88502","Acceptable PM2.5 AQI & Speciation Mass","39420","Pullman, WA","53","Washington","075","Whitman","47.23136","-117.36856"
"02/13/2020","AirNow","530750006","4","1.9","ug/m3 LC","8","ROSALIA - JOSEPHINE ST","1","100.0000","88502","Acceptable PM2.5 AQI & Speciation Mass","39420","Pullman, WA","53","Washington","075","Whitman","47.23136","-117.36856"
"02/14/2020","AirNow","530750006","4","1.8","ug/m3 LC","8","ROSALIA - JOSEPHINE ST","1","100.0000","88502","Acceptable PM2.5 AQI & Speciation Mass","39420","Pullman, WA","53","Washington","075","Whitman","47.23136","-117.36856"
"02/15/2020","AirNow","530750006","4","1.3","ug/m3 LC","5","ROSALIA - JOSEPHINE ST","1","100.0000","88502","Acceptable PM2.5 AQI & Speciation Mass","39420","Pullman, WA","53","Washington","075","Whitman","47.23136","-117.36856"
"02/16/2020","AirNow","530750006","4","1.4","ug/m3 LC","6","ROSALIA - JOSEPHINE ST","1","100.0000","88502","Acceptable PM2.5 AQI & Speciation Mass","39420","Pullman, WA","53","Washington","075","Whitman","47.23136","-117.36856"
"02/17/2020","AirNow","530750006","4","1.3","ug/m3 LC","5","ROSALIA - JOSEPHINE ST","1","100.0000","88502","Acceptable PM2.5 AQI & Speciation Mass","39420","Pullman, WA","53","Washington","075","Whitman","47.23136","-117.36856"
"02/18/2020","AirNow","530750006","4","2.4","ug/m3 LC","10","ROSALIA - JOSEPHINE ST","1","100.0000","88502","Acceptable PM2.5 AQI & Speciation Mass","39420","Pullman, WA","53","Washington","075","Whitman","47.23136","-117.36856"
"02/19/2020","AirNow","530750006","4","2.8","ug/m3 LC","12","ROSALIA - JOSEPHINE ST","1","100.0000","88502","Acceptable PM2.5 AQI & Speciation Mass","39420","Pullman, WA","53","Washington","075","Whitman","47.23136","-117.36856"
"02/20/2020","AirNow","530750006","4","3","ug/m3 LC","13","ROSALIA - JOSEPHINE ST","1","100.0000","88502","Acceptable PM2.5 AQI & Speciation Mass","39420","Pullman, WA","53","Washington","075","Whitman","47.23136","-117.36856"
"02/21/2020","AirNow","530750006","4","3.7","ug/m3 LC","15","ROSALIA - JOSEPHINE ST","1","100.0000","88502","Acceptable PM2.5 AQI & Speciation Mass","39420","Pullman, WA","53","Washington","075","Whitman","47.23136","-117.36856"
"02/22/2020","AirNow","530750006","4","5.4","ug/m3 LC","23","ROSALIA - JOSEPHINE ST","1","100.0000","88502","Acceptable PM2.5 AQI & Speciation Mass","39420","Pullman, WA","53","Washington","075","Whitman","47.23136","-117.36856"
"02/23/2020","AirNow","530750006","4","3.2","ug/m3 LC","13","ROSALIA - JOSEPHINE ST","1","100.0000","88502","Acceptable PM2.5 AQI & Speciation Mass","39420","Pullman, WA","53","Washington","075","Whitman","47.23136","-117.36856"
"02/24/2020","AirNow","530750006","4","2.5","ug/m3 LC","10","ROSALIA - JOSEPHINE ST","1","100.0000","88502","Acceptable PM2.5 AQI & Speciation Mass","39420","Pullman, WA","53","Washington","075","Whitman","47.23136","-117.36856"
"02/25/2020","AirNow","530750006","4","2.8","ug/m3 LC","12","ROSALIA - JOSEPHINE ST","1","100.0000","88502","Acceptable PM2.5 AQI & Speciation Mass","39420","Pullman, WA","53","Washington","075","Whitman","47.23136","-117.36856"
"02/26/2020","AirNow","530750006","4","2.9","ug/m3 LC","12","ROSALIA - JOSEPHINE ST","1","100.0000","88502","Acceptable PM2.5 AQI & Speciation Mass","39420","Pullman, WA","53","Washington","075","Whitman","47.23136","-117.36856"
"02/27/2020","AirNow","530750006","4","2.8","ug/m3 LC","12","ROSALIA - JOSEPHINE ST","1","100.0000","88502","Acceptable PM2.5 AQI & Speciation Mass","39420","Pullman, WA","53","Washington","075","Whitman","47.23136","-117.36856"
"02/28/2020","AirNow","530750006","4","2.5","ug/m3 LC","10","ROSALIA - JOSEPHINE ST","1","100.0000","88502","Acceptable PM2.5 AQI & Speciation Mass","39420","Pullman, WA","53","Washington","075","Whitman","47.23136","-117.36856"
"02/29/2020","AirNow","530750006","4","1.4","ug/m3 LC","6","ROSALIA - JOSEPHINE ST","1","100.0000","88502","Acceptable PM2.5 AQI & Speciation Mass","39420","Pullman, WA","53","Washington","075","Whitman","47.23136","-117.36856"
"03/01/2020","AirNow","530750006","4","1.8","ug/m3 LC","8","ROSALIA - JOSEPHINE ST","1","100.0000","88502","Acceptable PM2.5 AQI & Speciation Mass","39420","Pullman, WA","53","Washington","075","Whitman","47.23136","-117.36856"
"03/02/2020","AirNow","530750006","4","2.7","ug/m3 LC","11","ROSALIA - JOSEPHINE ST","1","100.0000","88502","Acceptable PM2.5 AQI & Speciation Mass","39420","Pullman, WA","53","Washington","075","Whitman","47.23136","-117.36856"
"03/03/2020","AirNow","530750006","4","1.7","ug/m3 LC","7","ROSALIA - JOSEPHINE ST","1","100.0000","88502","Acceptable PM2.5 AQI & Speciation Mass","39420","Pullman, WA","53","Washington","075","Whitman","47.23136","-117.36856"
"03/04/2020","AirNow","530750006","4","1.7","ug/m3 LC","7","ROSALIA - JOSEPHINE ST","1","100.0000","88502","Acceptable PM2.5 AQI & Speciation Mass","39420","Pullman, WA","53","Washington","075","Whitman","47.23136","-117.36856"
"03/05/2020","AirNow","530750006","4","4.8","ug/m3 LC","20","ROSALIA - JOSEPHINE ST","1","100.0000","88502","Acceptable PM2.5 AQI & Speciation Mass","39420","Pullman, WA","53","Washington","075","Whitman","47.23136","-117.36856"
"03/06/2020","AirNow","530750006","4","4.9","ug/m3 LC","20","ROSALIA - JOSEPHINE ST","1","100.0000","88502","Acceptable PM2.5 AQI & Speciation Mass","39420","Pullman, WA","53","Washington","075","Whitman","47.23136","-117.36856"
"03/07/2020","AirNow","530750006","4","2.1","ug/m3 LC","9","ROSALIA - JOSEPHINE ST","1","100.0000","88502","Acceptable PM2.5 AQI & Speciation Mass","39420","Pullman, WA","53","Washington","075","Whitman","47.23136","-117.36856"
"03/08/2020","AirNow","530750006","4","2","ug/m3 LC","8","ROSALIA - JOSEPHINE ST","1","100.0000","88502","Acceptable PM2.5 AQI & Speciation Mass","39420","Pullman, WA","53","Washington","075","Whitman","47.23136","-117.36856"
"03/09/2020","AirNow","530750006","4","2.3","ug/m3 LC","10","ROSALIA - JOSEPHINE ST","1","100.0000","88502","Acceptable PM2.5 AQI & Speciation Mass","39420","Pullman, WA","53","Washington","075","Whitman","47.23136","-117.36856"
"03/10/2020","AirNow","530750006","4","2.2","ug/m3 LC","9","ROSALIA - JOSEPHINE ST","1","100.0000","88502","Acceptable PM2.5 AQI & Speciation Mass","39420","Pullman, WA","53","Washington","075","Whitman","47.23136","-117.36856"
"03/11/2020","AirNow","530750006","4","2.1","ug/m3 LC","9","ROSALIA - JOSEPHINE ST","1","100.0000","88502","Acceptable PM2.5 AQI & Speciation Mass","39420","Pullman, WA","53","Washington","075","Whitman","47.23136","-117.36856"
"03/12/2020","AirNow","530750006","4","2","ug/m3 LC","8","ROSALIA - JOSEPHINE ST","1","100.0000","88502","Acceptable PM2.5 AQI & Speciation Mass","39420","Pullman, WA","53","Washington","075","Whitman","47.23136","-117.36856"
"03/13/2020","AirNow","530750006","4","2.9","ug/m3 LC","12","ROSALIA - JOSEPHINE ST","1","100.0000","88502","Acceptable PM2.5 AQI & Speciation Mass","39420","Pullman, WA","53","Washington","075","Whitman","47.23136","-117.36856"
"03/14/2020","AirNow","530750006","4","3.5","ug/m3 LC","15","ROSALIA - JOSEPHINE ST","1","100.0000","88502","Acceptable PM2.5 AQI & Speciation Mass","39420","Pullman, WA","53","Washington","075","Whitman","47.23136","-117.36856"
"03/15/2020","AirNow","530750006","4","3.9","ug/m3 LC","16","ROSALIA - JOSEPHINE ST","1","100.0000","88502","Acceptable PM2.5 AQI & Speciation Mass","39420","Pullman, WA","53","Washington","075","Whitman","47.23136","-117.36856"
"03/16/2020","AirNow","530750006","4","3.8","ug/m3 LC","16","ROSALIA - JOSEPHINE ST","1","100.0000","88502","Acceptable PM2.5 AQI & Speciation Mass","39420","Pullman, WA","53","Washington","075","Whitman","47.23136","-117.36856"
"03/17/2020","AirNow","530750006","4","6.5","ug/m3 LC","27","ROSALIA - JOSEPHINE ST","1","100.0000","88502","Acceptable PM2.5 AQI & Speciation Mass","39420","Pullman, WA","53","Washington","075","Whitman","47.23136","-117.36856"
"03/18/2020","AirNow","530750006","4","7","ug/m3 LC","29","ROSALIA - JOSEPHINE ST","1","100.0000","88502","Acceptable PM2.5 AQI & Speciation Mass","39420","Pullman, WA","53","Washington","075","Whitman","47.23136","-117.36856"
"03/19/2020","AirNow","530750006","4","6.9","ug/m3 LC","29","ROSALIA - JOSEPHINE ST","1","100.0000","88502","Acceptable PM2.5 AQI & Speciation Mass","39420","Pullman, WA","53","Washington","075","Whitman","47.23136","-117.36856"
"03/20/2020","AirNow","530750006","4","7.1","ug/m3 LC","30","ROSALIA - JOSEPHINE ST","1","100.0000","88502","Acceptable PM2.5 AQI & Speciation Mass","39420","Pullman, WA","53","Washington","075","Whitman","47.23136","-117.36856"
"03/21/2020","AirNow","530750006","4","5.7","ug/m3 LC","24","ROSALIA - JOSEPHINE ST","1","100.0000","88502","Acceptable PM2.5 AQI & Speciation Mass","39420","Pullman, WA","53","Washington","075","Whitman","47.23136","-117.36856"
"03/22/2020","AirNow","530750006","4","4.1","ug/m3 LC","17","ROSALIA - JOSEPHINE ST","1","100.0000","88502","Acceptable PM2.5 AQI & Speciation Mass","39420","Pullman, WA","53","Washington","075","Whitman","47.23136","-117.36856"
"03/23/2020","AirNow","530750006","4","3.4","ug/m3 LC","14","ROSALIA - JOSEPHINE ST","1","100.0000","88502","Acceptable PM2.5 AQI & Speciation Mass","39420","Pullman, WA","53","Washington","075","Whitman","47.23136","-117.36856"
"03/24/2020","AirNow","530750006","4","1.9","ug/m3 LC","8","ROSALIA - JOSEPHINE ST","1","100.0000","88502","Acceptable PM2.5 AQI & Speciation Mass","39420","Pullman, WA","53","Washington","075","Whitman","47.23136","-117.36856"
"03/25/2020","AirNow","530750006","4","2.3","ug/m3 LC","10","ROSALIA - JOSEPHINE ST","1","100.0000","88502","Acceptable PM2.5 AQI & Speciation Mass","39420","Pullman, WA","53","Washington","075","Whitman","47.23136","-117.36856"
"03/26/2020","AirNow","530750006","4","3.2","ug/m3 LC","13","ROSALIA - JOSEPHINE ST","1","100.0000","88502","Acceptable PM2.5 AQI & Speciation Mass","39420","Pullman, WA","53","Washington","075","Whitman","47.23136","-117.36856"
"03/27/2020","AirNow","530750006","4","5.1","ug/m3 LC","21","ROSALIA - JOSEPHINE ST","1","100.0000","88502","Acceptable PM2.5 AQI & Speciation Mass","39420","Pullman, WA","53","Washington","075","Whitman","47.23136","-117.36856"
"03/28/2020","AirNow","530750006","4","1.7","ug/m3 LC","7","ROSALIA - JOSEPHINE ST","1","100.0000","88502","Acceptable PM2.5 AQI & Speciation Mass","39420","Pullman, WA","53","Washington","075","Whitman","47.23136","-117.36856"
"03/29/2020","AirNow","530750006","4","1.6","ug/m3 LC","7","ROSALIA - JOSEPHINE ST","1","100.0000","88502","Acceptable PM2.5 AQI & Speciation Mass","39420","Pullman, WA","53","Washington","075","Whitman","47.23136","-117.36856"
"03/30/2020","AirNow","530750006","4","1.5","ug/m3 LC","6","ROSALIA - JOSEPHINE ST","1","100.0000","88502","Acceptable PM2.5 AQI & Speciation Mass","39420","Pullman, WA","53","Washington","075","Whitman","47.23136","-117.36856"
"03/31/2020","AirNow","530750006","4","1.4","ug/m3 LC","6","ROSALIA - JOSEPHINE ST","1","100.0000","88502","Acceptable PM2.5 AQI & Speciation Mass","39420","Pullman, WA","53","Washington","075","Whitman","47.23136","-117.36856"
"04/01/2020","AirNow","530750006","4","2.3","ug/m3 LC","10","ROSALIA - JOSEPHINE ST","1","100.0000","88502","Acceptable PM2.5 AQI & Speciation Mass","39420","Pullman, WA","53","Washington","075","Whitman","47.23136","-117.36856"
"04/02/2020","AirNow","530750006","4","3","ug/m3 LC","13","ROSALIA - JOSEPHINE ST","1","100.0000","88502","Acceptable PM2.5 AQI & Speciation Mass","39420","Pullman, WA","53","Washington","075","Whitman","47.23136","-117.36856"
"04/03/2020","AirNow","530750006","4","2.7","ug/m3 LC","11","ROSALIA - JOSEPHINE ST","1","100.0000","88502","Acceptable PM2.5 AQI & Speciation Mass","39420","Pullman, WA","53","Washington","075","Whitman","47.23136","-117.36856"
"04/04/2020","AirNow","530750006","4","3.3","ug/m3 LC","14","ROSALIA - JOSEPHINE ST","1","100.0000","88502","Acceptable PM2.5 AQI & Speciation Mass","39420","Pullman, WA","53","Washington","075","Whitman","47.23136","-117.36856"
"04/05/2020","AirNow","530750006","4","3.3","ug/m3 LC","14","ROSALIA - JOSEPHINE ST","1","100.0000","88502","Acceptable PM2.5 AQI & Speciation Mass","39420","Pullman, WA","53","Washington","075","Whitman","47.23136","-117.36856"
"04/06/2020","AirNow","530750006","4","3.5","ug/m3 LC","15","ROSALIA - JOSEPHINE ST","1","100.0000","88502","Acceptable PM2.5 AQI & Speciation Mass","39420","Pullman, WA","53","Washington","075","Whitman","47.23136","-117.36856"
"04/07/2020","AirNow","530750006","4","4.7","ug/m3 LC","20","ROSALIA - JOSEPHINE ST","1","100.0000","88502","Acceptable PM2.5 AQI & Speciation Mass","39420","Pullman, WA","53","Washington","075","Whitman","47.23136","-117.36856"
"04/08/2020","AirNow","530750006","4","6.1","ug/m3 LC","25","ROSALIA - JOSEPHINE ST","1","100.0000","88502","Acceptable PM2.5 AQI & Speciation Mass","39420","Pullman, WA","53","Washington","075","Whitman","47.23136","-117.36856"
"04/09/2020","AirNow","530750006","4","6.1","ug/m3 LC","25","ROSALIA - JOSEPHINE ST","1","100.0000","88502","Acceptable PM2.5 AQI & Speciation Mass","39420","Pullman, WA","53","Washington","075","Whitman","47.23136","-117.36856"
"04/10/2020","AirNow","530750006","4","4.3","ug/m3 LC","18","ROSALIA - JOSEPHINE ST","1","100.0000","88502","Acceptable PM2.5 AQI & Speciation Mass","39420","Pullman, WA","53","Washington","075","Whitman","47.23136","-117.36856"
"04/11/2020","AirNow","530750006","4","3","ug/m3 LC","13","ROSALIA - JOSEPHINE ST","1","100.0000","88502","Acceptable PM2.5 AQI & Speciation Mass","39420","Pullman, WA","53","Washington","075","Whitman","47.23136","-117.36856"
"04/12/2020","AirNow","530750006","4","3.8","ug/m3 LC","16","ROSALIA - JOSEPHINE ST","1","100.0000","88502","Acceptable PM2.5 AQI & Speciation Mass","39420","Pullman, WA","53","Washington","075","Whitman","47.23136","-117.36856"
"04/13/2020","AirNow","530750006","4","4.3","ug/m3 LC","18","ROSALIA - JOSEPHINE ST","1","100.0000","88502","Acceptable PM2.5 AQI & Speciation Mass","39420","Pullman, WA","53","Washington","075","Whitman","47.23136","-117.36856"
"04/14/2020","AirNow","530750006","4","3.6","ug/m3 LC","15","ROSALIA - JOSEPHINE ST","1","100.0000","88502","Acceptable PM2.5 AQI & Speciation Mass","39420","Pullman, WA","53","Washington","075","Whitman","47.23136","-117.36856"
"04/15/2020","AirNow","530750006","4","2.3","ug/m3 LC","10","ROSALIA - JOSEPHINE ST","1","100.0000","88502","Acceptable PM2.5 AQI & Speciation Mass","39420","Pullman, WA","53","Washington","075","Whitman","47.23136","-117.36856"
"04/16/2020","AirNow","530750006","4","3.2","ug/m3 LC","13","ROSALIA - JOSEPHINE ST","1","100.0000","88502","Acceptable PM2.5 AQI & Speciation Mass","39420","Pullman, WA","53","Washington","075","Whitman","47.23136","-117.36856"
"04/17/2020","AirNow","530750006","4","3.6","ug/m3 LC","15","ROSALIA - JOSEPHINE ST","1","100.0000","88502","Acceptable PM2.5 AQI & Speciation Mass","39420","Pullman, WA","53","Washington","075","Whitman","47.23136","-117.36856"
"04/18/2020","AirNow","530750006","4","4.2","ug/m3 LC","18","ROSALIA - JOSEPHINE ST","1","100.0000","88502","Acceptable PM2.5 AQI & Speciation Mass","39420","Pullman, WA","53","Washington","075","Whitman","47.23136","-117.36856"
"04/19/2020","AirNow","530750006","4","3.5","ug/m3 LC","15","ROSALIA - JOSEPHINE ST","1","100.0000","88502","Acceptable PM2.5 AQI & Speciation Mass","39420","Pullman, WA","53","Washington","075","Whitman","47.23136","-117.36856"
"04/20/2020","AirNow","530750006","4","3.9","ug/m3 LC","16","ROSALIA - JOSEPHINE ST","1","100.0000","88502","Acceptable PM2.5 AQI & Speciation Mass","39420","Pullman, WA","53","Washington","075","Whitman","47.23136","-117.36856"
"04/21/2020","AirNow","530750006","4","3.4","ug/m3 LC","14","ROSALIA - JOSEPHINE ST","1","100.0000","88502","Acceptable PM2.5 AQI & Speciation Mass","39420","Pullman, WA","53","Washington","075","Whitman","47.23136","-117.36856"
"04/22/2020","AirNow","530750006","4","3.1","ug/m3 LC","13","ROSALIA - JOSEPHINE ST","1","100.0000","88502","Acceptable PM2.5 AQI & Speciation Mass","39420","Pullman, WA","53","Washington","075","Whitman","47.23136","-117.36856"
"04/23/2020","AirNow","530750006","4","3.7","ug/m3 LC","15","ROSALIA - JOSEPHINE ST","1","100.0000","88502","Acceptable PM2.5 AQI & Speciation Mass","39420","Pullman, WA","53","Washington","075","Whitman","47.23136","-117.36856"
"04/24/2020","AirNow","530750006","4","2.8","ug/m3 LC","12","ROSALIA - JOSEPHINE ST","1","100.0000","88502","Acceptable PM2.5 AQI & Speciation Mass","39420","Pullman, WA","53","Washington","075","Whitman","47.23136","-117.36856"
"04/25/2020","AirNow","530750006","4","2.8","ug/m3 LC","12","ROSALIA - JOSEPHINE ST","1","100.0000","88502","Acceptable PM2.5 AQI & Speciation Mass","39420","Pullman, WA","53","Washington","075","Whitman","47.23136","-117.36856"
"04/26/2020","AirNow","530750006","4","3.5","ug/m3 LC","15","ROSALIA - JOSEPHINE ST","1","100.0000","88502","Acceptable PM2.5 AQI & Speciation Mass","39420","Pullman, WA","53","Washington","075","Whitman","47.23136","-117.36856"
"04/27/2020","AirNow","530750006","4","2.8","ug/m3 LC","12","ROSALIA - JOSEPHINE ST","1","100.0000","88502","Acceptable PM2.5 AQI & Speciation Mass","39420","Pullman, WA","53","Washington","075","Whitman","47.23136","-117.36856"
"04/28/2020","AirNow","530750006","4","2.8","ug/m3 LC","12","ROSALIA - JOSEPHINE ST","1","100.0000","88502","Acceptable PM2.5 AQI & Speciation Mass","39420","Pullman, WA","53","Washington","075","Whitman","47.23136","-117.36856"
"04/29/2020","AirNow","530750006","4","3.1","ug/m3 LC","13","ROSALIA - JOSEPHINE ST","1","100.0000","88502","Acceptable PM2.5 AQI & Speciation Mass","39420","Pullman, WA","53","Washington","075","Whitman","47.23136","-117.36856"
"04/30/2020","AirNow","530750006","4","2.4","ug/m3 LC","10","ROSALIA - JOSEPHINE ST","1","100.0000","88502","Acceptable PM2.5 AQI & Speciation Mass","39420","Pullman, WA","53","Washington","075","Whitman","47.23136","-117.36856"
"05/01/2020","AirNow","530750006","4","2.8","ug/m3 LC","12","ROSALIA - JOSEPHINE ST","1","100.0000","88502","Acceptable PM2.5 AQI & Speciation Mass","39420","Pullman, WA","53","Washington","075","Whitman","47.23136","-117.36856"
"05/02/2020","AirNow","530750006","4","3.9","ug/m3 LC","16","ROSALIA - JOSEPHINE ST","1","100.0000","88502","Acceptable PM2.5 AQI & Speciation Mass","39420","Pullman, WA","53","Washington","075","Whitman","47.23136","-117.36856"
"01/01/2020","AQS","530770005","4","1.4","ug/m3 LC","6","Sunnyside-S16th St (Harrison Middle School)","1","100.0000","88502","Acceptable PM2.5 AQI & Speciation Mass","49420","Yakima, WA","53","Washington","077","Yakima","46.319320471","-119.999677425"
"01/02/2020","AQS","530770005","4","3.1","ug/m3 LC","13","Sunnyside-S16th St (Harrison Middle School)","1","100.0000","88502","Acceptable PM2.5 AQI & Speciation Mass","49420","Yakima, WA","53","Washington","077","Yakima","46.319320471","-119.999677425"
"01/03/2020","AQS","530770005","4","8.1","ug/m3 LC","34","Sunnyside-S16th St (Harrison Middle School)","1","100.0000","88502","Acceptable PM2.5 AQI & Speciation Mass","49420","Yakima, WA","53","Washington","077","Yakima","46.319320471","-119.999677425"
"01/04/2020","AQS","530770005","4","2.7","ug/m3 LC","11","Sunnyside-S16th St (Harrison Middle School)","1","100.0000","88502","Acceptable PM2.5 AQI & Speciation Mass","49420","Yakima, WA","53","Washington","077","Yakima","46.319320471","-119.999677425"
"01/05/2020","AQS","530770005","4","2.3","ug/m3 LC","10","Sunnyside-S16th St (Harrison Middle School)","1","100.0000","88502","Acceptable PM2.5 AQI & Speciation Mass","49420","Yakima, WA","53","Washington","077","Yakima","46.319320471","-119.999677425"
"01/06/2020","AQS","530770005","4","0.8","ug/m3 LC","3","Sunnyside-S16th St (Harrison Middle School)","1","100.0000","88502","Acceptable PM2.5 AQI & Speciation Mass","49420","Yakima, WA","53","Washington","077","Yakima","46.319320471","-119.999677425"
"01/07/2020","AQS","530770005","4","0.9","ug/m3 LC","4","Sunnyside-S16th St (Harrison Middle School)","1","100.0000","88502","Acceptable PM2.5 AQI & Speciation Mass","49420","Yakima, WA","53","Washington","077","Yakima","46.319320471","-119.999677425"
"01/08/2020","AQS","530770005","4","2","ug/m3 LC","8","Sunnyside-S16th St (Harrison Middle School)","1","100.0000","88502","Acceptable PM2.5 AQI & Speciation Mass","49420","Yakima, WA","53","Washington","077","Yakima","46.319320471","-119.999677425"
"01/09/2020","AQS","530770005","4","6.1","ug/m3 LC","25","Sunnyside-S16th St (Harrison Middle School)","1","100.0000","88502","Acceptable PM2.5 AQI & Speciation Mass","49420","Yakima, WA","53","Washington","077","Yakima","46.319320471","-119.999677425"
"01/10/2020","AQS","530770005","4","4.5","ug/m3 LC","19","Sunnyside-S16th St (Harrison Middle School)","1","100.0000","88502","Acceptable PM2.5 AQI & Speciation Mass","49420","Yakima, WA","53","Washington","077","Yakima","46.319320471","-119.999677425"
"01/11/2020","AQS","530770005","4","1.4","ug/m3 LC","6","Sunnyside-S16th St (Harrison Middle School)","1","100.0000","88502","Acceptable PM2.5 AQI & Speciation Mass","49420","Yakima, WA","53","Washington","077","Yakima","46.319320471","-119.999677425"
"01/12/2020","AQS","530770005","4","1.1","ug/m3 LC","5","Sunnyside-S16th St (Harrison Middle School)","1","100.0000","88502","Acceptable PM2.5 AQI & Speciation Mass","49420","Yakima, WA","53","Washington","077","Yakima","46.319320471","-119.999677425"
"01/13/2020","AQS","530770005","4","3.4","ug/m3 LC","14","Sunnyside-S16th St (Harrison Middle School)","1","100.0000","88502","Acceptable PM2.5 AQI & Speciation Mass","49420","Yakima, WA","53","Washington","077","Yakima","46.319320471","-119.999677425"
"01/14/2020","AQS","530770005","4","10.5","ug/m3 LC","44","Sunnyside-S16th St (Harrison Middle School)","1","100.0000","88502","Acceptable PM2.5 AQI & Speciation Mass","49420","Yakima, WA","53","Washington","077","Yakima","46.319320471","-119.999677425"
"01/15/2020","AQS","530770005","4","10.6","ug/m3 LC","44","Sunnyside-S16th St (Harrison Middle School)","1","100.0000","88502","Acceptable PM2.5 AQI & Speciation Mass","49420","Yakima, WA","53","Washington","077","Yakima","46.319320471","-119.999677425"
"01/16/2020","AQS","530770005","4","13.9","ug/m3 LC","55","Sunnyside-S16th St (Harrison Middle School)","1","100.0000","88502","Acceptable PM2.5 AQI & Speciation Mass","49420","Yakima, WA","53","Washington","077","Yakima","46.319320471","-119.999677425"
"01/17/2020","AQS","530770005","4","26.2","ug/m3 LC","81","Sunnyside-S16th St (Harrison Middle School)","1","100.0000","88502","Acceptable PM2.5 AQI & Speciation Mass","49420","Yakima, WA","53","Washington","077","Yakima","46.319320471","-119.999677425"
"01/18/2020","AQS","530770005","4","27.5","ug/m3 LC","83","Sunnyside-S16th St (Harrison Middle School)","1","100.0000","88502","Acceptable PM2.5 AQI & Speciation Mass","49420","Yakima, WA","53","Washington","077","Yakima","46.319320471","-119.999677425"
"01/19/2020","AQS","530770005","4","24.5","ug/m3 LC","77","Sunnyside-S16th St (Harrison Middle School)","1","100.0000","88502","Acceptable PM2.5 AQI & Speciation Mass","49420","Yakima, WA","53","Washington","077","Yakima","46.319320471","-119.999677425"
"01/20/2020","AQS","530770005","4","14.1","ug/m3 LC","55","Sunnyside-S16th St (Harrison Middle School)","1","100.0000","88502","Acceptable PM2.5 AQI & Speciation Mass","49420","Yakima, WA","53","Washington","077","Yakima","46.319320471","-119.999677425"
"01/21/2020","AQS","530770005","4","10.9","ug/m3 LC","45","Sunnyside-S16th St (Harrison Middle School)","1","100.0000","88502","Acceptable PM2.5 AQI & Speciation Mass","49420","Yakima, WA","53","Washington","077","Yakima","46.319320471","-119.999677425"
"01/22/2020","AQS","530770005","4","3.3","ug/m3 LC","14","Sunnyside-S16th St (Harrison Middle School)","1","100.0000","88502","Acceptable PM2.5 AQI & Speciation Mass","49420","Yakima, WA","53","Washington","077","Yakima","46.319320471","-119.999677425"
"01/23/2020","AQS","530770005","4","14.7","ug/m3 LC","56","Sunnyside-S16th St (Harrison Middle School)","1","100.0000","88502","Acceptable PM2.5 AQI & Speciation Mass","49420","Yakima, WA","53","Washington","077","Yakima","46.319320471","-119.999677425"
"01/24/2020","AQS","530770005","4","8.3","ug/m3 LC","35","Sunnyside-S16th St (Harrison Middle School)","1","100.0000","88502","Acceptable PM2.5 AQI & Speciation Mass","49420","Yakima, WA","53","Washington","077","Yakima","46.319320471","-119.999677425"
"01/25/2020","AQS","530770005","4","5.8","ug/m3 LC","24","Sunnyside-S16th St (Harrison Middle School)","1","100.0000","88502","Acceptable PM2.5 AQI & Speciation Mass","49420","Yakima, WA","53","Washington","077","Yakima","46.319320471","-119.999677425"
"01/26/2020","AQS","530770005","4","6.4","ug/m3 LC","27","Sunnyside-S16th St (Harrison Middle School)","1","100.0000","88502","Acceptable PM2.5 AQI & Speciation Mass","49420","Yakima, WA","53","Washington","077","Yakima","46.319320471","-119.999677425"
"01/27/2020","AQS","530770005","4","3.5","ug/m3 LC","15","Sunnyside-S16th St (Harrison Middle School)","1","100.0000","88502","Acceptable PM2.5 AQI & Speciation Mass","49420","Yakima, WA","53","Washington","077","Yakima","46.319320471","-119.999677425"
"01/28/2020","AQS","530770005","4","7","ug/m3 LC","29","Sunnyside-S16th St (Harrison Middle School)","1","100.0000","88502","Acceptable PM2.5 AQI & Speciation Mass","49420","Yakima, WA","53","Washington","077","Yakima","46.319320471","-119.999677425"
"01/29/2020","AQS","530770005","4","6.2","ug/m3 LC","26","Sunnyside-S16th St (Harrison Middle School)","1","100.0000","88502","Acceptable PM2.5 AQI & Speciation Mass","49420","Yakima, WA","53","Washington","077","Yakima","46.319320471","-119.999677425"
"01/30/2020","AQS","530770005","4","7.7","ug/m3 LC","32","Sunnyside-S16th St (Harrison Middle School)","1","100.0000","88502","Acceptable PM2.5 AQI & Speciation Mass","49420","Yakima, WA","53","Washington","077","Yakima","46.319320471","-119.999677425"
"01/31/2020","AQS","530770005","4","2.5","ug/m3 LC","10","Sunnyside-S16th St (Harrison Middle School)","1","100.0000","88502","Acceptable PM2.5 AQI & Speciation Mass","49420","Yakima, WA","53","Washington","077","Yakima","46.319320471","-119.999677425"
"02/01/2020","AirNow","530770005","4","1.6","ug/m3 LC","7","Sunnyside-S16th St (Harrison Middle School)","1","100.0000","88502","Acceptable PM2.5 AQI & Speciation Mass","49420","Yakima, WA","53","Washington","077","Yakima","46.319320471","-119.999677425"
"02/02/2020","AirNow","530770005","4","4.1","ug/m3 LC","17","Sunnyside-S16th St (Harrison Middle School)","1","100.0000","88502","Acceptable PM2.5 AQI & Speciation Mass","49420","Yakima, WA","53","Washington","077","Yakima","46.319320471","-119.999677425"
"02/03/2020","AirNow","530770005","4","5.8","ug/m3 LC","24","Sunnyside-S16th St (Harrison Middle School)","1","100.0000","88502","Acceptable PM2.5 AQI & Speciation Mass","49420","Yakima, WA","53","Washington","077","Yakima","46.319320471","-119.999677425"
"02/04/2020","AirNow","530770005","4","6.3","ug/m3 LC","26","Sunnyside-S16th St (Harrison Middle School)","1","100.0000","88502","Acceptable PM2.5 AQI & Speciation Mass","49420","Yakima, WA","53","Washington","077","Yakima","46.319320471","-119.999677425"
"02/05/2020","AirNow","530770005","4","9.9","ug/m3 LC","41","Sunnyside-S16th St (Harrison Middle School)","1","100.0000","88502","Acceptable PM2.5 AQI & Speciation Mass","49420","Yakima, WA","53","Washington","077","Yakima","46.319320471","-119.999677425"
"02/06/2020","AirNow","530770005","4","4.8","ug/m3 LC","20","Sunnyside-S16th St (Harrison Middle School)","1","100.0000","88502","Acceptable PM2.5 AQI & Speciation Mass","49420","Yakima, WA","53","Washington","077","Yakima","46.319320471","-119.999677425"
"02/07/2020","AirNow","530770005","4","4.4","ug/m3 LC","18","Sunnyside-S16th St (Harrison Middle School)","1","100.0000","88502","Acceptable PM2.5 AQI & Speciation Mass","49420","Yakima, WA","53","Washington","077","Yakima","46.319320471","-119.999677425"
"02/08/2020","AirNow","530770005","4","1.2","ug/m3 LC","5","Sunnyside-S16th St (Harrison Middle School)","1","100.0000","88502","Acceptable PM2.5 AQI & Speciation Mass","49420","Yakima, WA","53","Washington","077","Yakima","46.319320471","-119.999677425"
"02/09/2020","AirNow","530770005","4","4.9","ug/m3 LC","20","Sunnyside-S16th St (Harrison Middle School)","1","100.0000","88502","Acceptable PM2.5 AQI & Speciation Mass","49420","Yakima, WA","53","Washington","077","Yakima","46.319320471","-119.999677425"
"02/10/2020","AirNow","530770005","4","5.6","ug/m3 LC","23","Sunnyside-S16th St (Harrison Middle School)","1","100.0000","88502","Acceptable PM2.5 AQI & Speciation Mass","49420","Yakima, WA","53","Washington","077","Yakima","46.319320471","-119.999677425"
"02/11/2020","AirNow","530770005","4","6.2","ug/m3 LC","26","Sunnyside-S16th St (Harrison Middle School)","1","100.0000","88502","Acceptable PM2.5 AQI & Speciation Mass","49420","Yakima, WA","53","Washington","077","Yakima","46.319320471","-119.999677425"
"02/12/2020","AirNow","530770005","4","4","ug/m3 LC","17","Sunnyside-S16th St (Harrison Middle School)","1","100.0000","88502","Acceptable PM2.5 AQI & Speciation Mass","49420","Yakima, WA","53","Washington","077","Yakima","46.319320471","-119.999677425"
"02/13/2020","AirNow","530770005","4","7.8","ug/m3 LC","33","Sunnyside-S16th St (Harrison Middle School)","1","100.0000","88502","Acceptable PM2.5 AQI & Speciation Mass","49420","Yakima, WA","53","Washington","077","Yakima","46.319320471","-119.999677425"
"02/14/2020","AirNow","530770005","4","1.8","ug/m3 LC","8","Sunnyside-S16th St (Harrison Middle School)","1","100.0000","88502","Acceptable PM2.5 AQI & Speciation Mass","49420","Yakima, WA","53","Washington","077","Yakima","46.319320471","-119.999677425"
"02/15/2020","AirNow","530770005","4","4.1","ug/m3 LC","17","Sunnyside-S16th St (Harrison Middle School)","1","100.0000","88502","Acceptable PM2.5 AQI & Speciation Mass","49420","Yakima, WA","53","Washington","077","Yakima","46.319320471","-119.999677425"
"02/16/2020","AirNow","530770005","4","3.3","ug/m3 LC","14","Sunnyside-S16th St (Harrison Middle School)","1","100.0000","88502","Acceptable PM2.5 AQI & Speciation Mass","49420","Yakima, WA","53","Washington","077","Yakima","46.319320471","-119.999677425"
"02/17/2020","AirNow","530770005","4","3.5","ug/m3 LC","15","Sunnyside-S16th St (Harrison Middle School)","1","100.0000","88502","Acceptable PM2.5 AQI & Speciation Mass","49420","Yakima, WA","53","Washington","077","Yakima","46.319320471","-119.999677425"
"02/18/2020","AirNow","530770005","4","5.8","ug/m3 LC","24","Sunnyside-S16th St (Harrison Middle School)","1","100.0000","88502","Acceptable PM2.5 AQI & Speciation Mass","49420","Yakima, WA","53","Washington","077","Yakima","46.319320471","-119.999677425"
"02/19/2020","AirNow","530770005","4","8.1","ug/m3 LC","34","Sunnyside-S16th St (Harrison Middle School)","1","100.0000","88502","Acceptable PM2.5 AQI & Speciation Mass","49420","Yakima, WA","53","Washington","077","Yakima","46.319320471","-119.999677425"
"02/20/2020","AirNow","530770005","4","9.5","ug/m3 LC","40","Sunnyside-S16th St (Harrison Middle School)","1","100.0000","88502","Acceptable PM2.5 AQI & Speciation Mass","49420","Yakima, WA","53","Washington","077","Yakima","46.319320471","-119.999677425"
"02/21/2020","AirNow","530770005","4","13","ug/m3 LC","53","Sunnyside-S16th St (Harrison Middle School)","1","100.0000","88502","Acceptable PM2.5 AQI & Speciation Mass","49420","Yakima, WA","53","Washington","077","Yakima","46.319320471","-119.999677425"
"02/22/2020","AirNow","530770005","4","14.6","ug/m3 LC","56","Sunnyside-S16th St (Harrison Middle School)","1","100.0000","88502","Acceptable PM2.5 AQI & Speciation Mass","49420","Yakima, WA","53","Washington","077","Yakima","46.319320471","-119.999677425"
"02/23/2020","AirNow","530770005","4","4.9","ug/m3 LC","20","Sunnyside-S16th St (Harrison Middle School)","1","100.0000","88502","Acceptable PM2.5 AQI & Speciation Mass","49420","Yakima, WA","53","Washington","077","Yakima","46.319320471","-119.999677425"
"02/24/2020","AirNow","530770005","4","4.8","ug/m3 LC","20","Sunnyside-S16th St (Harrison Middle School)","1","100.0000","88502","Acceptable PM2.5 AQI & Speciation Mass","49420","Yakima, WA","53","Washington","077","Yakima","46.319320471","-119.999677425"
"02/25/2020","AirNow","530770005","4","7.6","ug/m3 LC","32","Sunnyside-S16th St (Harrison Middle School)","1","100.0000","88502","Acceptable PM2.5 AQI & Speciation Mass","49420","Yakima, WA","53","Washington","077","Yakima","46.319320471","-119.999677425"
"02/26/2020","AirNow","530770005","4","10.3","ug/m3 LC","43","Sunnyside-S16th St (Harrison Middle School)","1","100.0000","88502","Acceptable PM2.5 AQI & Speciation Mass","49420","Yakima, WA","53","Washington","077","Yakima","46.319320471","-119.999677425"
"02/27/2020","AirNow","530770005","4","6.3","ug/m3 LC","26","Sunnyside-S16th St (Harrison Middle School)","1","100.0000","88502","Acceptable PM2.5 AQI & Speciation Mass","49420","Yakima, WA","53","Washington","077","Yakima","46.319320471","-119.999677425"
"02/28/2020","AirNow","530770005","4","6","ug/m3 LC","25","Sunnyside-S16th St (Harrison Middle School)","1","100.0000","88502","Acceptable PM2.5 AQI & Speciation Mass","49420","Yakima, WA","53","Washington","077","Yakima","46.319320471","-119.999677425"
"02/29/2020","AirNow","530770005","4","2.8","ug/m3 LC","12","Sunnyside-S16th St (Harrison Middle School)","1","100.0000","88502","Acceptable PM2.5 AQI & Speciation Mass","49420","Yakima, WA","53","Washington","077","Yakima","46.319320471","-119.999677425"
"03/01/2020","AirNow","530770005","4","5","ug/m3 LC","21","Sunnyside-S16th St (Harrison Middle School)","1","100.0000","88502","Acceptable PM2.5 AQI & Speciation Mass","49420","Yakima, WA","53","Washington","077","Yakima","46.319320471","-119.999677425"
"03/02/2020","AirNow","530770005","4","2.8","ug/m3 LC","12","Sunnyside-S16th St (Harrison Middle School)","1","100.0000","88502","Acceptable PM2.5 AQI & Speciation Mass","49420","Yakima, WA","53","Washington","077","Yakima","46.319320471","-119.999677425"
"03/03/2020","AirNow","530770005","4","3.3","ug/m3 LC","14","Sunnyside-S16th St (Harrison Middle School)","1","100.0000","88502","Acceptable PM2.5 AQI & Speciation Mass","49420","Yakima, WA","53","Washington","077","Yakima","46.319320471","-119.999677425"
"03/04/2020","AirNow","530770005","4","3.2","ug/m3 LC","13","Sunnyside-S16th St (Harrison Middle School)","1","100.0000","88502","Acceptable PM2.5 AQI & Speciation Mass","49420","Yakima, WA","53","Washington","077","Yakima","46.319320471","-119.999677425"
"03/05/2020","AirNow","530770005","4","8","ug/m3 LC","33","Sunnyside-S16th St (Harrison Middle School)","1","100.0000","88502","Acceptable PM2.5 AQI & Speciation Mass","49420","Yakima, WA","53","Washington","077","Yakima","46.319320471","-119.999677425"
"03/06/2020","AirNow","530770005","4","4.3","ug/m3 LC","18","Sunnyside-S16th St (Harrison Middle School)","1","100.0000","88502","Acceptable PM2.5 AQI & Speciation Mass","49420","Yakima, WA","53","Washington","077","Yakima","46.319320471","-119.999677425"
"03/07/2020","AirNow","530770005","4","4.2","ug/m3 LC","18","Sunnyside-S16th St (Harrison Middle School)","1","100.0000","88502","Acceptable PM2.5 AQI & Speciation Mass","49420","Yakima, WA","53","Washington","077","Yakima","46.319320471","-119.999677425"
"03/08/2020","AirNow","530770005","4","4.3","ug/m3 LC","18","Sunnyside-S16th St (Harrison Middle School)","1","100.0000","88502","Acceptable PM2.5 AQI & Speciation Mass","49420","Yakima, WA","53","Washington","077","Yakima","46.319320471","-119.999677425"
"03/09/2020","AirNow","530770005","4","7.4","ug/m3 LC","31","Sunnyside-S16th St (Harrison Middle School)","1","100.0000","88502","Acceptable PM2.5 AQI & Speciation Mass","49420","Yakima, WA","53","Washington","077","Yakima","46.319320471","-119.999677425"
"03/10/2020","AirNow","530770005","4","8.2","ug/m3 LC","34","Sunnyside-S16th St (Harrison Middle School)","1","100.0000","88502","Acceptable PM2.5 AQI & Speciation Mass","49420","Yakima, WA","53","Washington","077","Yakima","46.319320471","-119.999677425"
"03/11/2020","AirNow","530770005","4","4.1","ug/m3 LC","17","Sunnyside-S16th St (Harrison Middle School)","1","100.0000","88502","Acceptable PM2.5 AQI & Speciation Mass","49420","Yakima, WA","53","Washington","077","Yakima","46.319320471","-119.999677425"
"03/12/2020","AirNow","530770005","4","5.5","ug/m3 LC","23","Sunnyside-S16th St (Harrison Middle School)","1","100.0000","88502","Acceptable PM2.5 AQI & Speciation Mass","49420","Yakima, WA","53","Washington","077","Yakima","46.319320471","-119.999677425"
"03/13/2020","AirNow","530770005","4","5.8","ug/m3 LC","24","Sunnyside-S16th St (Harrison Middle School)","1","100.0000","88502","Acceptable PM2.5 AQI & Speciation Mass","49420","Yakima, WA","53","Washington","077","Yakima","46.319320471","-119.999677425"
"03/14/2020","AirNow","530770005","4","4.4","ug/m3 LC","18","Sunnyside-S16th St (Harrison Middle School)","1","100.0000","88502","Acceptable PM2.5 AQI & Speciation Mass","49420","Yakima, WA","53","Washington","077","Yakima","46.319320471","-119.999677425"
"03/15/2020","AirNow","530770005","4","5.7","ug/m3 LC","24","Sunnyside-S16th St (Harrison Middle School)","1","100.0000","88502","Acceptable PM2.5 AQI & Speciation Mass","49420","Yakima, WA","53","Washington","077","Yakima","46.319320471","-119.999677425"
"03/16/2020","AirNow","530770005","4","12.5","ug/m3 LC","52","Sunnyside-S16th St (Harrison Middle School)","1","100.0000","88502","Acceptable PM2.5 AQI & Speciation Mass","49420","Yakima, WA","53","Washington","077","Yakima","46.319320471","-119.999677425"
"03/17/2020","AirNow","530770005","4","16.5","ug/m3 LC","60","Sunnyside-S16th St (Harrison Middle School)","1","100.0000","88502","Acceptable PM2.5 AQI & Speciation Mass","49420","Yakima, WA","53","Washington","077","Yakima","46.319320471","-119.999677425"
"03/18/2020","AirNow","530770005","4","11.7","ug/m3 LC","49","Sunnyside-S16th St (Harrison Middle School)","1","100.0000","88502","Acceptable PM2.5 AQI & Speciation Mass","49420","Yakima, WA","53","Washington","077","Yakima","46.319320471","-119.999677425"
"03/19/2020","AirNow","530770005","4","13.2","ug/m3 LC","53","Sunnyside-S16th St (Harrison Middle School)","1","100.0000","88502","Acceptable PM2.5 AQI & Speciation Mass","49420","Yakima, WA","53","Washington","077","Yakima","46.319320471","-119.999677425"
"03/20/2020","AirNow","530770005","4","16","ug/m3 LC","59","Sunnyside-S16th St (Harrison Middle School)","1","100.0000","88502","Acceptable PM2.5 AQI & Speciation Mass","49420","Yakima, WA","53","Washington","077","Yakima","46.319320471","-119.999677425"
"03/21/2020","AirNow","530770005","4","11.3","ug/m3 LC","47","Sunnyside-S16th St (Harrison Middle School)","1","100.0000","88502","Acceptable PM2.5 AQI & Speciation Mass","49420","Yakima, WA","53","Washington","077","Yakima","46.319320471","-119.999677425"
"03/22/2020","AirNow","530770005","4","9.9","ug/m3 LC","41","Sunnyside-S16th St (Harrison Middle School)","1","100.0000","88502","Acceptable PM2.5 AQI & Speciation Mass","49420","Yakima, WA","53","Washington","077","Yakima","46.319320471","-119.999677425"
"03/23/2020","AirNow","530770005","4","4.2","ug/m3 LC","18","Sunnyside-S16th St (Harrison Middle School)","1","100.0000","88502","Acceptable PM2.5 AQI & Speciation Mass","49420","Yakima, WA","53","Washington","077","Yakima","46.319320471","-119.999677425"
"03/24/2020","AirNow","530770005","4","2.3","ug/m3 LC","10","Sunnyside-S16th St (Harrison Middle School)","1","100.0000","88502","Acceptable PM2.5 AQI & Speciation Mass","49420","Yakima, WA","53","Washington","077","Yakima","46.319320471","-119.999677425"
"03/25/2020","AirNow","530770005","4","3.3","ug/m3 LC","14","Sunnyside-S16th St (Harrison Middle School)","1","100.0000","88502","Acceptable PM2.5 AQI & Speciation Mass","49420","Yakima, WA","53","Washington","077","Yakima","46.319320471","-119.999677425"
"03/26/2020","AirNow","530770005","4","10.1","ug/m3 LC","42","Sunnyside-S16th St (Harrison Middle School)","1","100.0000","88502","Acceptable PM2.5 AQI & Speciation Mass","49420","Yakima, WA","53","Washington","077","Yakima","46.319320471","-119.999677425"
"03/27/2020","AirNow","530770005","4","5.7","ug/m3 LC","24","Sunnyside-S16th St (Harrison Middle School)","1","100.0000","88502","Acceptable PM2.5 AQI & Speciation Mass","49420","Yakima, WA","53","Washington","077","Yakima","46.319320471","-119.999677425"
"03/28/2020","AirNow","530770005","4","1.9","ug/m3 LC","8","Sunnyside-S16th St (Harrison Middle School)","1","100.0000","88502","Acceptable PM2.5 AQI & Speciation Mass","49420","Yakima, WA","53","Washington","077","Yakima","46.319320471","-119.999677425"
"03/29/2020","AirNow","530770005","4","1.6","ug/m3 LC","7","Sunnyside-S16th St (Harrison Middle School)","1","100.0000","88502","Acceptable PM2.5 AQI & Speciation Mass","49420","Yakima, WA","53","Washington","077","Yakima","46.319320471","-119.999677425"
"03/30/2020","AirNow","530770005","4","1.4","ug/m3 LC","6","Sunnyside-S16th St (Harrison Middle School)","1","100.0000","88502","Acceptable PM2.5 AQI & Speciation Mass","49420","Yakima, WA","53","Washington","077","Yakima","46.319320471","-119.999677425"
"03/31/2020","AirNow","530770005","4","1.5","ug/m3 LC","6","Sunnyside-S16th St (Harrison Middle School)","1","100.0000","88502","Acceptable PM2.5 AQI & Speciation Mass","49420","Yakima, WA","53","Washington","077","Yakima","46.319320471","-119.999677425"
"04/01/2020","AirNow","530770005","4","4.8","ug/m3 LC","20","Sunnyside-S16th St (Harrison Middle School)","1","100.0000","88502","Acceptable PM2.5 AQI & Speciation Mass","49420","Yakima, WA","53","Washington","077","Yakima","46.319320471","-119.999677425"
"04/02/2020","AirNow","530770005","4","10.2","ug/m3 LC","43","Sunnyside-S16th St (Harrison Middle School)","1","100.0000","88502","Acceptable PM2.5 AQI & Speciation Mass","49420","Yakima, WA","53","Washington","077","Yakima","46.319320471","-119.999677425"
"04/03/2020","AirNow","530770005","4","7.1","ug/m3 LC","30","Sunnyside-S16th St (Harrison Middle School)","1","100.0000","88502","Acceptable PM2.5 AQI & Speciation Mass","49420","Yakima, WA","53","Washington","077","Yakima","46.319320471","-119.999677425"
"04/04/2020","AirNow","530770005","4","5.7","ug/m3 LC","24","Sunnyside-S16th St (Harrison Middle School)","1","100.0000","88502","Acceptable PM2.5 AQI & Speciation Mass","49420","Yakima, WA","53","Washington","077","Yakima","46.319320471","-119.999677425"
"04/05/2020","AirNow","530770005","4","6.6","ug/m3 LC","28","Sunnyside-S16th St (Harrison Middle School)","1","100.0000","88502","Acceptable PM2.5 AQI & Speciation Mass","49420","Yakima, WA","53","Washington","077","Yakima","46.319320471","-119.999677425"
"04/06/2020","AirNow","530770005","4","8.2","ug/m3 LC","34","Sunnyside-S16th St (Harrison Middle School)","1","100.0000","88502","Acceptable PM2.5 AQI & Speciation Mass","49420","Yakima, WA","53","Washington","077","Yakima","46.319320471","-119.999677425"
"04/07/2020","AirNow","530770005","4","8.6","ug/m3 LC","36","Sunnyside-S16th St (Harrison Middle School)","1","100.0000","88502","Acceptable PM2.5 AQI & Speciation Mass","49420","Yakima, WA","53","Washington","077","Yakima","46.319320471","-119.999677425"
"04/08/2020","AirNow","530770005","4","9.4","ug/m3 LC","39","Sunnyside-S16th St (Harrison Middle School)","1","100.0000","88502","Acceptable PM2.5 AQI & Speciation Mass","49420","Yakima, WA","53","Washington","077","Yakima","46.319320471","-119.999677425"
"04/09/2020","AirNow","530770005","4","11","ug/m3 LC","46","Sunnyside-S16th St (Harrison Middle School)","1","100.0000","88502","Acceptable PM2.5 AQI & Speciation Mass","49420","Yakima, WA","53","Washington","077","Yakima","46.319320471","-119.999677425"
"04/10/2020","AirNow","530770005","4","8.1","ug/m3 LC","34","Sunnyside-S16th St (Harrison Middle School)","1","100.0000","88502","Acceptable PM2.5 AQI & Speciation Mass","49420","Yakima, WA","53","Washington","077","Yakima","46.319320471","-119.999677425"
"04/11/2020","AirNow","530770005","4","4.2","ug/m3 LC","18","Sunnyside-S16th St (Harrison Middle School)","1","100.0000","88502","Acceptable PM2.5 AQI & Speciation Mass","49420","Yakima, WA","53","Washington","077","Yakima","46.319320471","-119.999677425"
"04/12/2020","AirNow","530770005","4","5.4","ug/m3 LC","23","Sunnyside-S16th St (Harrison Middle School)","1","100.0000","88502","Acceptable PM2.5 AQI & Speciation Mass","49420","Yakima, WA","53","Washington","077","Yakima","46.319320471","-119.999677425"
"04/13/2020","AirNow","530770005","4","7.7","ug/m3 LC","32","Sunnyside-S16th St (Harrison Middle School)","1","100.0000","88502","Acceptable PM2.5 AQI & Speciation Mass","49420","Yakima, WA","53","Washington","077","Yakima","46.319320471","-119.999677425"
"04/14/2020","AirNow","530770005","4","7.1","ug/m3 LC","30","Sunnyside-S16th St (Harrison Middle School)","1","100.0000","88502","Acceptable PM2.5 AQI & Speciation Mass","49420","Yakima, WA","53","Washington","077","Yakima","46.319320471","-119.999677425"
"04/15/2020","AirNow","530770005","4","4.6","ug/m3 LC","19","Sunnyside-S16th St (Harrison Middle School)","1","100.0000","88502","Acceptable PM2.5 AQI & Speciation Mass","49420","Yakima, WA","53","Washington","077","Yakima","46.319320471","-119.999677425"
"04/16/2020","AirNow","530770005","4","5.4","ug/m3 LC","23","Sunnyside-S16th St (Harrison Middle School)","1","100.0000","88502","Acceptable PM2.5 AQI & Speciation Mass","49420","Yakima, WA","53","Washington","077","Yakima","46.319320471","-119.999677425"
"04/17/2020","AirNow","530770005","4","8","ug/m3 LC","33","Sunnyside-S16th St (Harrison Middle School)","1","100.0000","88502","Acceptable PM2.5 AQI & Speciation Mass","49420","Yakima, WA","53","Washington","077","Yakima","46.319320471","-119.999677425"
"04/18/2020","AirNow","530770005","4","8.4","ug/m3 LC","35","Sunnyside-S16th St (Harrison Middle School)","1","100.0000","88502","Acceptable PM2.5 AQI & Speciation Mass","49420","Yakima, WA","53","Washington","077","Yakima","46.319320471","-119.999677425"
"04/19/2020","AirNow","530770005","4","5.1","ug/m3 LC","21","Sunnyside-S16th St (Harrison Middle School)","1","100.0000","88502","Acceptable PM2.5 AQI & Speciation Mass","49420","Yakima, WA","53","Washington","077","Yakima","46.319320471","-119.999677425"
"04/20/2020","AirNow","530770005","4","7.4","ug/m3 LC","31","Sunnyside-S16th St (Harrison Middle School)","1","100.0000","88502","Acceptable PM2.5 AQI & Speciation Mass","49420","Yakima, WA","53","Washington","077","Yakima","46.319320471","-119.999677425"
"04/21/2020","AirNow","530770005","4","6","ug/m3 LC","25","Sunnyside-S16th St (Harrison Middle School)","1","100.0000","88502","Acceptable PM2.5 AQI & Speciation Mass","49420","Yakima, WA","53","Washington","077","Yakima","46.319320471","-119.999677425"
"04/22/2020","AirNow","530770005","4","5","ug/m3 LC","21","Sunnyside-S16th St (Harrison Middle School)","1","100.0000","88502","Acceptable PM2.5 AQI & Speciation Mass","49420","Yakima, WA","53","Washington","077","Yakima","46.319320471","-119.999677425"
"04/23/2020","AirNow","530770005","4","2.3","ug/m3 LC","10","Sunnyside-S16th St (Harrison Middle School)","1","100.0000","88502","Acceptable PM2.5 AQI & Speciation Mass","49420","Yakima, WA","53","Washington","077","Yakima","46.319320471","-119.999677425"
"04/24/2020","AirNow","530770005","4","5","ug/m3 LC","21","Sunnyside-S16th St (Harrison Middle School)","1","100.0000","88502","Acceptable PM2.5 AQI & Speciation Mass","49420","Yakima, WA","53","Washington","077","Yakima","46.319320471","-119.999677425"
"04/25/2020","AirNow","530770005","4","4.6","ug/m3 LC","19","Sunnyside-S16th St (Harrison Middle School)","1","100.0000","88502","Acceptable PM2.5 AQI & Speciation Mass","49420","Yakima, WA","53","Washington","077","Yakima","46.319320471","-119.999677425"
"04/26/2020","AirNow","530770005","4","5.5","ug/m3 LC","23","Sunnyside-S16th St (Harrison Middle School)","1","100.0000","88502","Acceptable PM2.5 AQI & Speciation Mass","49420","Yakima, WA","53","Washington","077","Yakima","46.319320471","-119.999677425"
"04/27/2020","AirNow","530770005","4","3.6","ug/m3 LC","15","Sunnyside-S16th St (Harrison Middle School)","1","100.0000","88502","Acceptable PM2.5 AQI & Speciation Mass","49420","Yakima, WA","53","Washington","077","Yakima","46.319320471","-119.999677425"
"04/28/2020","AirNow","530770005","4","6.3","ug/m3 LC","26","Sunnyside-S16th St (Harrison Middle School)","1","100.0000","88502","Acceptable PM2.5 AQI & Speciation Mass","49420","Yakima, WA","53","Washington","077","Yakima","46.319320471","-119.999677425"
"04/29/2020","AirNow","530770005","4","6.9","ug/m3 LC","29","Sunnyside-S16th St (Harrison Middle School)","1","100.0000","88502","Acceptable PM2.5 AQI & Speciation Mass","49420","Yakima, WA","53","Washington","077","Yakima","46.319320471","-119.999677425"
"04/30/2020","AirNow","530770005","4","3","ug/m3 LC","13","Sunnyside-S16th St (Harrison Middle School)","1","100.0000","88502","Acceptable PM2.5 AQI & Speciation Mass","49420","Yakima, WA","53","Washington","077","Yakima","46.319320471","-119.999677425"
"05/01/2020","AirNow","530770005","4","5.3","ug/m3 LC","22","Sunnyside-S16th St (Harrison Middle School)","1","100.0000","88502","Acceptable PM2.5 AQI & Speciation Mass","49420","Yakima, WA","53","Washington","077","Yakima","46.319320471","-119.999677425"
"05/02/2020","AirNow","530770005","4","6.1","ug/m3 LC","25","Sunnyside-S16th St (Harrison Middle School)","1","100.0000","88502","Acceptable PM2.5 AQI & Speciation Mass","49420","Yakima, WA","53","Washington","077","Yakima","46.319320471","-119.999677425"
"01/01/2020","AQS","530770009","1","1.1","ug/m3 LC","5","YAKIMA - 4TH AVE","1","100.0000","88101","PM2.5 - Local Conditions","49420","Yakima, WA","53","Washington","077","Yakima","46.598056","-120.499167"
"01/04/2020","AQS","530770009","1","1.8","ug/m3 LC","8","YAKIMA - 4TH AVE","1","100.0000","88101","PM2.5 - Local Conditions","49420","Yakima, WA","53","Washington","077","Yakima","46.598056","-120.499167"
"01/07/2020","AQS","530770009","1","0.8","ug/m3 LC","3","YAKIMA - 4TH AVE","1","100.0000","88101","PM2.5 - Local Conditions","49420","Yakima, WA","53","Washington","077","Yakima","46.598056","-120.499167"
"01/10/2020","AQS","530770009","1","15.8","ug/m3 LC","59","YAKIMA - 4TH AVE","1","100.0000","88101","PM2.5 - Local Conditions","49420","Yakima, WA","53","Washington","077","Yakima","46.598056","-120.499167"
"01/13/2020","AQS","530770009","1","3.2","ug/m3 LC","13","YAKIMA - 4TH AVE","1","100.0000","88101","PM2.5 - Local Conditions","49420","Yakima, WA","53","Washington","077","Yakima","46.598056","-120.499167"
"01/19/2020","AQS","530770009","1","15.4","ug/m3 LC","58","YAKIMA - 4TH AVE","1","100.0000","88101","PM2.5 - Local Conditions","49420","Yakima, WA","53","Washington","077","Yakima","46.598056","-120.499167"
"01/22/2020","AQS","530770009","1","23.2","ug/m3 LC","74","YAKIMA - 4TH AVE","1","100.0000","88101","PM2.5 - Local Conditions","49420","Yakima, WA","53","Washington","077","Yakima","46.598056","-120.499167"
"01/25/2020","AQS","530770009","1","5","ug/m3 LC","21","YAKIMA - 4TH AVE","1","100.0000","88101","PM2.5 - Local Conditions","49420","Yakima, WA","53","Washington","077","Yakima","46.598056","-120.499167"
"01/28/2020","AQS","530770009","1","6.1","ug/m3 LC","25","YAKIMA - 4TH AVE","1","100.0000","88101","PM2.5 - Local Conditions","49420","Yakima, WA","53","Washington","077","Yakima","46.598056","-120.499167"
"01/31/2020","AQS","530770009","1","9.8","ug/m3 LC","41","YAKIMA - 4TH AVE","1","100.0000","88101","PM2.5 - Local Conditions","49420","Yakima, WA","53","Washington","077","Yakima","46.598056","-120.499167"
"01/01/2020","AQS","530770009","5","1.7","ug/m3 LC","7","YAKIMA - 4TH AVE","1","100.0000","88101","PM2.5 - Local Conditions","49420","Yakima, WA","53","Washington","077","Yakima","46.598056","-120.499167"
"01/02/2020","AQS","530770009","5","3.5","ug/m3 LC","15","YAKIMA - 4TH AVE","1","100.0000","88101","PM2.5 - Local Conditions","49420","Yakima, WA","53","Washington","077","Yakima","46.598056","-120.499167"
"01/03/2020","AQS","530770009","5","15.4","ug/m3 LC","58","YAKIMA - 4TH AVE","1","100.0000","88101","PM2.5 - Local Conditions","49420","Yakima, WA","53","Washington","077","Yakima","46.598056","-120.499167"
"01/04/2020","AQS","530770009","5","2.6","ug/m3 LC","11","YAKIMA - 4TH AVE","1","100.0000","88101","PM2.5 - Local Conditions","49420","Yakima, WA","53","Washington","077","Yakima","46.598056","-120.499167"
"01/05/2020","AQS","530770009","5","5.4","ug/m3 LC","23","YAKIMA - 4TH AVE","1","100.0000","88101","PM2.5 - Local Conditions","49420","Yakima, WA","53","Washington","077","Yakima","46.598056","-120.499167"
"01/06/2020","AQS","530770009","5","6.3","ug/m3 LC","26","YAKIMA - 4TH AVE","1","100.0000","88101","PM2.5 - Local Conditions","49420","Yakima, WA","53","Washington","077","Yakima","46.598056","-120.499167"
"01/07/2020","AQS","530770009","5","1.5","ug/m3 LC","6","YAKIMA - 4TH AVE","1","100.0000","88101","PM2.5 - Local Conditions","49420","Yakima, WA","53","Washington","077","Yakima","46.598056","-120.499167"
"01/08/2020","AQS","530770009","5","2.4","ug/m3 LC","10","YAKIMA - 4TH AVE","1","100.0000","88101","PM2.5 - Local Conditions","49420","Yakima, WA","53","Washington","077","Yakima","46.598056","-120.499167"
"01/09/2020","AQS","530770009","5","8.7","ug/m3 LC","36","YAKIMA - 4TH AVE","1","100.0000","88101","PM2.5 - Local Conditions","49420","Yakima, WA","53","Washington","077","Yakima","46.598056","-120.499167"
"01/10/2020","AQS","530770009","5","16.3","ug/m3 LC","60","YAKIMA - 4TH AVE","1","100.0000","88101","PM2.5 - Local Conditions","49420","Yakima, WA","53","Washington","077","Yakima","46.598056","-120.499167"
"01/11/2020","AQS","530770009","5","7.2","ug/m3 LC","30","YAKIMA - 4TH AVE","1","100.0000","88101","PM2.5 - Local Conditions","49420","Yakima, WA","53","Washington","077","Yakima","46.598056","-120.499167"
"01/12/2020","AQS","530770009","5","3.3","ug/m3 LC","14","YAKIMA - 4TH AVE","1","100.0000","88101","PM2.5 - Local Conditions","49420","Yakima, WA","53","Washington","077","Yakima","46.598056","-120.499167"
"01/13/2020","AQS","530770009","5","4.2","ug/m3 LC","18","YAKIMA - 4TH AVE","1","100.0000","88101","PM2.5 - Local Conditions","49420","Yakima, WA","53","Washington","077","Yakima","46.598056","-120.499167"
"01/14/2020","AQS","530770009","5","9.2","ug/m3 LC","38","YAKIMA - 4TH AVE","1","100.0000","88101","PM2.5 - Local Conditions","49420","Yakima, WA","53","Washington","077","Yakima","46.598056","-120.499167"
"01/15/2020","AQS","530770009","5","12.5","ug/m3 LC","52","YAKIMA - 4TH AVE","1","100.0000","88101","PM2.5 - Local Conditions","49420","Yakima, WA","53","Washington","077","Yakima","46.598056","-120.499167"
"01/16/2020","AQS","530770009","5","19.9","ug/m3 LC","67","YAKIMA - 4TH AVE","1","100.0000","88101","PM2.5 - Local Conditions","49420","Yakima, WA","53","Washington","077","Yakima","46.598056","-120.499167"
"01/17/2020","AQS","530770009","5","30.7","ug/m3 LC","90","YAKIMA - 4TH AVE","1","100.0000","88101","PM2.5 - Local Conditions","49420","Yakima, WA","53","Washington","077","Yakima","46.598056","-120.499167"
"01/18/2020","AQS","530770009","5","26.6","ug/m3 LC","81","YAKIMA - 4TH AVE","1","100.0000","88101","PM2.5 - Local Conditions","49420","Yakima, WA","53","Washington","077","Yakima","46.598056","-120.499167"
"01/19/2020","AQS","530770009","5","15.4","ug/m3 LC","58","YAKIMA - 4TH AVE","1","100.0000","88101","PM2.5 - Local Conditions","49420","Yakima, WA","53","Washington","077","Yakima","46.598056","-120.499167"
"01/20/2020","AQS","530770009","5","15.6","ug/m3 LC","58","YAKIMA - 4TH AVE","1","100.0000","88101","PM2.5 - Local Conditions","49420","Yakima, WA","53","Washington","077","Yakima","46.598056","-120.499167"
"01/21/2020","AQS","530770009","5","18.7","ug/m3 LC","65","YAKIMA - 4TH AVE","1","100.0000","88101","PM2.5 - Local Conditions","49420","Yakima, WA","53","Washington","077","Yakima","46.598056","-120.499167"
"01/22/2020","AQS","530770009","5","23.7","ug/m3 LC","75","YAKIMA - 4TH AVE","1","100.0000","88101","PM2.5 - Local Conditions","49420","Yakima, WA","53","Washington","077","Yakima","46.598056","-120.499167"
"01/23/2020","AQS","530770009","5","15.4","ug/m3 LC","58","YAKIMA - 4TH AVE","1","100.0000","88101","PM2.5 - Local Conditions","49420","Yakima, WA","53","Washington","077","Yakima","46.598056","-120.499167"
"01/24/2020","AQS","530770009","5","13.7","ug/m3 LC","54","YAKIMA - 4TH AVE","1","100.0000","88101","PM2.5 - Local Conditions","49420","Yakima, WA","53","Washington","077","Yakima","46.598056","-120.499167"
"01/25/2020","AQS","530770009","5","6.3","ug/m3 LC","26","YAKIMA - 4TH AVE","1","100.0000","88101","PM2.5 - Local Conditions","49420","Yakima, WA","53","Washington","077","Yakima","46.598056","-120.499167"
"01/26/2020","AQS","530770009","5","5.3","ug/m3 LC","22","YAKIMA - 4TH AVE","1","100.0000","88101","PM2.5 - Local Conditions","49420","Yakima, WA","53","Washington","077","Yakima","46.598056","-120.499167"
"01/27/2020","AQS","530770009","5","9.1","ug/m3 LC","38","YAKIMA - 4TH AVE","1","100.0000","88101","PM2.5 - Local Conditions","49420","Yakima, WA","53","Washington","077","Yakima","46.598056","-120.499167"
"01/28/2020","AQS","530770009","5","7.4","ug/m3 LC","31","YAKIMA - 4TH AVE","1","100.0000","88101","PM2.5 - Local Conditions","49420","Yakima, WA","53","Washington","077","Yakima","46.598056","-120.499167"
"01/29/2020","AQS","530770009","5","13","ug/m3 LC","53","YAKIMA - 4TH AVE","1","100.0000","88101","PM2.5 - Local Conditions","49420","Yakima, WA","53","Washington","077","Yakima","46.598056","-120.499167"
"01/30/2020","AQS","530770009","5","10.8","ug/m3 LC","45","YAKIMA - 4TH AVE","1","100.0000","88101","PM2.5 - Local Conditions","49420","Yakima, WA","53","Washington","077","Yakima","46.598056","-120.499167"
"01/31/2020","AQS","530770009","5","11.1","ug/m3 LC","46","YAKIMA - 4TH AVE","1","100.0000","88101","PM2.5 - Local Conditions","49420","Yakima, WA","53","Washington","077","Yakima","46.598056","-120.499167"
"02/01/2020","AirNow","530770009","5","0.7","ug/m3 LC","3","YAKIMA - 4TH AVE","1","100.0000","88101","PM2.5 - Local Conditions","49420","Yakima, WA","53","Washington","077","Yakima","46.598056","-120.499167"
"02/02/2020","AirNow","530770009","5","6.2","ug/m3 LC","26","YAKIMA - 4TH AVE","1","100.0000","88101","PM2.5 - Local Conditions","49420","Yakima, WA","53","Washington","077","Yakima","46.598056","-120.499167"
"02/03/2020","AirNow","530770009","5","7.9","ug/m3 LC","33","YAKIMA - 4TH AVE","1","100.0000","88101","PM2.5 - Local Conditions","49420","Yakima, WA","53","Washington","077","Yakima","46.598056","-120.499167"
"02/04/2020","AirNow","530770009","5","11.7","ug/m3 LC","49","YAKIMA - 4TH AVE","1","100.0000","88101","PM2.5 - Local Conditions","49420","Yakima, WA","53","Washington","077","Yakima","46.598056","-120.499167"
"02/05/2020","AirNow","530770009","5","17.3","ug/m3 LC","62","YAKIMA - 4TH AVE","1","100.0000","88101","PM2.5 - Local Conditions","49420","Yakima, WA","53","Washington","077","Yakima","46.598056","-120.499167"
"02/06/2020","AirNow","530770009","5","5.2","ug/m3 LC","22","YAKIMA - 4TH AVE","1","100.0000","88101","PM2.5 - Local Conditions","49420","Yakima, WA","53","Washington","077","Yakima","46.598056","-120.499167"
"02/07/2020","AirNow","530770009","5","4.1","ug/m3 LC","17","YAKIMA - 4TH AVE","1","100.0000","88101","PM2.5 - Local Conditions","49420","Yakima, WA","53","Washington","077","Yakima","46.598056","-120.499167"
"02/08/2020","AirNow","530770009","5","2.9","ug/m3 LC","12","YAKIMA - 4TH AVE","1","100.0000","88101","PM2.5 - Local Conditions","49420","Yakima, WA","53","Washington","077","Yakima","46.598056","-120.499167"
"02/09/2020","AirNow","530770009","5","5.4","ug/m3 LC","23","YAKIMA - 4TH AVE","1","100.0000","88101","PM2.5 - Local Conditions","49420","Yakima, WA","53","Washington","077","Yakima","46.598056","-120.499167"
"02/10/2020","AirNow","530770009","5","6.2","ug/m3 LC","26","YAKIMA - 4TH AVE","1","100.0000","88101","PM2.5 - Local Conditions","49420","Yakima, WA","53","Washington","077","Yakima","46.598056","-120.499167"
"02/11/2020","AirNow","530770009","5","8.5","ug/m3 LC","35","YAKIMA - 4TH AVE","1","100.0000","88101","PM2.5 - Local Conditions","49420","Yakima, WA","53","Washington","077","Yakima","46.598056","-120.499167"
"02/12/2020","AirNow","530770009","5","6.5","ug/m3 LC","27","YAKIMA - 4TH AVE","1","100.0000","88101","PM2.5 - Local Conditions","49420","Yakima, WA","53","Washington","077","Yakima","46.598056","-120.499167"
"02/13/2020","AirNow","530770009","5","9.7","ug/m3 LC","40","YAKIMA - 4TH AVE","1","100.0000","88101","PM2.5 - Local Conditions","49420","Yakima, WA","53","Washington","077","Yakima","46.598056","-120.499167"
"02/14/2020","AirNow","530770009","5","4.2","ug/m3 LC","18","YAKIMA - 4TH AVE","1","100.0000","88101","PM2.5 - Local Conditions","49420","Yakima, WA","53","Washington","077","Yakima","46.598056","-120.499167"
"02/15/2020","AirNow","530770009","5","7.7","ug/m3 LC","32","YAKIMA - 4TH AVE","1","100.0000","88101","PM2.5 - Local Conditions","49420","Yakima, WA","53","Washington","077","Yakima","46.598056","-120.499167"
"02/16/2020","AirNow","530770009","5","4.7","ug/m3 LC","20","YAKIMA - 4TH AVE","1","100.0000","88101","PM2.5 - Local Conditions","49420","Yakima, WA","53","Washington","077","Yakima","46.598056","-120.499167"
"02/17/2020","AirNow","530770009","5","6.4","ug/m3 LC","27","YAKIMA - 4TH AVE","1","100.0000","88101","PM2.5 - Local Conditions","49420","Yakima, WA","53","Washington","077","Yakima","46.598056","-120.499167"
"02/18/2020","AirNow","530770009","5","5.2","ug/m3 LC","22","YAKIMA - 4TH AVE","1","100.0000","88101","PM2.5 - Local Conditions","49420","Yakima, WA","53","Washington","077","Yakima","46.598056","-120.499167"
"02/19/2020","AirNow","530770009","5","8.1","ug/m3 LC","34","YAKIMA - 4TH AVE","1","100.0000","88101","PM2.5 - Local Conditions","49420","Yakima, WA","53","Washington","077","Yakima","46.598056","-120.499167"
"02/20/2020","AirNow","530770009","5","11.8","ug/m3 LC","49","YAKIMA - 4TH AVE","1","100.0000","88101","PM2.5 - Local Conditions","49420","Yakima, WA","53","Washington","077","Yakima","46.598056","-120.499167"
"02/21/2020","AirNow","530770009","5","16.9","ug/m3 LC","61","YAKIMA - 4TH AVE","1","100.0000","88101","PM2.5 - Local Conditions","49420","Yakima, WA","53","Washington","077","Yakima","46.598056","-120.499167"
"02/22/2020","AirNow","530770009","5","15.4","ug/m3 LC","58","YAKIMA - 4TH AVE","1","100.0000","88101","PM2.5 - Local Conditions","49420","Yakima, WA","53","Washington","077","Yakima","46.598056","-120.499167"
"02/23/2020","AirNow","530770009","5","4.6","ug/m3 LC","19","YAKIMA - 4TH AVE","1","100.0000","88101","PM2.5 - Local Conditions","49420","Yakima, WA","53","Washington","077","Yakima","46.598056","-120.499167"
"02/24/2020","AirNow","530770009","5","4.7","ug/m3 LC","20","YAKIMA - 4TH AVE","1","100.0000","88101","PM2.5 - Local Conditions","49420","Yakima, WA","53","Washington","077","Yakima","46.598056","-120.499167"
"02/25/2020","AirNow","530770009","5","8.7","ug/m3 LC","36","YAKIMA - 4TH AVE","1","100.0000","88101","PM2.5 - Local Conditions","49420","Yakima, WA","53","Washington","077","Yakima","46.598056","-120.499167"
"02/26/2020","AirNow","530770009","5","11.2","ug/m3 LC","47","YAKIMA - 4TH AVE","1","100.0000","88101","PM2.5 - Local Conditions","49420","Yakima, WA","53","Washington","077","Yakima","46.598056","-120.499167"
"02/27/2020","AirNow","530770009","5","9.2","ug/m3 LC","38","YAKIMA - 4TH AVE","1","100.0000","88101","PM2.5 - Local Conditions","49420","Yakima, WA","53","Washington","077","Yakima","46.598056","-120.499167"
"02/28/2020","AirNow","530770009","5","7.7","ug/m3 LC","32","YAKIMA - 4TH AVE","1","100.0000","88101","PM2.5 - Local Conditions","49420","Yakima, WA","53","Washington","077","Yakima","46.598056","-120.499167"
"02/29/2020","AirNow","530770009","5","2.2","ug/m3 LC","9","YAKIMA - 4TH AVE","1","100.0000","88101","PM2.5 - Local Conditions","49420","Yakima, WA","53","Washington","077","Yakima","46.598056","-120.499167"
"03/01/2020","AirNow","530770009","5","3.8","ug/m3 LC","16","YAKIMA - 4TH AVE","1","100.0000","88101","PM2.5 - Local Conditions","49420","Yakima, WA","53","Washington","077","Yakima","46.598056","-120.499167"
"03/02/2020","AirNow","530770009","5","3.1","ug/m3 LC","13","YAKIMA - 4TH AVE","1","100.0000","88101","PM2.5 - Local Conditions","49420","Yakima, WA","53","Washington","077","Yakima","46.598056","-120.499167"
"03/03/2020","AirNow","530770009","5","5","ug/m3 LC","21","YAKIMA - 4TH AVE","1","100.0000","88101","PM2.5 - Local Conditions","49420","Yakima, WA","53","Washington","077","Yakima","46.598056","-120.499167"
"03/04/2020","AirNow","530770009","5","2.7","ug/m3 LC","11","YAKIMA - 4TH AVE","1","100.0000","88101","PM2.5 - Local Conditions","49420","Yakima, WA","53","Washington","077","Yakima","46.598056","-120.499167"
"03/05/2020","AirNow","530770009","5","10.2","ug/m3 LC","43","YAKIMA - 4TH AVE","1","100.0000","88101","PM2.5 - Local Conditions","49420","Yakima, WA","53","Washington","077","Yakima","46.598056","-120.499167"
"03/06/2020","AirNow","530770009","5","6.5","ug/m3 LC","27","YAKIMA - 4TH AVE","1","100.0000","88101","PM2.5 - Local Conditions","49420","Yakima, WA","53","Washington","077","Yakima","46.598056","-120.499167"
"03/07/2020","AirNow","530770009","5","4.7","ug/m3 LC","20","YAKIMA - 4TH AVE","1","100.0000","88101","PM2.5 - Local Conditions","49420","Yakima, WA","53","Washington","077","Yakima","46.598056","-120.499167"
"03/08/2020","AirNow","530770009","5","6.9","ug/m3 LC","29","YAKIMA - 4TH AVE","1","100.0000","88101","PM2.5 - Local Conditions","49420","Yakima, WA","53","Washington","077","Yakima","46.598056","-120.499167"
"03/09/2020","AirNow","530770009","5","5.6","ug/m3 LC","23","YAKIMA - 4TH AVE","1","100.0000","88101","PM2.5 - Local Conditions","49420","Yakima, WA","53","Washington","077","Yakima","46.598056","-120.499167"
"03/10/2020","AirNow","530770009","5","9.7","ug/m3 LC","40","YAKIMA - 4TH AVE","1","100.0000","88101","PM2.5 - Local Conditions","49420","Yakima, WA","53","Washington","077","Yakima","46.598056","-120.499167"
"03/11/2020","AirNow","530770009","5","7.1","ug/m3 LC","30","YAKIMA - 4TH AVE","1","100.0000","88101","PM2.5 - Local Conditions","49420","Yakima, WA","53","Washington","077","Yakima","46.598056","-120.499167"
"03/12/2020","AirNow","530770009","5","4.6","ug/m3 LC","19","YAKIMA - 4TH AVE","1","100.0000","88101","PM2.5 - Local Conditions","49420","Yakima, WA","53","Washington","077","Yakima","46.598056","-120.499167"
"03/13/2020","AirNow","530770009","5","4.4","ug/m3 LC","18","YAKIMA - 4TH AVE","1","100.0000","88101","PM2.5 - Local Conditions","49420","Yakima, WA","53","Washington","077","Yakima","46.598056","-120.499167"
"03/14/2020","AirNow","530770009","5","4.8","ug/m3 LC","20","YAKIMA - 4TH AVE","1","100.0000","88101","PM2.5 - Local Conditions","49420","Yakima, WA","53","Washington","077","Yakima","46.598056","-120.499167"
"03/15/2020","AirNow","530770009","5","4","ug/m3 LC","17","YAKIMA - 4TH AVE","1","100.0000","88101","PM2.5 - Local Conditions","49420","Yakima, WA","53","Washington","077","Yakima","46.598056","-120.499167"
"03/16/2020","AirNow","530770009","5","6","ug/m3 LC","25","YAKIMA - 4TH AVE","1","100.0000","88101","PM2.5 - Local Conditions","49420","Yakima, WA","53","Washington","077","Yakima","46.598056","-120.499167"
"03/17/2020","AirNow","530770009","5","10.2","ug/m3 LC","43","YAKIMA - 4TH AVE","1","100.0000","88101","PM2.5 - Local Conditions","49420","Yakima, WA","53","Washington","077","Yakima","46.598056","-120.499167"
"03/18/2020","AirNow","530770009","5","6.7","ug/m3 LC","28","YAKIMA - 4TH AVE","1","100.0000","88101","PM2.5 - Local Conditions","49420","Yakima, WA","53","Washington","077","Yakima","46.598056","-120.499167"
"03/19/2020","AirNow","530770009","5","9.3","ug/m3 LC","39","YAKIMA - 4TH AVE","1","100.0000","88101","PM2.5 - Local Conditions","49420","Yakima, WA","53","Washington","077","Yakima","46.598056","-120.499167"
"03/20/2020","AirNow","530770009","5","7.7","ug/m3 LC","32","YAKIMA - 4TH AVE","1","100.0000","88101","PM2.5 - Local Conditions","49420","Yakima, WA","53","Washington","077","Yakima","46.598056","-120.499167"
"03/21/2020","AirNow","530770009","5","5.9","ug/m3 LC","25","YAKIMA - 4TH AVE","1","100.0000","88101","PM2.5 - Local Conditions","49420","Yakima, WA","53","Washington","077","Yakima","46.598056","-120.499167"
"03/22/2020","AirNow","530770009","5","7.6","ug/m3 LC","32","YAKIMA - 4TH AVE","1","100.0000","88101","PM2.5 - Local Conditions","49420","Yakima, WA","53","Washington","077","Yakima","46.598056","-120.499167"
"03/23/2020","AirNow","530770009","5","3.7","ug/m3 LC","15","YAKIMA - 4TH AVE","1","100.0000","88101","PM2.5 - Local Conditions","49420","Yakima, WA","53","Washington","077","Yakima","46.598056","-120.499167"
"03/24/2020","AirNow","530770009","5","3.5","ug/m3 LC","15","YAKIMA - 4TH AVE","1","100.0000","88101","PM2.5 - Local Conditions","49420","Yakima, WA","53","Washington","077","Yakima","46.598056","-120.499167"
"03/25/2020","AirNow","530770009","5","3.5","ug/m3 LC","15","YAKIMA - 4TH AVE","1","100.0000","88101","PM2.5 - Local Conditions","49420","Yakima, WA","53","Washington","077","Yakima","46.598056","-120.499167"
"03/26/2020","AirNow","530770009","5","4.9","ug/m3 LC","20","YAKIMA - 4TH AVE","1","100.0000","88101","PM2.5 - Local Conditions","49420","Yakima, WA","53","Washington","077","Yakima","46.598056","-120.499167"
"03/27/2020","AirNow","530770009","5","4.6","ug/m3 LC","19","YAKIMA - 4TH AVE","1","100.0000","88101","PM2.5 - Local Conditions","49420","Yakima, WA","53","Washington","077","Yakima","46.598056","-120.499167"
"03/28/2020","AirNow","530770009","5","3.7","ug/m3 LC","15","YAKIMA - 4TH AVE","1","100.0000","88101","PM2.5 - Local Conditions","49420","Yakima, WA","53","Washington","077","Yakima","46.598056","-120.499167"
"03/29/2020","AirNow","530770009","5","0.7","ug/m3 LC","3","YAKIMA - 4TH AVE","1","100.0000","88101","PM2.5 - Local Conditions","49420","Yakima, WA","53","Washington","077","Yakima","46.598056","-120.499167"
"03/30/2020","AirNow","530770009","5","1.5","ug/m3 LC","6","YAKIMA - 4TH AVE","1","100.0000","88101","PM2.5 - Local Conditions","49420","Yakima, WA","53","Washington","077","Yakima","46.598056","-120.499167"
"03/31/2020","AirNow","530770009","5","1.5","ug/m3 LC","6","YAKIMA - 4TH AVE","1","100.0000","88101","PM2.5 - Local Conditions","49420","Yakima, WA","53","Washington","077","Yakima","46.598056","-120.499167"
"04/01/2020","AirNow","530770009","5","3.2","ug/m3 LC","13","YAKIMA - 4TH AVE","1","100.0000","88101","PM2.5 - Local Conditions","49420","Yakima, WA","53","Washington","077","Yakima","46.598056","-120.499167"
"04/02/2020","AirNow","530770009","5","4.3","ug/m3 LC","18","YAKIMA - 4TH AVE","1","100.0000","88101","PM2.5 - Local Conditions","49420","Yakima, WA","53","Washington","077","Yakima","46.598056","-120.499167"
"04/03/2020","AirNow","530770009","5","3.7","ug/m3 LC","15","YAKIMA - 4TH AVE","1","100.0000","88101","PM2.5 - Local Conditions","49420","Yakima, WA","53","Washington","077","Yakima","46.598056","-120.499167"
"04/04/2020","AirNow","530770009","5","2.8","ug/m3 LC","12","YAKIMA - 4TH AVE","1","100.0000","88101","PM2.5 - Local Conditions","49420","Yakima, WA","53","Washington","077","Yakima","46.598056","-120.499167"
"04/05/2020","AirNow","530770009","5","6","ug/m3 LC","25","YAKIMA - 4TH AVE","1","100.0000","88101","PM2.5 - Local Conditions","49420","Yakima, WA","53","Washington","077","Yakima","46.598056","-120.499167"
"04/06/2020","AirNow","530770009","5","5.5","ug/m3 LC","23","YAKIMA - 4TH AVE","1","100.0000","88101","PM2.5 - Local Conditions","49420","Yakima, WA","53","Washington","077","Yakima","46.598056","-120.499167"
"04/07/2020","AirNow","530770009","5","3.9","ug/m3 LC","16","YAKIMA - 4TH AVE","1","100.0000","88101","PM2.5 - Local Conditions","49420","Yakima, WA","53","Washington","077","Yakima","46.598056","-120.499167"
"04/08/2020","AirNow","530770009","5","6.8","ug/m3 LC","28","YAKIMA - 4TH AVE","1","100.0000","88101","PM2.5 - Local Conditions","49420","Yakima, WA","53","Washington","077","Yakima","46.598056","-120.499167"
"04/09/2020","AirNow","530770009","5","7.5","ug/m3 LC","31","YAKIMA - 4TH AVE","1","100.0000","88101","PM2.5 - Local Conditions","49420","Yakima, WA","53","Washington","077","Yakima","46.598056","-120.499167"
"04/10/2020","AirNow","530770009","5","3.2","ug/m3 LC","13","YAKIMA - 4TH AVE","1","100.0000","88101","PM2.5 - Local Conditions","49420","Yakima, WA","53","Washington","077","Yakima","46.598056","-120.499167"
"04/11/2020","AirNow","530770009","5","2.5","ug/m3 LC","10","YAKIMA - 4TH AVE","1","100.0000","88101","PM2.5 - Local Conditions","49420","Yakima, WA","53","Washington","077","Yakima","46.598056","-120.499167"
"04/12/2020","AirNow","530770009","5","2.5","ug/m3 LC","10","YAKIMA - 4TH AVE","1","100.0000","88101","PM2.5 - Local Conditions","49420","Yakima, WA","53","Washington","077","Yakima","46.598056","-120.499167"
"04/13/2020","AirNow","530770009","5","4","ug/m3 LC","17","YAKIMA - 4TH AVE","1","100.0000","88101","PM2.5 - Local Conditions","49420","Yakima, WA","53","Washington","077","Yakima","46.598056","-120.499167"
"04/14/2020","AirNow","530770009","5","3.6","ug/m3 LC","15","YAKIMA - 4TH AVE","1","100.0000","88101","PM2.5 - Local Conditions","49420","Yakima, WA","53","Washington","077","Yakima","46.598056","-120.499167"
"04/15/2020","AirNow","530770009","5","2.5","ug/m3 LC","10","YAKIMA - 4TH AVE","1","100.0000","88101","PM2.5 - Local Conditions","49420","Yakima, WA","53","Washington","077","Yakima","46.598056","-120.499167"
"04/16/2020","AirNow","530770009","5","3.4","ug/m3 LC","14","YAKIMA - 4TH AVE","1","100.0000","88101","PM2.5 - Local Conditions","49420","Yakima, WA","53","Washington","077","Yakima","46.598056","-120.499167"
"04/17/2020","AirNow","530770009","5","5.7","ug/m3 LC","24","YAKIMA - 4TH AVE","1","100.0000","88101","PM2.5 - Local Conditions","49420","Yakima, WA","53","Washington","077","Yakima","46.598056","-120.499167"
"04/18/2020","AirNow","530770009","5","3.6","ug/m3 LC","15","YAKIMA - 4TH AVE","1","100.0000","88101","PM2.5 - Local Conditions","49420","Yakima, WA","53","Washington","077","Yakima","46.598056","-120.499167"
"04/19/2020","AirNow","530770009","5","3.2","ug/m3 LC","13","YAKIMA - 4TH AVE","1","100.0000","88101","PM2.5 - Local Conditions","49420","Yakima, WA","53","Washington","077","Yakima","46.598056","-120.499167"
"04/20/2020","AirNow","530770009","5","4.2","ug/m3 LC","18","YAKIMA - 4TH AVE","1","100.0000","88101","PM2.5 - Local Conditions","49420","Yakima, WA","53","Washington","077","Yakima","46.598056","-120.499167"
"04/21/2020","AirNow","530770009","5","3.5","ug/m3 LC","15","YAKIMA - 4TH AVE","1","100.0000","88101","PM2.5 - Local Conditions","49420","Yakima, WA","53","Washington","077","Yakima","46.598056","-120.499167"
"04/22/2020","AirNow","530770009","5","4.2","ug/m3 LC","18","YAKIMA - 4TH AVE","1","100.0000","88101","PM2.5 - Local Conditions","49420","Yakima, WA","53","Washington","077","Yakima","46.598056","-120.499167"
"04/23/2020","AirNow","530770009","5","1.7","ug/m3 LC","7","YAKIMA - 4TH AVE","1","100.0000","88101","PM2.5 - Local Conditions","49420","Yakima, WA","53","Washington","077","Yakima","46.598056","-120.499167"
"04/24/2020","AirNow","530770009","5","4.1","ug/m3 LC","17","YAKIMA - 4TH AVE","1","100.0000","88101","PM2.5 - Local Conditions","49420","Yakima, WA","53","Washington","077","Yakima","46.598056","-120.499167"
"04/25/2020","AirNow","530770009","5","4.5","ug/m3 LC","19","YAKIMA - 4TH AVE","1","100.0000","88101","PM2.5 - Local Conditions","49420","Yakima, WA","53","Washington","077","Yakima","46.598056","-120.499167"
"04/26/2020","AirNow","530770009","5","3.2","ug/m3 LC","13","YAKIMA - 4TH AVE","1","100.0000","88101","PM2.5 - Local Conditions","49420","Yakima, WA","53","Washington","077","Yakima","46.598056","-120.499167"
"04/27/2020","AirNow","530770009","5","3.2","ug/m3 LC","13","YAKIMA - 4TH AVE","1","100.0000","88101","PM2.5 - Local Conditions","49420","Yakima, WA","53","Washington","077","Yakima","46.598056","-120.499167"
"04/28/2020","AirNow","530770009","5","3.7","ug/m3 LC","15","YAKIMA - 4TH AVE","1","100.0000","88101","PM2.5 - Local Conditions","49420","Yakima, WA","53","Washington","077","Yakima","46.598056","-120.499167"
"04/29/2020","AirNow","530770009","5","3.5","ug/m3 LC","15","YAKIMA - 4TH AVE","1","100.0000","88101","PM2.5 - Local Conditions","49420","Yakima, WA","53","Washington","077","Yakima","46.598056","-120.499167"
"04/30/2020","AirNow","530770009","5","1.5","ug/m3 LC","6","YAKIMA - 4TH AVE","1","100.0000","88101","PM2.5 - Local Conditions","49420","Yakima, WA","53","Washington","077","Yakima","46.598056","-120.499167"
"05/01/2020","AirNow","530770009","5","2.9","ug/m3 LC","12","YAKIMA - 4TH AVE","1","100.0000","88101","PM2.5 - Local Conditions","49420","Yakima, WA","53","Washington","077","Yakima","46.598056","-120.499167"
"05/02/2020","AirNow","530770009","5","3.9","ug/m3 LC","16","YAKIMA - 4TH AVE","1","100.0000","88101","PM2.5 - Local Conditions","49420","Yakima, WA","53","Washington","077","Yakima","46.598056","-120.499167"
"01/01/2020","AQS","530770015","5","2.8","ug/m3 LC","12","TOPPENISH - WARD RD (YAKAMA TRIBE)","1","100.0000","88101","PM2.5 - Local Conditions","49420","Yakima, WA","53","Washington","077","Yakima","46.38024","-120.33266"
"01/02/2020","AQS","530770015","5","3.5","ug/m3 LC","15","TOPPENISH - WARD RD (YAKAMA TRIBE)","1","100.0000","88101","PM2.5 - Local Conditions","49420","Yakima, WA","53","Washington","077","Yakima","46.38024","-120.33266"
"01/03/2020","AQS","530770015","5","9.6","ug/m3 LC","40","TOPPENISH - WARD RD (YAKAMA TRIBE)","1","100.0000","88101","PM2.5 - Local Conditions","49420","Yakima, WA","53","Washington","077","Yakima","46.38024","-120.33266"
"01/04/2020","AQS","530770015","5","3.8","ug/m3 LC","16","TOPPENISH - WARD RD (YAKAMA TRIBE)","1","100.0000","88101","PM2.5 - Local Conditions","49420","Yakima, WA","53","Washington","077","Yakima","46.38024","-120.33266"
"01/05/2020","AQS","530770015","5","1.5","ug/m3 LC","6","TOPPENISH - WARD RD (YAKAMA TRIBE)","1","100.0000","88101","PM2.5 - Local Conditions","49420","Yakima, WA","53","Washington","077","Yakima","46.38024","-120.33266"
"01/06/2020","AQS","530770015","5","0.2","ug/m3 LC","1","TOPPENISH - WARD RD (YAKAMA TRIBE)","1","100.0000","88101","PM2.5 - Local Conditions","49420","Yakima, WA","53","Washington","077","Yakima","46.38024","-120.33266"
"01/07/2020","AQS","530770015","5","1.2","ug/m3 LC","5","TOPPENISH - WARD RD (YAKAMA TRIBE)","1","100.0000","88101","PM2.5 - Local Conditions","49420","Yakima, WA","53","Washington","077","Yakima","46.38024","-120.33266"
"01/08/2020","AQS","530770015","5","2.5","ug/m3 LC","10","TOPPENISH - WARD RD (YAKAMA TRIBE)","1","100.0000","88101","PM2.5 - Local Conditions","49420","Yakima, WA","53","Washington","077","Yakima","46.38024","-120.33266"
"01/09/2020","AQS","530770015","5","11.3","ug/m3 LC","47","TOPPENISH - WARD RD (YAKAMA TRIBE)","1","100.0000","88101","PM2.5 - Local Conditions","49420","Yakima, WA","53","Washington","077","Yakima","46.38024","-120.33266"
"01/10/2020","AQS","530770015","5","8.8","ug/m3 LC","37","TOPPENISH - WARD RD (YAKAMA TRIBE)","1","100.0000","88101","PM2.5 - Local Conditions","49420","Yakima, WA","53","Washington","077","Yakima","46.38024","-120.33266"
"01/11/2020","AQS","530770015","5","2.9","ug/m3 LC","12","TOPPENISH - WARD RD (YAKAMA TRIBE)","1","100.0000","88101","PM2.5 - Local Conditions","49420","Yakima, WA","53","Washington","077","Yakima","46.38024","-120.33266"
"01/12/2020","AQS","530770015","5","1.7","ug/m3 LC","7","TOPPENISH - WARD RD (YAKAMA TRIBE)","1","100.0000","88101","PM2.5 - Local Conditions","49420","Yakima, WA","53","Washington","077","Yakima","46.38024","-120.33266"
"01/13/2020","AQS","530770015","5","4.3","ug/m3 LC","18","TOPPENISH - WARD RD (YAKAMA TRIBE)","1","100.0000","88101","PM2.5 - Local Conditions","49420","Yakima, WA","53","Washington","077","Yakima","46.38024","-120.33266"
"01/14/2020","AQS","530770015","5","9","ug/m3 LC","38","TOPPENISH - WARD RD (YAKAMA TRIBE)","1","100.0000","88101","PM2.5 - Local Conditions","49420","Yakima, WA","53","Washington","077","Yakima","46.38024","-120.33266"
"01/15/2020","AQS","530770015","5","11.4","ug/m3 LC","48","TOPPENISH - WARD RD (YAKAMA TRIBE)","1","100.0000","88101","PM2.5 - Local Conditions","49420","Yakima, WA","53","Washington","077","Yakima","46.38024","-120.33266"
"01/16/2020","AQS","530770015","5","16.7","ug/m3 LC","61","TOPPENISH - WARD RD (YAKAMA TRIBE)","1","100.0000","88101","PM2.5 - Local Conditions","49420","Yakima, WA","53","Washington","077","Yakima","46.38024","-120.33266"
"01/17/2020","AQS","530770015","5","27.9","ug/m3 LC","84","TOPPENISH - WARD RD (YAKAMA TRIBE)","1","100.0000","88101","PM2.5 - Local Conditions","49420","Yakima, WA","53","Washington","077","Yakima","46.38024","-120.33266"
"01/18/2020","AQS","530770015","5","28.1","ug/m3 LC","85","TOPPENISH - WARD RD (YAKAMA TRIBE)","1","100.0000","88101","PM2.5 - Local Conditions","49420","Yakima, WA","53","Washington","077","Yakima","46.38024","-120.33266"
"01/19/2020","AQS","530770015","5","21.5","ug/m3 LC","71","TOPPENISH - WARD RD (YAKAMA TRIBE)","1","100.0000","88101","PM2.5 - Local Conditions","49420","Yakima, WA","53","Washington","077","Yakima","46.38024","-120.33266"
"01/20/2020","AQS","530770015","5","15.9","ug/m3 LC","59","TOPPENISH - WARD RD (YAKAMA TRIBE)","1","100.0000","88101","PM2.5 - Local Conditions","49420","Yakima, WA","53","Washington","077","Yakima","46.38024","-120.33266"
"01/21/2020","AQS","530770015","5","15.2","ug/m3 LC","58","TOPPENISH - WARD RD (YAKAMA TRIBE)","1","100.0000","88101","PM2.5 - Local Conditions","49420","Yakima, WA","53","Washington","077","Yakima","46.38024","-120.33266"
"01/22/2020","AQS","530770015","5","5.8","ug/m3 LC","24","TOPPENISH - WARD RD (YAKAMA TRIBE)","1","100.0000","88101","PM2.5 - Local Conditions","49420","Yakima, WA","53","Washington","077","Yakima","46.38024","-120.33266"
"01/23/2020","AQS","530770015","5","12.1","ug/m3 LC","51","TOPPENISH - WARD RD (YAKAMA TRIBE)","1","100.0000","88101","PM2.5 - Local Conditions","49420","Yakima, WA","53","Washington","077","Yakima","46.38024","-120.33266"
"01/24/2020","AirNow","530770015","5","11.3","ug/m3 LC","47","TOPPENISH - WARD RD (YAKAMA TRIBE)","1","100.0000","88101","PM2.5 - Local Conditions","49420","Yakima, WA","53","Washington","077","Yakima","46.38024","-120.33266"
"01/25/2020","AirNow","530770015","5","10","ug/m3 LC","42","TOPPENISH - WARD RD (YAKAMA TRIBE)","1","100.0000","88101","PM2.5 - Local Conditions","49420","Yakima, WA","53","Washington","077","Yakima","46.38024","-120.33266"
"01/26/2020","AirNow","530770015","5","10","ug/m3 LC","42","TOPPENISH - WARD RD (YAKAMA TRIBE)","1","100.0000","88101","PM2.5 - Local Conditions","49420","Yakima, WA","53","Washington","077","Yakima","46.38024","-120.33266"
"01/27/2020","AirNow","530770015","5","7.3","ug/m3 LC","30","TOPPENISH - WARD RD (YAKAMA TRIBE)","1","100.0000","88101","PM2.5 - Local Conditions","49420","Yakima, WA","53","Washington","077","Yakima","46.38024","-120.33266"
"01/28/2020","AQS","530770015","5","7.4","ug/m3 LC","31","TOPPENISH - WARD RD (YAKAMA TRIBE)","1","100.0000","88101","PM2.5 - Local Conditions","49420","Yakima, WA","53","Washington","077","Yakima","46.38024","-120.33266"
"01/29/2020","AQS","530770015","5","11.9","ug/m3 LC","50","TOPPENISH - WARD RD (YAKAMA TRIBE)","1","100.0000","88101","PM2.5 - Local Conditions","49420","Yakima, WA","53","Washington","077","Yakima","46.38024","-120.33266"
"01/30/2020","AQS","530770015","5","11.5","ug/m3 LC","48","TOPPENISH - WARD RD (YAKAMA TRIBE)","1","100.0000","88101","PM2.5 - Local Conditions","49420","Yakima, WA","53","Washington","077","Yakima","46.38024","-120.33266"
"01/31/2020","AQS","530770015","5","3.7","ug/m3 LC","15","TOPPENISH - WARD RD (YAKAMA TRIBE)","1","100.0000","88101","PM2.5 - Local Conditions","49420","Yakima, WA","53","Washington","077","Yakima","46.38024","-120.33266"
"02/01/2020","AirNow","530770015","5","0.7","ug/m3 LC","3","TOPPENISH - WARD RD (YAKAMA TRIBE)","1","100.0000","88101","PM2.5 - Local Conditions","49420","Yakima, WA","53","Washington","077","Yakima","46.38024","-120.33266"
"02/02/2020","AirNow","530770015","5","5.1","ug/m3 LC","21","TOPPENISH - WARD RD (YAKAMA TRIBE)","1","100.0000","88101","PM2.5 - Local Conditions","49420","Yakima, WA","53","Washington","077","Yakima","46.38024","-120.33266"
"02/03/2020","AirNow","530770015","5","9.6","ug/m3 LC","40","TOPPENISH - WARD RD (YAKAMA TRIBE)","1","100.0000","88101","PM2.5 - Local Conditions","49420","Yakima, WA","53","Washington","077","Yakima","46.38024","-120.33266"
"02/04/2020","AirNow","530770015","5","11.7","ug/m3 LC","49","TOPPENISH - WARD RD (YAKAMA TRIBE)","1","100.0000","88101","PM2.5 - Local Conditions","49420","Yakima, WA","53","Washington","077","Yakima","46.38024","-120.33266"
"02/05/2020","AirNow","530770015","5","13.5","ug/m3 LC","54","TOPPENISH - WARD RD (YAKAMA TRIBE)","1","100.0000","88101","PM2.5 - Local Conditions","49420","Yakima, WA","53","Washington","077","Yakima","46.38024","-120.33266"
"02/06/2020","AirNow","530770015","5","6.5","ug/m3 LC","27","TOPPENISH - WARD RD (YAKAMA TRIBE)","1","100.0000","88101","PM2.5 - Local Conditions","49420","Yakima, WA","53","Washington","077","Yakima","46.38024","-120.33266"
"02/07/2020","AirNow","530770015","5","3.7","ug/m3 LC","15","TOPPENISH - WARD RD (YAKAMA TRIBE)","1","100.0000","88101","PM2.5 - Local Conditions","49420","Yakima, WA","53","Washington","077","Yakima","46.38024","-120.33266"
"02/08/2020","AirNow","530770015","5","1.5","ug/m3 LC","6","TOPPENISH - WARD RD (YAKAMA TRIBE)","1","100.0000","88101","PM2.5 - Local Conditions","49420","Yakima, WA","53","Washington","077","Yakima","46.38024","-120.33266"
"02/09/2020","AirNow","530770015","5","8.9","ug/m3 LC","37","TOPPENISH - WARD RD (YAKAMA TRIBE)","1","100.0000","88101","PM2.5 - Local Conditions","49420","Yakima, WA","53","Washington","077","Yakima","46.38024","-120.33266"
"02/10/2020","AirNow","530770015","5","10.4","ug/m3 LC","43","TOPPENISH - WARD RD (YAKAMA TRIBE)","1","100.0000","88101","PM2.5 - Local Conditions","49420","Yakima, WA","53","Washington","077","Yakima","46.38024","-120.33266"
"02/11/2020","AirNow","530770015","5","10.2","ug/m3 LC","43","TOPPENISH - WARD RD (YAKAMA TRIBE)","1","100.0000","88101","PM2.5 - Local Conditions","49420","Yakima, WA","53","Washington","077","Yakima","46.38024","-120.33266"
"02/12/2020","AirNow","530770015","5","8.7","ug/m3 LC","36","TOPPENISH - WARD RD (YAKAMA TRIBE)","1","100.0000","88101","PM2.5 - Local Conditions","49420","Yakima, WA","53","Washington","077","Yakima","46.38024","-120.33266"
"02/13/2020","AirNow","530770015","5","11","ug/m3 LC","46","TOPPENISH - WARD RD (YAKAMA TRIBE)","1","100.0000","88101","PM2.5 - Local Conditions","49420","Yakima, WA","53","Washington","077","Yakima","46.38024","-120.33266"
"02/14/2020","AirNow","530770015","5","1.8","ug/m3 LC","8","TOPPENISH - WARD RD (YAKAMA TRIBE)","1","100.0000","88101","PM2.5 - Local Conditions","49420","Yakima, WA","53","Washington","077","Yakima","46.38024","-120.33266"
"02/15/2020","AirNow","530770015","5","4.1","ug/m3 LC","17","TOPPENISH - WARD RD (YAKAMA TRIBE)","1","100.0000","88101","PM2.5 - Local Conditions","49420","Yakima, WA","53","Washington","077","Yakima","46.38024","-120.33266"
"02/16/2020","AirNow","530770015","5","3.5","ug/m3 LC","15","TOPPENISH - WARD RD (YAKAMA TRIBE)","1","100.0000","88101","PM2.5 - Local Conditions","49420","Yakima, WA","53","Washington","077","Yakima","46.38024","-120.33266"
"02/17/2020","AirNow","530770015","5","3.7","ug/m3 LC","15","TOPPENISH - WARD RD (YAKAMA TRIBE)","1","100.0000","88101","PM2.5 - Local Conditions","49420","Yakima, WA","53","Washington","077","Yakima","46.38024","-120.33266"
"02/18/2020","AirNow","530770015","5","4","ug/m3 LC","17","TOPPENISH - WARD RD (YAKAMA TRIBE)","1","100.0000","88101","PM2.5 - Local Conditions","49420","Yakima, WA","53","Washington","077","Yakima","46.38024","-120.33266"
"02/19/2020","AirNow","530770015","5","7.6","ug/m3 LC","32","TOPPENISH - WARD RD (YAKAMA TRIBE)","1","100.0000","88101","PM2.5 - Local Conditions","49420","Yakima, WA","53","Washington","077","Yakima","46.38024","-120.33266"
"02/20/2020","AirNow","530770015","5","11.8","ug/m3 LC","49","TOPPENISH - WARD RD (YAKAMA TRIBE)","1","100.0000","88101","PM2.5 - Local Conditions","49420","Yakima, WA","53","Washington","077","Yakima","46.38024","-120.33266"
"02/21/2020","AirNow","530770015","5","17.1","ug/m3 LC","62","TOPPENISH - WARD RD (YAKAMA TRIBE)","1","100.0000","88101","PM2.5 - Local Conditions","49420","Yakima, WA","53","Washington","077","Yakima","46.38024","-120.33266"
"02/22/2020","AirNow","530770015","5","18.2","ug/m3 LC","64","TOPPENISH - WARD RD (YAKAMA TRIBE)","1","100.0000","88101","PM2.5 - Local Conditions","49420","Yakima, WA","53","Washington","077","Yakima","46.38024","-120.33266"
"02/23/2020","AirNow","530770015","5","4.1","ug/m3 LC","17","TOPPENISH - WARD RD (YAKAMA TRIBE)","1","100.0000","88101","PM2.5 - Local Conditions","49420","Yakima, WA","53","Washington","077","Yakima","46.38024","-120.33266"
"02/24/2020","AirNow","530770015","5","4.7","ug/m3 LC","20","TOPPENISH - WARD RD (YAKAMA TRIBE)","1","100.0000","88101","PM2.5 - Local Conditions","49420","Yakima, WA","53","Washington","077","Yakima","46.38024","-120.33266"
"02/25/2020","AirNow","530770015","5","10.7","ug/m3 LC","45","TOPPENISH - WARD RD (YAKAMA TRIBE)","1","100.0000","88101","PM2.5 - Local Conditions","49420","Yakima, WA","53","Washington","077","Yakima","46.38024","-120.33266"
"02/26/2020","AirNow","530770015","5","13.6","ug/m3 LC","54","TOPPENISH - WARD RD (YAKAMA TRIBE)","1","100.0000","88101","PM2.5 - Local Conditions","49420","Yakima, WA","53","Washington","077","Yakima","46.38024","-120.33266"
"02/27/2020","AirNow","530770015","5","13.3","ug/m3 LC","54","TOPPENISH - WARD RD (YAKAMA TRIBE)","1","100.0000","88101","PM2.5 - Local Conditions","49420","Yakima, WA","53","Washington","077","Yakima","46.38024","-120.33266"
"02/28/2020","AirNow","530770015","5","11.9","ug/m3 LC","50","TOPPENISH - WARD RD (YAKAMA TRIBE)","1","100.0000","88101","PM2.5 - Local Conditions","49420","Yakima, WA","53","Washington","077","Yakima","46.38024","-120.33266"
"02/29/2020","AirNow","530770015","5","1.7","ug/m3 LC","7","TOPPENISH - WARD RD (YAKAMA TRIBE)","1","100.0000","88101","PM2.5 - Local Conditions","49420","Yakima, WA","53","Washington","077","Yakima","46.38024","-120.33266"
"03/01/2020","AirNow","530770015","5","2.3","ug/m3 LC","10","TOPPENISH - WARD RD (YAKAMA TRIBE)","1","100.0000","88101","PM2.5 - Local Conditions","49420","Yakima, WA","53","Washington","077","Yakima","46.38024","-120.33266"
"03/02/2020","AirNow","530770015","5","3.5","ug/m3 LC","15","TOPPENISH - WARD RD (YAKAMA TRIBE)","1","100.0000","88101","PM2.5 - Local Conditions","49420","Yakima, WA","53","Washington","077","Yakima","46.38024","-120.33266"
"03/03/2020","AirNow","530770015","5","1.8","ug/m3 LC","8","TOPPENISH - WARD RD (YAKAMA TRIBE)","1","100.0000","88101","PM2.5 - Local Conditions","49420","Yakima, WA","53","Washington","077","Yakima","46.38024","-120.33266"
"03/04/2020","AirNow","530770015","5","3.1","ug/m3 LC","13","TOPPENISH - WARD RD (YAKAMA TRIBE)","1","100.0000","88101","PM2.5 - Local Conditions","49420","Yakima, WA","53","Washington","077","Yakima","46.38024","-120.33266"
"03/05/2020","AirNow","530770015","5","8.2","ug/m3 LC","34","TOPPENISH - WARD RD (YAKAMA TRIBE)","1","100.0000","88101","PM2.5 - Local Conditions","49420","Yakima, WA","53","Washington","077","Yakima","46.38024","-120.33266"
"03/06/2020","AirNow","530770015","5","4.2","ug/m3 LC","18","TOPPENISH - WARD RD (YAKAMA TRIBE)","1","100.0000","88101","PM2.5 - Local Conditions","49420","Yakima, WA","53","Washington","077","Yakima","46.38024","-120.33266"
"03/07/2020","AirNow","530770015","5","3.1","ug/m3 LC","13","TOPPENISH - WARD RD (YAKAMA TRIBE)","1","100.0000","88101","PM2.5 - Local Conditions","49420","Yakima, WA","53","Washington","077","Yakima","46.38024","-120.33266"
"03/08/2020","AirNow","530770015","5","4.9","ug/m3 LC","20","TOPPENISH - WARD RD (YAKAMA TRIBE)","1","100.0000","88101","PM2.5 - Local Conditions","49420","Yakima, WA","53","Washington","077","Yakima","46.38024","-120.33266"
"03/09/2020","AirNow","530770015","5","7.2","ug/m3 LC","30","TOPPENISH - WARD RD (YAKAMA TRIBE)","1","100.0000","88101","PM2.5 - Local Conditions","49420","Yakima, WA","53","Washington","077","Yakima","46.38024","-120.33266"
"03/10/2020","AirNow","530770015","5","10.1","ug/m3 LC","42","TOPPENISH - WARD RD (YAKAMA TRIBE)","1","100.0000","88101","PM2.5 - Local Conditions","49420","Yakima, WA","53","Washington","077","Yakima","46.38024","-120.33266"
"03/11/2020","AirNow","530770015","5","2.2","ug/m3 LC","9","TOPPENISH - WARD RD (YAKAMA TRIBE)","1","100.0000","88101","PM2.5 - Local Conditions","49420","Yakima, WA","53","Washington","077","Yakima","46.38024","-120.33266"
"03/12/2020","AirNow","530770015","5","5.1","ug/m3 LC","21","TOPPENISH - WARD RD (YAKAMA TRIBE)","1","100.0000","88101","PM2.5 - Local Conditions","49420","Yakima, WA","53","Washington","077","Yakima","46.38024","-120.33266"
"03/13/2020","AirNow","530770015","5","7.9","ug/m3 LC","33","TOPPENISH - WARD RD (YAKAMA TRIBE)","1","100.0000","88101","PM2.5 - Local Conditions","49420","Yakima, WA","53","Washington","077","Yakima","46.38024","-120.33266"
"03/17/2020","AirNow","530770015","5","17.6","ug/m3 LC","63","TOPPENISH - WARD RD (YAKAMA TRIBE)","1","100.0000","88101","PM2.5 - Local Conditions","49420","Yakima, WA","53","Washington","077","Yakima","46.38024","-120.33266"
"03/18/2020","AirNow","530770015","5","8.2","ug/m3 LC","34","TOPPENISH - WARD RD (YAKAMA TRIBE)","1","100.0000","88101","PM2.5 - Local Conditions","49420","Yakima, WA","53","Washington","077","Yakima","46.38024","-120.33266"
"03/19/2020","AirNow","530770015","5","14.1","ug/m3 LC","55","TOPPENISH - WARD RD (YAKAMA TRIBE)","1","100.0000","88101","PM2.5 - Local Conditions","49420","Yakima, WA","53","Washington","077","Yakima","46.38024","-120.33266"
"03/20/2020","AirNow","530770015","5","12.3","ug/m3 LC","51","TOPPENISH - WARD RD (YAKAMA TRIBE)","1","100.0000","88101","PM2.5 - Local Conditions","49420","Yakima, WA","53","Washington","077","Yakima","46.38024","-120.33266"
"03/21/2020","AirNow","530770015","5","7.3","ug/m3 LC","30","TOPPENISH - WARD RD (YAKAMA TRIBE)","1","100.0000","88101","PM2.5 - Local Conditions","49420","Yakima, WA","53","Washington","077","Yakima","46.38024","-120.33266"
"03/22/2020","AirNow","530770015","5","5.7","ug/m3 LC","24","TOPPENISH - WARD RD (YAKAMA TRIBE)","1","100.0000","88101","PM2.5 - Local Conditions","49420","Yakima, WA","53","Washington","077","Yakima","46.38024","-120.33266"
"03/23/2020","AirNow","530770015","5","3.7","ug/m3 LC","15","TOPPENISH - WARD RD (YAKAMA TRIBE)","1","100.0000","88101","PM2.5 - Local Conditions","49420","Yakima, WA","53","Washington","077","Yakima","46.38024","-120.33266"
"03/24/2020","AirNow","530770015","5","2.8","ug/m3 LC","12","TOPPENISH - WARD RD (YAKAMA TRIBE)","1","100.0000","88101","PM2.5 - Local Conditions","49420","Yakima, WA","53","Washington","077","Yakima","46.38024","-120.33266"
"03/25/2020","AirNow","530770015","5","5.6","ug/m3 LC","23","TOPPENISH - WARD RD (YAKAMA TRIBE)","1","100.0000","88101","PM2.5 - Local Conditions","49420","Yakima, WA","53","Washington","077","Yakima","46.38024","-120.33266"
"03/26/2020","AirNow","530770015","5","7.8","ug/m3 LC","33","TOPPENISH - WARD RD (YAKAMA TRIBE)","1","100.0000","88101","PM2.5 - Local Conditions","49420","Yakima, WA","53","Washington","077","Yakima","46.38024","-120.33266"
"03/27/2020","AirNow","530770015","5","4.1","ug/m3 LC","17","TOPPENISH - WARD RD (YAKAMA TRIBE)","1","100.0000","88101","PM2.5 - Local Conditions","49420","Yakima, WA","53","Washington","077","Yakima","46.38024","-120.33266"
"03/28/2020","AirNow","530770015","5","1.5","ug/m3 LC","6","TOPPENISH - WARD RD (YAKAMA TRIBE)","1","100.0000","88101","PM2.5 - Local Conditions","49420","Yakima, WA","53","Washington","077","Yakima","46.38024","-120.33266"
"03/29/2020","AirNow","530770015","5","2.2","ug/m3 LC","9","TOPPENISH - WARD RD (YAKAMA TRIBE)","1","100.0000","88101","PM2.5 - Local Conditions","49420","Yakima, WA","53","Washington","077","Yakima","46.38024","-120.33266"
"03/30/2020","AirNow","530770015","5","3","ug/m3 LC","13","TOPPENISH - WARD RD (YAKAMA TRIBE)","1","100.0000","88101","PM2.5 - Local Conditions","49420","Yakima, WA","53","Washington","077","Yakima","46.38024","-120.33266"
"03/31/2020","AirNow","530770015","5","3.4","ug/m3 LC","14","TOPPENISH - WARD RD (YAKAMA TRIBE)","1","100.0000","88101","PM2.5 - Local Conditions","49420","Yakima, WA","53","Washington","077","Yakima","46.38024","-120.33266"
"04/01/2020","AirNow","530770015","5","5.1","ug/m3 LC","21","TOPPENISH - WARD RD (YAKAMA TRIBE)","1","100.0000","88101","PM2.5 - Local Conditions","49420","Yakima, WA","53","Washington","077","Yakima","46.38024","-120.33266"
"04/02/2020","AirNow","530770015","5","10.5","ug/m3 LC","44","TOPPENISH - WARD RD (YAKAMA TRIBE)","1","100.0000","88101","PM2.5 - Local Conditions","49420","Yakima, WA","53","Washington","077","Yakima","46.38024","-120.33266"
"04/03/2020","AirNow","530770015","5","11","ug/m3 LC","46","TOPPENISH - WARD RD (YAKAMA TRIBE)","1","100.0000","88101","PM2.5 - Local Conditions","49420","Yakima, WA","53","Washington","077","Yakima","46.38024","-120.33266"
"04/04/2020","AirNow","530770015","5","6.1","ug/m3 LC","25","TOPPENISH - WARD RD (YAKAMA TRIBE)","1","100.0000","88101","PM2.5 - Local Conditions","49420","Yakima, WA","53","Washington","077","Yakima","46.38024","-120.33266"
"04/05/2020","AirNow","530770015","5","6.6","ug/m3 LC","28","TOPPENISH - WARD RD (YAKAMA TRIBE)","1","100.0000","88101","PM2.5 - Local Conditions","49420","Yakima, WA","53","Washington","077","Yakima","46.38024","-120.33266"
"04/06/2020","AirNow","530770015","5","6.7","ug/m3 LC","28","TOPPENISH - WARD RD (YAKAMA TRIBE)","1","100.0000","88101","PM2.5 - Local Conditions","49420","Yakima, WA","53","Washington","077","Yakima","46.38024","-120.33266"
"04/07/2020","AirNow","530770015","5","6.8","ug/m3 LC","28","TOPPENISH - WARD RD (YAKAMA TRIBE)","1","100.0000","88101","PM2.5 - Local Conditions","49420","Yakima, WA","53","Washington","077","Yakima","46.38024","-120.33266"
"04/08/2020","AirNow","530770015","5","9.3","ug/m3 LC","39","TOPPENISH - WARD RD (YAKAMA TRIBE)","1","100.0000","88101","PM2.5 - Local Conditions","49420","Yakima, WA","53","Washington","077","Yakima","46.38024","-120.33266"
"04/09/2020","AirNow","530770015","5","11.8","ug/m3 LC","49","TOPPENISH - WARD RD (YAKAMA TRIBE)","1","100.0000","88101","PM2.5 - Local Conditions","49420","Yakima, WA","53","Washington","077","Yakima","46.38024","-120.33266"
"04/10/2020","AirNow","530770015","5","6.3","ug/m3 LC","26","TOPPENISH - WARD RD (YAKAMA TRIBE)","1","100.0000","88101","PM2.5 - Local Conditions","49420","Yakima, WA","53","Washington","077","Yakima","46.38024","-120.33266"
"04/11/2020","AirNow","530770015","5","4","ug/m3 LC","17","TOPPENISH - WARD RD (YAKAMA TRIBE)","1","100.0000","88101","PM2.5 - Local Conditions","49420","Yakima, WA","53","Washington","077","Yakima","46.38024","-120.33266"
"04/12/2020","AirNow","530770015","5","4.8","ug/m3 LC","20","TOPPENISH - WARD RD (YAKAMA TRIBE)","1","100.0000","88101","PM2.5 - Local Conditions","49420","Yakima, WA","53","Washington","077","Yakima","46.38024","-120.33266"
"04/13/2020","AirNow","530770015","5","7.4","ug/m3 LC","31","TOPPENISH - WARD RD (YAKAMA TRIBE)","1","100.0000","88101","PM2.5 - Local Conditions","49420","Yakima, WA","53","Washington","077","Yakima","46.38024","-120.33266"
"04/14/2020","AirNow","530770015","5","5.9","ug/m3 LC","25","TOPPENISH - WARD RD (YAKAMA TRIBE)","1","100.0000","88101","PM2.5 - Local Conditions","49420","Yakima, WA","53","Washington","077","Yakima","46.38024","-120.33266"
"04/15/2020","AirNow","530770015","5","4.5","ug/m3 LC","19","TOPPENISH - WARD RD (YAKAMA TRIBE)","1","100.0000","88101","PM2.5 - Local Conditions","49420","Yakima, WA","53","Washington","077","Yakima","46.38024","-120.33266"
"04/16/2020","AirNow","530770015","5","4","ug/m3 LC","17","TOPPENISH - WARD RD (YAKAMA TRIBE)","1","100.0000","88101","PM2.5 - Local Conditions","49420","Yakima, WA","53","Washington","077","Yakima","46.38024","-120.33266"
"04/17/2020","AirNow","530770015","5","7.2","ug/m3 LC","30","TOPPENISH - WARD RD (YAKAMA TRIBE)","1","100.0000","88101","PM2.5 - Local Conditions","49420","Yakima, WA","53","Washington","077","Yakima","46.38024","-120.33266"
"04/18/2020","AirNow","530770015","5","5.7","ug/m3 LC","24","TOPPENISH - WARD RD (YAKAMA TRIBE)","1","100.0000","88101","PM2.5 - Local Conditions","49420","Yakima, WA","53","Washington","077","Yakima","46.38024","-120.33266"
"04/19/2020","AirNow","530770015","5","1.7","ug/m3 LC","7","TOPPENISH - WARD RD (YAKAMA TRIBE)","1","100.0000","88101","PM2.5 - Local Conditions","49420","Yakima, WA","53","Washington","077","Yakima","46.38024","-120.33266"
"04/20/2020","AirNow","530770015","5","4.5","ug/m3 LC","19","TOPPENISH - WARD RD (YAKAMA TRIBE)","1","100.0000","88101","PM2.5 - Local Conditions","49420","Yakima, WA","53","Washington","077","Yakima","46.38024","-120.33266"
"04/21/2020","AirNow","530770015","5","3.7","ug/m3 LC","15","TOPPENISH - WARD RD (YAKAMA TRIBE)","1","100.0000","88101","PM2.5 - Local Conditions","49420","Yakima, WA","53","Washington","077","Yakima","46.38024","-120.33266"
"04/22/2020","AirNow","530770015","5","4","ug/m3 LC","17","TOPPENISH - WARD RD (YAKAMA TRIBE)","1","100.0000","88101","PM2.5 - Local Conditions","49420","Yakima, WA","53","Washington","077","Yakima","46.38024","-120.33266"
"04/23/2020","AirNow","530770015","5","2.5","ug/m3 LC","10","TOPPENISH - WARD RD (YAKAMA TRIBE)","1","100.0000","88101","PM2.5 - Local Conditions","49420","Yakima, WA","53","Washington","077","Yakima","46.38024","-120.33266"
"01/01/2020","AQS","530770016","4","0.1","ug/m3 LC","0","White Swan-Yakama Tribe","1","100.0000","88502","Acceptable PM2.5 AQI & Speciation Mass","49420","Yakima, WA","53","Washington","077","Yakima","46.375430000942","-120.72932"
"01/02/2020","AQS","530770016","4","2.3","ug/m3 LC","10","White Swan-Yakama Tribe","1","100.0000","88502","Acceptable PM2.5 AQI & Speciation Mass","49420","Yakima, WA","53","Washington","077","Yakima","46.375430000942","-120.72932"
"01/03/2020","AQS","530770016","4","4.7","ug/m3 LC","20","White Swan-Yakama Tribe","1","100.0000","88502","Acceptable PM2.5 AQI & Speciation Mass","49420","Yakima, WA","53","Washington","077","Yakima","46.375430000942","-120.72932"
"01/04/2020","AQS","530770016","4","0.6","ug/m3 LC","3","White Swan-Yakama Tribe","1","100.0000","88502","Acceptable PM2.5 AQI & Speciation Mass","49420","Yakima, WA","53","Washington","077","Yakima","46.375430000942","-120.72932"
"01/05/2020","AQS","530770016","4","0.5","ug/m3 LC","2","White Swan-Yakama Tribe","1","100.0000","88502","Acceptable PM2.5 AQI & Speciation Mass","49420","Yakima, WA","53","Washington","077","Yakima","46.375430000942","-120.72932"
"01/06/2020","AQS","530770016","4","0","ug/m3 LC","0","White Swan-Yakama Tribe","1","100.0000","88502","Acceptable PM2.5 AQI & Speciation Mass","49420","Yakima, WA","53","Washington","077","Yakima","46.375430000942","-120.72932"
"01/07/2020","AQS","530770016","4","0","ug/m3 LC","0","White Swan-Yakama Tribe","1","100.0000","88502","Acceptable PM2.5 AQI & Speciation Mass","49420","Yakima, WA","53","Washington","077","Yakima","46.375430000942","-120.72932"
"01/08/2020","AQS","530770016","4","0.4","ug/m3 LC","2","White Swan-Yakama Tribe","1","100.0000","88502","Acceptable PM2.5 AQI & Speciation Mass","49420","Yakima, WA","53","Washington","077","Yakima","46.375430000942","-120.72932"
"01/09/2020","AQS","530770016","4","3.5","ug/m3 LC","15","White Swan-Yakama Tribe","1","100.0000","88502","Acceptable PM2.5 AQI & Speciation Mass","49420","Yakima, WA","53","Washington","077","Yakima","46.375430000942","-120.72932"
"01/10/2020","AQS","530770016","4","8.1","ug/m3 LC","34","White Swan-Yakama Tribe","1","100.0000","88502","Acceptable PM2.5 AQI & Speciation Mass","49420","Yakima, WA","53","Washington","077","Yakima","46.375430000942","-120.72932"
"01/11/2020","AQS","530770016","4","0.7","ug/m3 LC","3","White Swan-Yakama Tribe","1","100.0000","88502","Acceptable PM2.5 AQI & Speciation Mass","49420","Yakima, WA","53","Washington","077","Yakima","46.375430000942","-120.72932"
"01/12/2020","AQS","530770016","4","0.1","ug/m3 LC","0","White Swan-Yakama Tribe","1","100.0000","88502","Acceptable PM2.5 AQI & Speciation Mass","49420","Yakima, WA","53","Washington","077","Yakima","46.375430000942","-120.72932"
"01/13/2020","AQS","530770016","4","2","ug/m3 LC","8","White Swan-Yakama Tribe","1","100.0000","88502","Acceptable PM2.5 AQI & Speciation Mass","49420","Yakima, WA","53","Washington","077","Yakima","46.375430000942","-120.72932"
"01/14/2020","AQS","530770016","4","6.4","ug/m3 LC","27","White Swan-Yakama Tribe","1","100.0000","88502","Acceptable PM2.5 AQI & Speciation Mass","49420","Yakima, WA","53","Washington","077","Yakima","46.375430000942","-120.72932"
"01/15/2020","AQS","530770016","4","8","ug/m3 LC","33","White Swan-Yakama Tribe","1","100.0000","88502","Acceptable PM2.5 AQI & Speciation Mass","49420","Yakima, WA","53","Washington","077","Yakima","46.375430000942","-120.72932"
"01/16/2020","AQS","530770016","4","6.5","ug/m3 LC","27","White Swan-Yakama Tribe","1","100.0000","88502","Acceptable PM2.5 AQI & Speciation Mass","49420","Yakima, WA","53","Washington","077","Yakima","46.375430000942","-120.72932"
"01/17/2020","AQS","530770016","4","11.8","ug/m3 LC","49","White Swan-Yakama Tribe","1","100.0000","88502","Acceptable PM2.5 AQI & Speciation Mass","49420","Yakima, WA","53","Washington","077","Yakima","46.375430000942","-120.72932"
"01/18/2020","AQS","530770016","4","15.6","ug/m3 LC","58","White Swan-Yakama Tribe","1","100.0000","88502","Acceptable PM2.5 AQI & Speciation Mass","49420","Yakima, WA","53","Washington","077","Yakima","46.375430000942","-120.72932"
"01/19/2020","AQS","530770016","4","14.3","ug/m3 LC","56","White Swan-Yakama Tribe","1","100.0000","88502","Acceptable PM2.5 AQI & Speciation Mass","49420","Yakima, WA","53","Washington","077","Yakima","46.375430000942","-120.72932"
"01/20/2020","AQS","530770016","4","5.3","ug/m3 LC","22","White Swan-Yakama Tribe","1","100.0000","88502","Acceptable PM2.5 AQI & Speciation Mass","49420","Yakima, WA","53","Washington","077","Yakima","46.375430000942","-120.72932"
"01/21/2020","AQS","530770016","4","7.2","ug/m3 LC","30","White Swan-Yakama Tribe","1","100.0000","88502","Acceptable PM2.5 AQI & Speciation Mass","49420","Yakima, WA","53","Washington","077","Yakima","46.375430000942","-120.72932"
"01/22/2020","AQS","530770016","4","3.2","ug/m3 LC","13","White Swan-Yakama Tribe","1","100.0000","88502","Acceptable PM2.5 AQI & Speciation Mass","49420","Yakima, WA","53","Washington","077","Yakima","46.375430000942","-120.72932"
"01/23/2020","AQS","530770016","4","6.6","ug/m3 LC","28","White Swan-Yakama Tribe","1","100.0000","88502","Acceptable PM2.5 AQI & Speciation Mass","49420","Yakima, WA","53","Washington","077","Yakima","46.375430000942","-120.72932"
"01/24/2020","AQS","530770016","4","3.3","ug/m3 LC","14","White Swan-Yakama Tribe","1","100.0000","88502","Acceptable PM2.5 AQI & Speciation Mass","49420","Yakima, WA","53","Washington","077","Yakima","46.375430000942","-120.72932"
"01/25/2020","AQS","530770016","4","3.6","ug/m3 LC","15","White Swan-Yakama Tribe","1","100.0000","88502","Acceptable PM2.5 AQI & Speciation Mass","49420","Yakima, WA","53","Washington","077","Yakima","46.375430000942","-120.72932"
"01/26/2020","AQS","530770016","4","2.4","ug/m3 LC","10","White Swan-Yakama Tribe","1","100.0000","88502","Acceptable PM2.5 AQI & Speciation Mass","49420","Yakima, WA","53","Washington","077","Yakima","46.375430000942","-120.72932"
"01/27/2020","AQS","530770016","4","0.9","ug/m3 LC","4","White Swan-Yakama Tribe","1","100.0000","88502","Acceptable PM2.5 AQI & Speciation Mass","49420","Yakima, WA","53","Washington","077","Yakima","46.375430000942","-120.72932"
"01/28/2020","AQS","530770016","4","2.2","ug/m3 LC","9","White Swan-Yakama Tribe","1","100.0000","88502","Acceptable PM2.5 AQI & Speciation Mass","49420","Yakima, WA","53","Washington","077","Yakima","46.375430000942","-120.72932"
"01/29/2020","AQS","530770016","4","5.4","ug/m3 LC","23","White Swan-Yakama Tribe","1","100.0000","88502","Acceptable PM2.5 AQI & Speciation Mass","49420","Yakima, WA","53","Washington","077","Yakima","46.375430000942","-120.72932"
"01/30/2020","AQS","530770016","4","4.8","ug/m3 LC","20","White Swan-Yakama Tribe","1","100.0000","88502","Acceptable PM2.5 AQI & Speciation Mass","49420","Yakima, WA","53","Washington","077","Yakima","46.375430000942","-120.72932"
"01/31/2020","AQS","530770016","4","1.9","ug/m3 LC","8","White Swan-Yakama Tribe","1","100.0000","88502","Acceptable PM2.5 AQI & Speciation Mass","49420","Yakima, WA","53","Washington","077","Yakima","46.375430000942","-120.72932"
"02/01/2020","AirNow","530770016","4","0.6","ug/m3 LC","3","White Swan-Yakama Tribe","1","100.0000","88502","Acceptable PM2.5 AQI & Speciation Mass","49420","Yakima, WA","53","Washington","077","Yakima","46.375430000942","-120.72932"
"02/02/2020","AirNow","530770016","4","2.3","ug/m3 LC","10","White Swan-Yakama Tribe","1","100.0000","88502","Acceptable PM2.5 AQI & Speciation Mass","49420","Yakima, WA","53","Washington","077","Yakima","46.375430000942","-120.72932"
"02/03/2020","AirNow","530770016","4","2.8","ug/m3 LC","12","White Swan-Yakama Tribe","1","100.0000","88502","Acceptable PM2.5 AQI & Speciation Mass","49420","Yakima, WA","53","Washington","077","Yakima","46.375430000942","-120.72932"
"02/04/2020","AirNow","530770016","4","5.1","ug/m3 LC","21","White Swan-Yakama Tribe","1","100.0000","88502","Acceptable PM2.5 AQI & Speciation Mass","49420","Yakima, WA","53","Washington","077","Yakima","46.375430000942","-120.72932"
"02/05/2020","AirNow","530770016","4","7.9","ug/m3 LC","33","White Swan-Yakama Tribe","1","100.0000","88502","Acceptable PM2.5 AQI & Speciation Mass","49420","Yakima, WA","53","Washington","077","Yakima","46.375430000942","-120.72932"
"02/06/2020","AirNow","530770016","4","5.1","ug/m3 LC","21","White Swan-Yakama Tribe","1","100.0000","88502","Acceptable PM2.5 AQI & Speciation Mass","49420","Yakima, WA","53","Washington","077","Yakima","46.375430000942","-120.72932"
"02/07/2020","AirNow","530770016","4","2.7","ug/m3 LC","11","White Swan-Yakama Tribe","1","100.0000","88502","Acceptable PM2.5 AQI & Speciation Mass","49420","Yakima, WA","53","Washington","077","Yakima","46.375430000942","-120.72932"
"02/08/2020","AirNow","530770016","4","0.5","ug/m3 LC","2","White Swan-Yakama Tribe","1","100.0000","88502","Acceptable PM2.5 AQI & Speciation Mass","49420","Yakima, WA","53","Washington","077","Yakima","46.375430000942","-120.72932"
"02/09/2020","AirNow","530770016","4","1.8","ug/m3 LC","8","White Swan-Yakama Tribe","1","100.0000","88502","Acceptable PM2.5 AQI & Speciation Mass","49420","Yakima, WA","53","Washington","077","Yakima","46.375430000942","-120.72932"
"02/10/2020","AirNow","530770016","4","2.2","ug/m3 LC","9","White Swan-Yakama Tribe","1","100.0000","88502","Acceptable PM2.5 AQI & Speciation Mass","49420","Yakima, WA","53","Washington","077","Yakima","46.375430000942","-120.72932"
"02/11/2020","AirNow","530770016","4","4","ug/m3 LC","17","White Swan-Yakama Tribe","1","100.0000","88502","Acceptable PM2.5 AQI & Speciation Mass","49420","Yakima, WA","53","Washington","077","Yakima","46.375430000942","-120.72932"
"02/12/2020","AirNow","530770016","4","1.6","ug/m3 LC","7","White Swan-Yakama Tribe","1","100.0000","88502","Acceptable PM2.5 AQI & Speciation Mass","49420","Yakima, WA","53","Washington","077","Yakima","46.375430000942","-120.72932"
"02/13/2020","AirNow","530770016","4","3","ug/m3 LC","13","White Swan-Yakama Tribe","1","100.0000","88502","Acceptable PM2.5 AQI & Speciation Mass","49420","Yakima, WA","53","Washington","077","Yakima","46.375430000942","-120.72932"
"02/14/2020","AirNow","530770016","4","0.2","ug/m3 LC","1","White Swan-Yakama Tribe","1","100.0000","88502","Acceptable PM2.5 AQI & Speciation Mass","49420","Yakima, WA","53","Washington","077","Yakima","46.375430000942","-120.72932"
"02/15/2020","AirNow","530770016","4","0.6","ug/m3 LC","3","White Swan-Yakama Tribe","1","100.0000","88502","Acceptable PM2.5 AQI & Speciation Mass","49420","Yakima, WA","53","Washington","077","Yakima","46.375430000942","-120.72932"
"02/16/2020","AirNow","530770016","4","0.9","ug/m3 LC","4","White Swan-Yakama Tribe","1","100.0000","88502","Acceptable PM2.5 AQI & Speciation Mass","49420","Yakima, WA","53","Washington","077","Yakima","46.375430000942","-120.72932"
"02/17/2020","AirNow","530770016","4","1.4","ug/m3 LC","6","White Swan-Yakama Tribe","1","100.0000","88502","Acceptable PM2.5 AQI & Speciation Mass","49420","Yakima, WA","53","Washington","077","Yakima","46.375430000942","-120.72932"
"02/18/2020","AirNow","530770016","4","2.8","ug/m3 LC","12","White Swan-Yakama Tribe","1","100.0000","88502","Acceptable PM2.5 AQI & Speciation Mass","49420","Yakima, WA","53","Washington","077","Yakima","46.375430000942","-120.72932"
"02/19/2020","AirNow","530770016","4","2.2","ug/m3 LC","9","White Swan-Yakama Tribe","1","100.0000","88502","Acceptable PM2.5 AQI & Speciation Mass","49420","Yakima, WA","53","Washington","077","Yakima","46.375430000942","-120.72932"
"02/20/2020","AirNow","530770016","4","3.7","ug/m3 LC","15","White Swan-Yakama Tribe","1","100.0000","88502","Acceptable PM2.5 AQI & Speciation Mass","49420","Yakima, WA","53","Washington","077","Yakima","46.375430000942","-120.72932"
"02/21/2020","AirNow","530770016","4","6.5","ug/m3 LC","27","White Swan-Yakama Tribe","1","100.0000","88502","Acceptable PM2.5 AQI & Speciation Mass","49420","Yakima, WA","53","Washington","077","Yakima","46.375430000942","-120.72932"
"02/22/2020","AirNow","530770016","4","10.2","ug/m3 LC","43","White Swan-Yakama Tribe","1","100.0000","88502","Acceptable PM2.5 AQI & Speciation Mass","49420","Yakima, WA","53","Washington","077","Yakima","46.375430000942","-120.72932"
"02/23/2020","AirNow","530770016","4","1.1","ug/m3 LC","5","White Swan-Yakama Tribe","1","100.0000","88502","Acceptable PM2.5 AQI & Speciation Mass","49420","Yakima, WA","53","Washington","077","Yakima","46.375430000942","-120.72932"
"02/24/2020","AirNow","530770016","4","2.2","ug/m3 LC","9","White Swan-Yakama Tribe","1","100.0000","88502","Acceptable PM2.5 AQI & Speciation Mass","49420","Yakima, WA","53","Washington","077","Yakima","46.375430000942","-120.72932"
"02/25/2020","AirNow","530770016","4","6.6","ug/m3 LC","28","White Swan-Yakama Tribe","1","100.0000","88502","Acceptable PM2.5 AQI & Speciation Mass","49420","Yakima, WA","53","Washington","077","Yakima","46.375430000942","-120.72932"
"02/26/2020","AirNow","530770016","4","7","ug/m3 LC","29","White Swan-Yakama Tribe","1","100.0000","88502","Acceptable PM2.5 AQI & Speciation Mass","49420","Yakima, WA","53","Washington","077","Yakima","46.375430000942","-120.72932"
"02/27/2020","AirNow","530770016","4","4","ug/m3 LC","17","White Swan-Yakama Tribe","1","100.0000","88502","Acceptable PM2.5 AQI & Speciation Mass","49420","Yakima, WA","53","Washington","077","Yakima","46.375430000942","-120.72932"
"02/28/2020","AirNow","530770016","4","3.2","ug/m3 LC","13","White Swan-Yakama Tribe","1","100.0000","88502","Acceptable PM2.5 AQI & Speciation Mass","49420","Yakima, WA","53","Washington","077","Yakima","46.375430000942","-120.72932"
"02/29/2020","AirNow","530770016","4","0.5","ug/m3 LC","2","White Swan-Yakama Tribe","1","100.0000","88502","Acceptable PM2.5 AQI & Speciation Mass","49420","Yakima, WA","53","Washington","077","Yakima","46.375430000942","-120.72932"
"03/01/2020","AirNow","530770016","4","1.4","ug/m3 LC","6","White Swan-Yakama Tribe","1","100.0000","88502","Acceptable PM2.5 AQI & Speciation Mass","49420","Yakima, WA","53","Washington","077","Yakima","46.375430000942","-120.72932"
"03/02/2020","AirNow","530770016","4","1.5","ug/m3 LC","6","White Swan-Yakama Tribe","1","100.0000","88502","Acceptable PM2.5 AQI & Speciation Mass","49420","Yakima, WA","53","Washington","077","Yakima","46.375430000942","-120.72932"
"03/03/2020","AirNow","530770016","4","0.5","ug/m3 LC","2","White Swan-Yakama Tribe","1","100.0000","88502","Acceptable PM2.5 AQI & Speciation Mass","49420","Yakima, WA","53","Washington","077","Yakima","46.375430000942","-120.72932"
"03/04/2020","AirNow","530770016","4","1.6","ug/m3 LC","7","White Swan-Yakama Tribe","1","100.0000","88502","Acceptable PM2.5 AQI & Speciation Mass","49420","Yakima, WA","53","Washington","077","Yakima","46.375430000942","-120.72932"
"03/05/2020","AirNow","530770016","4","3.6","ug/m3 LC","15","White Swan-Yakama Tribe","1","100.0000","88502","Acceptable PM2.5 AQI & Speciation Mass","49420","Yakima, WA","53","Washington","077","Yakima","46.375430000942","-120.72932"
"03/06/2020","AirNow","530770016","4","0.8","ug/m3 LC","3","White Swan-Yakama Tribe","1","100.0000","88502","Acceptable PM2.5 AQI & Speciation Mass","49420","Yakima, WA","53","Washington","077","Yakima","46.375430000942","-120.72932"
"03/07/2020","AirNow","530770016","4","0.4","ug/m3 LC","2","White Swan-Yakama Tribe","1","100.0000","88502","Acceptable PM2.5 AQI & Speciation Mass","49420","Yakima, WA","53","Washington","077","Yakima","46.375430000942","-120.72932"
"03/08/2020","AirNow","530770016","4","2.8","ug/m3 LC","12","White Swan-Yakama Tribe","1","100.0000","88502","Acceptable PM2.5 AQI & Speciation Mass","49420","Yakima, WA","53","Washington","077","Yakima","46.375430000942","-120.72932"
"03/09/2020","AirNow","530770016","4","3.2","ug/m3 LC","13","White Swan-Yakama Tribe","1","100.0000","88502","Acceptable PM2.5 AQI & Speciation Mass","49420","Yakima, WA","53","Washington","077","Yakima","46.375430000942","-120.72932"
"03/10/2020","AirNow","530770016","4","3.4","ug/m3 LC","14","White Swan-Yakama Tribe","1","100.0000","88502","Acceptable PM2.5 AQI & Speciation Mass","49420","Yakima, WA","53","Washington","077","Yakima","46.375430000942","-120.72932"
"03/11/2020","AirNow","530770016","4","1.7","ug/m3 LC","7","White Swan-Yakama Tribe","1","100.0000","88502","Acceptable PM2.5 AQI & Speciation Mass","49420","Yakima, WA","53","Washington","077","Yakima","46.375430000942","-120.72932"
"03/12/2020","AirNow","530770016","4","2.6","ug/m3 LC","11","White Swan-Yakama Tribe","1","100.0000","88502","Acceptable PM2.5 AQI & Speciation Mass","49420","Yakima, WA","53","Washington","077","Yakima","46.375430000942","-120.72932"
"03/13/2020","AirNow","530770016","4","2.7","ug/m3 LC","11","White Swan-Yakama Tribe","1","100.0000","88502","Acceptable PM2.5 AQI & Speciation Mass","49420","Yakima, WA","53","Washington","077","Yakima","46.375430000942","-120.72932"
"03/14/2020","AirNow","530770016","4","3.2","ug/m3 LC","13","White Swan-Yakama Tribe","1","100.0000","88502","Acceptable PM2.5 AQI & Speciation Mass","49420","Yakima, WA","53","Washington","077","Yakima","46.375430000942","-120.72932"
"03/15/2020","AirNow","530770016","4","3","ug/m3 LC","13","White Swan-Yakama Tribe","1","100.0000","88502","Acceptable PM2.5 AQI & Speciation Mass","49420","Yakima, WA","53","Washington","077","Yakima","46.375430000942","-120.72932"
"03/16/2020","AirNow","530770016","4","2.4","ug/m3 LC","10","White Swan-Yakama Tribe","1","100.0000","88502","Acceptable PM2.5 AQI & Speciation Mass","49420","Yakima, WA","53","Washington","077","Yakima","46.375430000942","-120.72932"
"03/17/2020","AirNow","530770016","4","4.9","ug/m3 LC","20","White Swan-Yakama Tribe","1","100.0000","88502","Acceptable PM2.5 AQI & Speciation Mass","49420","Yakima, WA","53","Washington","077","Yakima","46.375430000942","-120.72932"
"03/18/2020","AirNow","530770016","4","5.3","ug/m3 LC","22","White Swan-Yakama Tribe","1","100.0000","88502","Acceptable PM2.5 AQI & Speciation Mass","49420","Yakima, WA","53","Washington","077","Yakima","46.375430000942","-120.72932"
"03/19/2020","AirNow","530770016","4","5.7","ug/m3 LC","24","White Swan-Yakama Tribe","1","100.0000","88502","Acceptable PM2.5 AQI & Speciation Mass","49420","Yakima, WA","53","Washington","077","Yakima","46.375430000942","-120.72932"
"03/20/2020","AirNow","530770016","4","5.8","ug/m3 LC","24","White Swan-Yakama Tribe","1","100.0000","88502","Acceptable PM2.5 AQI & Speciation Mass","49420","Yakima, WA","53","Washington","077","Yakima","46.375430000942","-120.72932"
"03/21/2020","AirNow","530770016","4","3.5","ug/m3 LC","15","White Swan-Yakama Tribe","1","100.0000","88502","Acceptable PM2.5 AQI & Speciation Mass","49420","Yakima, WA","53","Washington","077","Yakima","46.375430000942","-120.72932"
"03/22/2020","AirNow","530770016","4","3.9","ug/m3 LC","16","White Swan-Yakama Tribe","1","100.0000","88502","Acceptable PM2.5 AQI & Speciation Mass","49420","Yakima, WA","53","Washington","077","Yakima","46.375430000942","-120.72932"
"03/23/2020","AirNow","530770016","4","1.4","ug/m3 LC","6","White Swan-Yakama Tribe","1","100.0000","88502","Acceptable PM2.5 AQI & Speciation Mass","49420","Yakima, WA","53","Washington","077","Yakima","46.375430000942","-120.72932"
"03/24/2020","AirNow","530770016","4","0.2","ug/m3 LC","1","White Swan-Yakama Tribe","1","100.0000","88502","Acceptable PM2.5 AQI & Speciation Mass","49420","Yakima, WA","53","Washington","077","Yakima","46.375430000942","-120.72932"
"03/25/2020","AirNow","530770016","4","0.5","ug/m3 LC","2","White Swan-Yakama Tribe","1","100.0000","88502","Acceptable PM2.5 AQI & Speciation Mass","49420","Yakima, WA","53","Washington","077","Yakima","46.375430000942","-120.72932"
"03/26/2020","AirNow","530770016","4","2.7","ug/m3 LC","11","White Swan-Yakama Tribe","1","100.0000","88502","Acceptable PM2.5 AQI & Speciation Mass","49420","Yakima, WA","53","Washington","077","Yakima","46.375430000942","-120.72932"
"03/27/2020","AirNow","530770016","4","2","ug/m3 LC","8","White Swan-Yakama Tribe","1","100.0000","88502","Acceptable PM2.5 AQI & Speciation Mass","49420","Yakima, WA","53","Washington","077","Yakima","46.375430000942","-120.72932"
"03/28/2020","AirNow","530770016","4","0.1","ug/m3 LC","0","White Swan-Yakama Tribe","1","100.0000","88502","Acceptable PM2.5 AQI & Speciation Mass","49420","Yakima, WA","53","Washington","077","Yakima","46.375430000942","-120.72932"
"03/29/2020","AirNow","530770016","4","0.4","ug/m3 LC","2","White Swan-Yakama Tribe","1","100.0000","88502","Acceptable PM2.5 AQI & Speciation Mass","49420","Yakima, WA","53","Washington","077","Yakima","46.375430000942","-120.72932"
"03/30/2020","AirNow","530770016","4","0.2","ug/m3 LC","1","White Swan-Yakama Tribe","1","100.0000","88502","Acceptable PM2.5 AQI & Speciation Mass","49420","Yakima, WA","53","Washington","077","Yakima","46.375430000942","-120.72932"
"03/31/2020","AirNow","530770016","4","0.1","ug/m3 LC","0","White Swan-Yakama Tribe","1","100.0000","88502","Acceptable PM2.5 AQI & Speciation Mass","49420","Yakima, WA","53","Washington","077","Yakima","46.375430000942","-120.72932"
"04/01/2020","AirNow","530770016","4","0.8","ug/m3 LC","3","White Swan-Yakama Tribe","1","100.0000","88502","Acceptable PM2.5 AQI & Speciation Mass","49420","Yakima, WA","53","Washington","077","Yakima","46.375430000942","-120.72932"
"04/02/2020","AirNow","530770016","4","1.3","ug/m3 LC","5","White Swan-Yakama Tribe","1","100.0000","88502","Acceptable PM2.5 AQI & Speciation Mass","49420","Yakima, WA","53","Washington","077","Yakima","46.375430000942","-120.72932"
"04/03/2020","AirNow","530770016","4","2.7","ug/m3 LC","11","White Swan-Yakama Tribe","1","100.0000","88502","Acceptable PM2.5 AQI & Speciation Mass","49420","Yakima, WA","53","Washington","077","Yakima","46.375430000942","-120.72932"
"04/04/2020","AirNow","530770016","4","2.8","ug/m3 LC","12","White Swan-Yakama Tribe","1","100.0000","88502","Acceptable PM2.5 AQI & Speciation Mass","49420","Yakima, WA","53","Washington","077","Yakima","46.375430000942","-120.72932"
"04/05/2020","AirNow","530770016","4","2.9","ug/m3 LC","12","White Swan-Yakama Tribe","1","100.0000","88502","Acceptable PM2.5 AQI & Speciation Mass","49420","Yakima, WA","53","Washington","077","Yakima","46.375430000942","-120.72932"
"04/06/2020","AirNow","530770016","4","2.5","ug/m3 LC","10","White Swan-Yakama Tribe","1","100.0000","88502","Acceptable PM2.5 AQI & Speciation Mass","49420","Yakima, WA","53","Washington","077","Yakima","46.375430000942","-120.72932"
"04/07/2020","AirNow","530770016","4","4.5","ug/m3 LC","19","White Swan-Yakama Tribe","1","100.0000","88502","Acceptable PM2.5 AQI & Speciation Mass","49420","Yakima, WA","53","Washington","077","Yakima","46.375430000942","-120.72932"
"04/08/2020","AirNow","530770016","4","4.8","ug/m3 LC","20","White Swan-Yakama Tribe","1","100.0000","88502","Acceptable PM2.5 AQI & Speciation Mass","49420","Yakima, WA","53","Washington","077","Yakima","46.375430000942","-120.72932"
"04/09/2020","AirNow","530770016","4","5.9","ug/m3 LC","25","White Swan-Yakama Tribe","1","100.0000","88502","Acceptable PM2.5 AQI & Speciation Mass","49420","Yakima, WA","53","Washington","077","Yakima","46.375430000942","-120.72932"
"04/10/2020","AirNow","530770016","4","3","ug/m3 LC","13","White Swan-Yakama Tribe","1","100.0000","88502","Acceptable PM2.5 AQI & Speciation Mass","49420","Yakima, WA","53","Washington","077","Yakima","46.375430000942","-120.72932"
"04/11/2020","AirNow","530770016","4","2.2","ug/m3 LC","9","White Swan-Yakama Tribe","1","100.0000","88502","Acceptable PM2.5 AQI & Speciation Mass","49420","Yakima, WA","53","Washington","077","Yakima","46.375430000942","-120.72932"
"04/12/2020","AirNow","530770016","4","2.9","ug/m3 LC","12","White Swan-Yakama Tribe","1","100.0000","88502","Acceptable PM2.5 AQI & Speciation Mass","49420","Yakima, WA","53","Washington","077","Yakima","46.375430000942","-120.72932"
"04/13/2020","AirNow","530770016","4","3.4","ug/m3 LC","14","White Swan-Yakama Tribe","1","100.0000","88502","Acceptable PM2.5 AQI & Speciation Mass","49420","Yakima, WA","53","Washington","077","Yakima","46.375430000942","-120.72932"
"04/14/2020","AirNow","530770016","4","3.2","ug/m3 LC","13","White Swan-Yakama Tribe","1","100.0000","88502","Acceptable PM2.5 AQI & Speciation Mass","49420","Yakima, WA","53","Washington","077","Yakima","46.375430000942","-120.72932"
"04/15/2020","AirNow","530770016","4","2.2","ug/m3 LC","9","White Swan-Yakama Tribe","1","100.0000","88502","Acceptable PM2.5 AQI & Speciation Mass","49420","Yakima, WA","53","Washington","077","Yakima","46.375430000942","-120.72932"
"04/16/2020","AirNow","530770016","4","2","ug/m3 LC","8","White Swan-Yakama Tribe","1","100.0000","88502","Acceptable PM2.5 AQI & Speciation Mass","49420","Yakima, WA","53","Washington","077","Yakima","46.375430000942","-120.72932"
"04/17/2020","AirNow","530770016","4","3.3","ug/m3 LC","14","White Swan-Yakama Tribe","1","100.0000","88502","Acceptable PM2.5 AQI & Speciation Mass","49420","Yakima, WA","53","Washington","077","Yakima","46.375430000942","-120.72932"
"04/18/2020","AirNow","530770016","4","2.8","ug/m3 LC","12","White Swan-Yakama Tribe","1","100.0000","88502","Acceptable PM2.5 AQI & Speciation Mass","49420","Yakima, WA","53","Washington","077","Yakima","46.375430000942","-120.72932"
"04/19/2020","AirNow","530770016","4","2","ug/m3 LC","8","White Swan-Yakama Tribe","1","100.0000","88502","Acceptable PM2.5 AQI & Speciation Mass","49420","Yakima, WA","53","Washington","077","Yakima","46.375430000942","-120.72932"
"04/20/2020","AirNow","530770016","4","2.6","ug/m3 LC","11","White Swan-Yakama Tribe","1","100.0000","88502","Acceptable PM2.5 AQI & Speciation Mass","49420","Yakima, WA","53","Washington","077","Yakima","46.375430000942","-120.72932"
"04/21/2020","AirNow","530770016","4","2.1","ug/m3 LC","9","White Swan-Yakama Tribe","1","100.0000","88502","Acceptable PM2.5 AQI & Speciation Mass","49420","Yakima, WA","53","Washington","077","Yakima","46.375430000942","-120.72932"
"04/22/2020","AirNow","530770016","4","1.9","ug/m3 LC","8","White Swan-Yakama Tribe","1","100.0000","88502","Acceptable PM2.5 AQI & Speciation Mass","49420","Yakima, WA","53","Washington","077","Yakima","46.375430000942","-120.72932"
"04/23/2020","AirNow","530770016","4","0.7","ug/m3 LC","3","White Swan-Yakama Tribe","1","100.0000","88502","Acceptable PM2.5 AQI & Speciation Mass","49420","Yakima, WA","53","Washington","077","Yakima","46.375430000942","-120.72932"
"04/24/2020","AirNow","530770016","4","1.6","ug/m3 LC","7","White Swan-Yakama Tribe","1","100.0000","88502","Acceptable PM2.5 AQI & Speciation Mass","49420","Yakima, WA","53","Washington","077","Yakima","46.375430000942","-120.72932"
"04/25/2020","AirNow","530770016","4","2.2","ug/m3 LC","9","White Swan-Yakama Tribe","1","100.0000","88502","Acceptable PM2.5 AQI & Speciation Mass","49420","Yakima, WA","53","Washington","077","Yakima","46.375430000942","-120.72932"
"04/26/2020","AirNow","530770016","4","2.2","ug/m3 LC","9","White Swan-Yakama Tribe","1","100.0000","88502","Acceptable PM2.5 AQI & Speciation Mass","49420","Yakima, WA","53","Washington","077","Yakima","46.375430000942","-120.72932"
"04/27/2020","AirNow","530770016","4","1.6","ug/m3 LC","7","White Swan-Yakama Tribe","1","100.0000","88502","Acceptable PM2.5 AQI & Speciation Mass","49420","Yakima, WA","53","Washington","077","Yakima","46.375430000942","-120.72932"
"04/28/2020","AirNow","530770016","4","3.5","ug/m3 LC","15","White Swan-Yakama Tribe","1","100.0000","88502","Acceptable PM2.5 AQI & Speciation Mass","49420","Yakima, WA","53","Washington","077","Yakima","46.375430000942","-120.72932"
"04/29/2020","AirNow","530770016","4","2.5","ug/m3 LC","10","White Swan-Yakama Tribe","1","100.0000","88502","Acceptable PM2.5 AQI & Speciation Mass","49420","Yakima, WA","53","Washington","077","Yakima","46.375430000942","-120.72932"
"04/30/2020","AirNow","530770016","4","1.2","ug/m3 LC","5","White Swan-Yakama Tribe","1","100.0000","88502","Acceptable PM2.5 AQI & Speciation Mass","49420","Yakima, WA","53","Washington","077","Yakima","46.375430000942","-120.72932"
"05/01/2020","AirNow","530770016","4","2.1","ug/m3 LC","9","White Swan-Yakama Tribe","1","100.0000","88502","Acceptable PM2.5 AQI & Speciation Mass","49420","Yakima, WA","53","Washington","077","Yakima","46.375430000942","-120.72932"
"05/02/2020","AirNow","530770016","4","2.2","ug/m3 LC","9","White Swan-Yakama Tribe","1","100.0000","88502","Acceptable PM2.5 AQI & Speciation Mass","49420","Yakima, WA","53","Washington","077","Yakima","46.375430000942","-120.72932"
